 Bin | Vol (cm^3) | T (kT) | kT_lo  |  kT_hi |  n (cm^-3) |       n_lo |       n_hi | P (erg cm^-3) |       P_lo |       P_hi |      Yparm 
   0 | 5.2971e+69 | 6.5636 | 0.5811 | 0.7639 |  0.0045975 | 0.00093886 | 0.00094637 |    4.8342e-11 |  1.076e-11 | 1.1431e-11 | 1.8773e-06 
   1 |  7.254e+69 | 5.7026 | 0.5598 | 0.6237 |  0.0037121 | 0.00074874 |   0.000767 |    3.3913e-11 | 7.6072e-12 | 7.9281e-12 | 1.8915e-06 
   2 | 8.6568e+69 | 5.1052 | 0.3993 | 0.4724 |  0.0032673 | 0.00070391 | 0.00071781 |    2.6722e-11 | 6.1246e-12 | 6.3701e-12 | 1.8071e-06 
   3 | 1.0252e+70 | 5.0986 | 0.3994 |  0.442 |  0.0031205 | 0.00068313 | 0.00069617 |    2.5488e-11 | 5.9263e-12 | 6.1005e-12 | 1.4281e-06 
   4 | 1.1905e+70 | 5.0963 |  0.414 | 0.4656 |  0.0028333 | 0.00060506 |  0.0006178 |    2.3132e-11 | 5.2852e-12 | 5.4687e-12 |  1.549e-06 
   5 |  1.346e+70 | 5.8785 | 0.5748 | 0.6196 |  0.0023803 | 0.00050259 | 0.00050547 |    2.2416e-11 | 5.2159e-12 | 5.3143e-12 | 1.8758e-06 
   6 | 1.5463e+70 | 4.9197 | 0.3927 | 0.4032 |  0.0021795 | 0.00047881 | 0.00048787 |    1.7178e-11 |  4.015e-12 | 4.0947e-12 | 1.2131e-06 
   7 | 1.7986e+70 | 4.8194 | 0.3912 | 0.3974 |  0.0019486 | 0.00045004 | 0.00045836 |    1.5045e-11 |  3.683e-12 |   3.75e-12 | 1.3108e-06 
   8 |   1.92e+70 | 4.0579 | 0.3091 | 0.3563 |  0.0019187 | 0.00044125 | 0.00044717 |    1.2473e-11 | 3.0217e-12 | 3.1064e-12 | 9.8405e-07 
   9 | 2.0268e+70 | 4.1933 | 0.3266 | 0.4376 |  0.0017688 | 0.00040733 | 0.00037493 |    1.1882e-11 | 2.8886e-12 | 2.8073e-12 | 1.1981e-06 
  10 | 2.2298e+70 | 4.6702 | 0.4198 | 0.4401 |  0.0015673 | 0.00035454 | 0.00036188 |    1.1726e-11 | 2.8543e-12 | 2.9243e-12 | 1.0631e-06 
  11 | 2.3061e+70 | 4.3029 | 0.3194 | 0.5872 |    0.00152 | 0.00036761 | 0.00035326 |    1.0478e-11 | 2.6507e-12 | 2.8239e-12 | 9.0368e-07 
  12 | 2.2936e+70 | 3.7609 |  0.304 | 0.3133 |  0.0014841 | 0.00036391 |  0.0003733 |    8.9419e-12 | 2.3086e-12 | 2.3692e-12 | 6.9714e-07 
  13 | 2.5268e+70 | 3.8311 | 0.2988 | 0.3059 |  0.0013864 | 0.00033411 |  0.0003428 |    8.5089e-12 | 2.1553e-12 | 2.2109e-12 |  8.548e-07 
  14 | 2.9454e+70 |  3.873 | 0.3277 | 0.3476 |  0.0012699 | 0.00030103 | 0.00028202 |    7.8789e-12 | 1.9832e-12 | 1.8873e-12 | 7.5157e-07 
  15 | 2.8686e+70 |  3.978 | 0.3335 | 0.3576 |  0.0012538 | 0.00029677 |   0.000305 |    7.9901e-12 | 2.0064e-12 | 2.0722e-12 | 6.9177e-07 
  16 | 3.4575e+70 | 3.9846 | 0.3363 | 0.3749 |  0.0011707 | 0.00024634 | 0.00022644 |     7.473e-12 | 1.6942e-12 | 1.6074e-12 | 8.5195e-07 
  17 | 3.6811e+70 | 3.6459 | 0.3094 |  0.342 |  0.0011176 | 0.00027462 | 0.00028068 |    6.5277e-12 |  1.697e-12 |   1.75e-12 | 6.4612e-07 
  18 |  4.661e+70 | 3.5132 | 0.2635 | 0.3395 |  0.0010128 | 0.00025777 | 0.00026575 |    5.7003e-12 | 1.5124e-12 | 1.5939e-12 | 6.9361e-07 
  19 | 5.1661e+70 | 3.5864 | 0.3134 | 0.3602 | 0.00098773 | 0.00022333 | 0.00020014 |    5.6749e-12 | 1.3756e-12 | 1.2834e-12 | 5.6754e-07 
  20 |  5.644e+70 | 3.2871 | 0.2637 | 0.3258 | 0.00095308 | 0.00024894 | 0.00025387 |    5.0189e-12 | 1.3713e-12 | 1.4264e-12 | 6.2319e-07 
  21 | 6.0834e+70 | 3.2577 | 0.2747 | 0.3106 | 0.00090224 | 0.00023797 |  0.0001996 |    4.7086e-12 | 1.3038e-12 | 1.1343e-12 | 4.7111e-07 
  22 | 5.8539e+70 | 3.2569 | 0.2636 | 0.2979 |  0.0009295 | 0.00021629 | 0.00020005 |    4.8497e-12 | 1.1948e-12 | 1.1341e-12 | 5.8625e-07 
  23 | 6.7348e+70 | 3.2271 | 0.2514 | 0.2877 | 0.00081305 | 0.00021972 | 0.00022616 |    4.2033e-12 | 1.1821e-12 | 1.2278e-12 | 4.4423e-07 
  24 | 7.1221e+70 | 3.0547 | 0.2716 | 0.2794 | 0.00080496 | 0.00023284 | 0.00023861 |    3.9392e-12 |  1.192e-12 |  1.222e-12 |  5.128e-07 
  25 | 8.7457e+70 | 2.7538 | 0.2379 | 0.2773 | 0.00074971 | 0.00020917 | 0.00018925 |    3.3074e-12 | 9.6598e-13 | 8.9885e-13 | 4.4117e-07 
  26 | 9.8241e+70 | 2.4781 | 0.2007 | 0.2095 | 0.00068875 | 0.00020163 | 0.00020723 |    2.7343e-12 | 8.3051e-13 | 8.5456e-13 | 4.1579e-07 
  27 | 1.1072e+71 | 2.5936 | 0.2139 | 0.2378 | 0.00065678 | 0.00019465 | 0.00020161 |    2.7289e-12 | 8.3948e-13 | 8.7426e-13 | 2.9134e-07 
  28 | 1.1323e+71 | 2.5559 | 0.2263 | 0.2912 |  0.0006172 | 0.00019244 | 0.00020174 |    2.5272e-12 | 8.1911e-13 | 8.7477e-13 | 3.1079e-07 
  29 | 1.2023e+71 | 2.4715 | 0.2132 | 0.2219 | 0.00061389 | 0.00018535 | 0.00019085 |    2.4306e-12 | 7.6321e-13 | 7.8651e-13 | 3.2954e-07 
  30 | 1.2754e+71 |  2.968 | 0.2885 | 0.3005 | 0.00059292 | 0.00016697 | 0.00017089 |    2.8192e-12 | 8.3985e-13 | 8.6123e-13 | 4.4025e-07 
  31 | 1.6284e+71 |  2.573 | 0.2233 | 0.2856 |  0.0005193 | 0.00015972 | 0.00016504 |    2.1405e-12 | 6.8406e-13 | 7.2057e-13 | 3.0651e-07 
  32 | 1.6493e+71 | 2.5431 | 0.2372 | 0.2754 | 0.00055563 | 0.00016957 | 0.00017446 |    2.2637e-12 | 7.2238e-13 | 7.5183e-13 | 3.5735e-07 
  33 | 1.6639e+71 | 2.9255 |  0.296 | 0.3108 | 0.00055093 | 0.00016762 | 0.00017262 |     2.582e-12 |  8.279e-13 | 8.5426e-13 | 3.9768e-07 
  34 | 2.2219e+71 | 2.3839 | 0.2419 | 0.2445 | 0.00051587 | 0.00015745 | 0.00016179 |    1.9701e-12 | 6.3365e-13 | 6.5006e-13 | 2.9388e-07 
  35 | 2.3502e+71 |  2.594 | 0.2522 | 0.3422 | 0.00047494 | 0.00016074 | 0.00016277 |    1.9737e-12 | 6.9499e-13 | 7.2479e-13 | 2.8252e-07 
  36 | 3.0354e+71 |  2.542 | 0.2489 |  0.312 | 0.00044642 | 0.00013986 | 0.00014489 |    1.8179e-12 | 5.9674e-13 | 6.3082e-13 | 2.8645e-07 
  37 | 4.4771e+71 | 2.3354 | 0.3277 | 0.2549 | 0.00037001 | 0.00011847 | 0.00013691 |    1.3843e-12 | 4.8392e-13 | 5.3403e-13 | 2.0545e-07 
  38 | 5.0852e+71 |   2.88 | 0.4369 | 0.3274 | 0.00035352 |  0.0001127 | 0.00013828 |     1.631e-12 | 5.7583e-13 |  6.644e-13 | 2.8138e-07 
  39 | 6.7479e+71 | 2.0532 | 0.1625 | 0.4689 | 0.00033635 | 0.00013298 | 0.00010517 |    1.1063e-12 | 4.4607e-13 | 4.2838e-13 | 1.5937e-07 
  40 | 8.5895e+71 | 2.2313 | 0.4277 | 0.2691 | 0.00027211 | 9.0775e-05 | 0.00012598 |    9.7267e-13 | 3.7423e-13 | 4.6534e-13 | 1.8456e-07 
  41 | 1.1508e+72 | 1.8022 | 0.9112 | 0.1847 | 0.00025191 | 8.4448e-05 | 0.00024681 |    7.2731e-13 | 4.4121e-13 | 7.1646e-13 | 1.3253e-07 
  42 | 1.5897e+72 | 0.9196 | 0.0502 | 0.0515 | 0.00028617 | 9.4455e-05 | 9.9028e-05 |    4.2158e-13 | 1.4104e-13 | 1.4779e-13 | 7.6765e-08 
  43 | 3.1131e+72 | 0.9478 | 0.0539 | 0.0502 | 0.00016476 | 6.8314e-05 |  7.308e-05 |    2.5016e-13 |  1.047e-13 | 1.1175e-13 | 4.1617e-08 
  44 |  6.411e+72 | 0.8273 | 0.0567 | 0.1335 | 0.00016916 | 8.5585e-05 | 6.6812e-05 |     2.242e-13 | 1.1446e-13 | 9.5654e-14 | 5.1444e-08 
  45 | 1.3082e+73 | 0.9433 | 0.0517 | 0.0511 | 0.00010405 | 3.7899e-05 | 3.9693e-05 |    1.5724e-13 | 5.7916e-14 | 6.0585e-14 | 3.7209e-08 
  46 | 3.2995e+73 | 0.8999 | 0.0774 | 0.0488 | 4.1335e-05 | 2.8396e-05 | 2.9385e-05 |     5.959e-14 | 4.1257e-14 | 4.2486e-14 | 1.3832e-08 
