Bin | Vol (cm^3) | T (kT) | kT_lo  |  kT_hi |  n (cm^-3) |       n_lo |       n_hi | P (erg cm^-3) |       P_lo |       P_hi |      Yparm
  0 | 3.5208e+66 |  4.667 | 0.1806 | 0.1819 |    0.12929 |   0.022976 |   0.023012 |    9.6665e-10 | 1.7581e-10 | 1.7613e-10 | 1.3735e-05
  1 | 4.1092e+67 | 4.5219 | 0.0726 | 0.0729 |   0.098314 |   0.010972 |   0.010977 |     7.122e-10 | 8.0302e-11 | 8.0341e-11 | 1.2264e-05
  2 | 5.2578e+67 | 4.1924 | 0.0453 | 0.0454 |    0.09508 |   0.010222 |   0.010237 |    6.3858e-10 | 6.9001e-11 | 6.9102e-11 | 1.1847e-05
  3 | 5.2832e+67 | 4.1722 | 0.0464 | 0.0464 |   0.093252 |   0.010227 |   0.010248 |    6.2328e-10 | 6.8704e-11 | 6.8845e-11 | 1.2799e-05
  4 | 6.6237e+67 | 4.1502 | 0.0436 | 0.0437 |      0.089 |  0.0094445 |  0.0094538 |    5.9172e-10 |   6.31e-11 | 6.3163e-11 | 1.3223e-05
  5 | 8.3416e+67 | 4.3088 | 0.0423 | 0.0748 |   0.084008 |  0.0084864 |  0.0085036 |    5.7988e-10 | 5.8855e-11 | 5.9555e-11 | 1.3572e-05
  6 | 9.8647e+67 | 4.5674 | 0.0614 | 0.0615 |   0.079267 |  0.0078223 |  0.0078354 |       5.8e-10 | 5.7764e-11 | 5.7861e-11 | 1.4689e-05
  7 | 1.1326e+68 | 4.7128 | 0.0612 | 0.0613 |   0.075563 |  0.0073322 |  0.0073444 |     5.705e-10 | 5.5851e-11 | 5.5944e-11 | 1.5131e-05
  8 | 9.1633e+67 | 4.7895 | 0.0693 | 0.0697 |   0.074612 |  0.0076191 |  0.0076267 |    5.7248e-10 | 5.9043e-11 | 5.9108e-11 | 1.5366e-05
  9 | 9.6482e+67 | 4.9697 | 0.0722 | 0.0725 |   0.070795 |  0.0072497 |  0.0072733 |    5.6363e-10 | 5.8296e-11 | 5.8487e-11 | 1.5448e-05
 10 | 1.1148e+68 | 5.1369 | 0.0728 | 0.0732 |   0.067287 |  0.0067513 |  0.0067648 |    5.5373e-10 |  5.611e-11 | 5.6226e-11 | 1.6098e-05
 11 | 1.1918e+68 | 5.2339 |  0.075 | 0.0755 |   0.065137 |  0.0065173 |  0.0065351 |    5.4616e-10 | 5.5203e-11 | 5.5358e-11 | 1.6454e-05
 12 | 1.2907e+68 | 5.1931 | 0.0752 | 0.0756 |    0.06113 |  0.0062542 |  0.0062724 |    5.0856e-10 | 5.2549e-11 | 5.2705e-11 | 1.5197e-05
 13 | 1.3883e+68 | 5.3162 | 0.0785 |  0.079 |   0.058325 |  0.0059379 |  0.0059572 |    4.9673e-10 | 5.1099e-11 | 5.1269e-11 | 1.5226e-05
 14 |   1.56e+68 | 5.2858 | 0.0789 | 0.0792 |   0.054647 |  0.0056024 |  0.0056196 |    4.6274e-10 |  4.794e-11 | 4.8088e-11 | 1.4877e-05
 15 | 2.3667e+68 | 5.3809 | 0.0733 | 0.0908 |   0.049832 |  0.0048613 |  0.0048743 |    4.2956e-10 | 4.2312e-11 | 4.2638e-11 | 1.4322e-05
 16 | 2.6478e+68 | 5.4169 | 0.0763 | 0.1163 |   0.045858 |  0.0045815 |  0.0045465 |    3.9795e-10 | 4.0151e-11 | 4.0368e-11 | 1.3907e-05
 17 | 2.8498e+68 | 5.6068 | 0.1114 | 0.1118 |    0.04227 |  0.0043054 |  0.0043116 |    3.7967e-10 |   3.94e-11 |  3.946e-11 | 1.3013e-05
 18 | 3.0644e+68 | 5.6053 | 0.1163 | 0.1166 |   0.039429 |  0.0040747 |  0.0040796 |    3.5406e-10 | 3.7319e-11 | 3.7367e-11 | 1.2532e-05
 19 | 3.3416e+68 |  5.604 | 0.1191 | 0.1193 |   0.037361 |   0.003844 |  0.0038494 |    3.3541e-10 | 3.5239e-11 | 3.5288e-11 | 1.2309e-05
 20 | 4.8808e+68 | 5.6958 | 0.1104 | 0.1108 |   0.032932 |  0.0032403 |   0.003245 |     3.005e-10 | 3.0135e-11 | 3.0181e-11 | 1.1529e-05
 21 | 5.3289e+68 | 5.5513 | 0.1149 | 0.1157 |   0.030219 |  0.0029986 |  0.0030011 |    2.6874e-10 | 2.7241e-11 | 2.7271e-11 | 1.0313e-05
 22 | 5.7032e+68 |  5.655 | 0.1209 | 0.1216 |   0.028317 |  0.0028184 |  0.0028219 |    2.5653e-10 | 2.6115e-11 | 2.6153e-11 |  1.005e-05
 23 | 6.2633e+68 | 5.7117 | 0.1217 | 0.1223 |   0.026156 |  0.0026554 |  0.0026598 |    2.3933e-10 | 2.4826e-11 | 2.4871e-11 | 9.8888e-06
 24 | 8.5872e+68 | 5.8087 | 0.1172 | 0.1177 |   0.023355 |  0.0023084 |  0.0023098 |    2.1733e-10 | 2.1924e-11 |  2.194e-11 | 9.3429e-06
 25 | 9.0906e+68 | 5.8034 | 0.1266 | 0.1273 |    0.02108 |  0.0021435 |  0.0021447 |    1.9598e-10 | 2.0381e-11 | 2.0398e-11 | 8.3906e-06
 26 | 9.7966e+68 | 5.7487 | 0.1296 | 0.1302 |   0.019495 |  0.0020355 |  0.0020376 |    1.7953e-10 | 1.9178e-11 | 1.9201e-11 | 7.9443e-06
 27 | 8.3274e+68 |   6.07 | 0.1502 | 0.1514 |   0.019037 |  0.0020606 |  0.0020635 |    1.8512e-10 | 2.0555e-11 |  2.059e-11 | 8.3852e-06
 28 | 9.0162e+68 | 5.9556 | 0.1531 | 0.1545 |   0.017835 |  0.0019603 |  0.0019642 |    1.7017e-10 | 1.9208e-11 | 1.9253e-11 | 7.9397e-06
 29 | 7.0484e+68 |  5.974 | 0.1761 | 0.1776 |   0.017497 |  0.0020608 |  0.0020655 |    1.6745e-10 | 2.0331e-11 | 2.0385e-11 |  7.701e-06
 30 |  9.932e+68 | 6.0373 | 0.1603 | 0.1612 |   0.016376 |  0.0018416 |  0.0018462 |    1.5838e-10 | 1.8301e-11 |  1.835e-11 | 7.4171e-06
 31 | 2.0407e+69 | 6.1099 | 0.1294 | 0.1301 |   0.014251 |  0.0014342 |  0.0014369 |    1.3949e-10 | 1.4345e-11 | 1.4375e-11 | 6.8733e-06
 32 | 2.2006e+69 | 6.3854 | 0.1388 | 0.1398 |   0.013381 |   0.001337 |  0.0013398 |    1.3688e-10 | 1.3996e-11 | 1.4029e-11 | 6.9798e-06
 33 | 2.3801e+69 | 6.3296 | 0.1396 | 0.1404 |   0.012493 |  0.0012763 |  0.0012795 |    1.2668e-10 |  1.324e-11 | 1.3275e-11 | 6.4795e-06
 34 | 2.5661e+69 | 6.3729 | 0.1429 |  0.144 |   0.011716 |  0.0011998 |  0.0012021 |    1.1962e-10 | 1.2539e-11 | 1.2566e-11 | 6.3342e-06
 35 | 2.7458e+69 | 6.5143 | 0.1459 | 0.1472 |   0.010984 |  0.0011389 |  0.0011408 |    1.1463e-10 |  1.216e-11 | 1.2184e-11 | 6.2536e-06
 36 | 2.9458e+69 |  6.326 | 0.1467 |  0.148 |   0.010512 |  0.0010859 |  0.0010889 |    1.0653e-10 | 1.1279e-11 | 1.1313e-11 | 5.7971e-06
 37 | 3.0951e+69 | 6.2255 | 0.1501 | 0.1517 |  0.0099921 |  0.0010427 |  0.0010441 |    9.9654e-11 | 1.0673e-11 | 1.0693e-11 |  5.606e-06
 38 | 2.6637e+69 | 6.5433 |  0.166 | 0.1673 |  0.0097708 |  0.0010756 |  0.0010785 |    1.0242e-10 |  1.157e-11 | 1.1604e-11 | 5.9164e-06
 39 | 4.0561e+69 | 6.5658 | 0.1478 | 0.1492 |  0.0090682 | 0.00092822 | 0.00093057 |    9.5383e-11 | 9.9967e-12 | 1.0025e-11 | 5.4972e-06
 40 | 3.7519e+69 | 6.6126 | 0.1602 | 0.1617 |   0.008853 |  0.0009307 | 0.00093207 |    9.3783e-11 | 1.0118e-11 | 1.0137e-11 | 5.5557e-06
 41 | 3.9313e+69 | 6.7073 | 0.1606 | 0.1842 |  0.0084553 | 0.00090597 | 0.00090708 |    9.0852e-11 | 9.9748e-12 | 1.0061e-11 | 5.4653e-06
 42 | 4.1574e+69 | 6.6389 | 0.1629 | 0.1644 |  0.0081379 | 0.00087512 | 0.00087665 |    8.6551e-11 | 9.5466e-12 | 9.5667e-12 | 5.3839e-06
 43 | 4.3754e+69 | 6.7957 | 0.1714 | 0.2409 |  0.0078897 | 0.00083965 |  0.0008424 |    8.5893e-11 | 9.3942e-12 | 9.6632e-12 | 5.3215e-06
 44 | 4.5851e+69 | 6.8238 | 0.1715 | 0.3438 |  0.0075178 | 0.00085415 | 0.00081684 |    8.2182e-11 | 9.5631e-12 | 9.8427e-12 | 5.1944e-06
 45 | 4.8361e+69 | 6.9406 | 0.2414 | 0.2576 |  0.0072251 | 0.00077685 | 0.00077725 |    8.0335e-11 | 9.0783e-12 |  9.142e-12 | 5.2151e-06
 46 | 5.0576e+69 |   7.05 | 0.2532 | 0.2629 |  0.0069288 | 0.00075302 | 0.00075278 |    7.8254e-11 |  8.957e-12 | 8.9888e-12 | 5.1921e-06
 47 | 5.2967e+69 | 7.1084 | 0.2627 | 0.2639 |  0.0065592 | 0.00073161 | 0.00073189 |    7.4694e-11 | 8.7767e-12 | 8.7838e-12 | 4.9118e-06
 48 | 5.5116e+69 | 7.0424 | 0.2674 | 0.2742 |  0.0063927 | 0.00070455 | 0.00070511 |    7.2122e-11 | 8.4072e-12 |  8.436e-12 |  4.853e-06
 49 | 6.8042e+69 | 7.2405 | 0.2598 | 0.2617 |  0.0060052 | 0.00065414 |  0.0006543 |    6.9656e-11 | 7.9886e-12 | 7.9961e-12 | 4.7992e-06
 50 | 7.0975e+69 | 6.9949 | 0.2525 |  0.264 |  0.0057545 | 0.00063344 | 0.00063345 |    6.4484e-11 | 7.4701e-12 |  7.504e-12 | 4.5371e-06
 51 | 7.3688e+69 | 7.1402 | 0.2722 | 0.2743 |  0.0054881 | 0.00061676 |  0.0006171 |    6.2776e-11 | 7.4497e-12 | 7.4594e-12 | 4.3961e-06
 52 | 7.6282e+69 | 6.9892 | 0.2605 | 0.2814 |   0.005325 | 0.00059861 | 0.00059769 |    5.9622e-11 | 7.0612e-12 | 7.1096e-12 |  4.261e-06
 53 | 7.9278e+69 | 7.0157 | 0.2511 | 0.2824 |  0.0050906 | 0.00058751 | 0.00058759 |    5.7214e-11 | 6.9134e-12 | 6.9941e-12 | 4.1758e-06
 54 | 8.1261e+69 | 7.1219 |  0.286 | 0.2928 |  0.0049358 | 0.00057571 |  0.0005759 |    5.6314e-11 | 6.9469e-12 | 6.9666e-12 | 4.1878e-06
 55 | 8.4633e+69 | 7.1976 | 0.2987 | 0.3008 |  0.0047951 | 0.00055958 | 0.00055987 |     5.529e-11 | 6.8481e-12 | 6.8567e-12 | 4.0885e-06
 56 | 8.9572e+69 | 6.8029 | 0.2005 | 0.3479 |  0.0046348 | 0.00055867 | 0.00054981 |    5.0511e-11 | 6.2679e-12 | 6.5251e-12 |  3.804e-06
 57 | 9.4426e+69 | 7.2455 | 0.2996 | 0.3017 |  0.0044798 | 0.00052907 | 0.00052894 |    5.1999e-11 | 6.5066e-12 | 6.5101e-12 |  3.991e-06
 58 | 9.7197e+69 | 7.2811 | 0.3092 | 0.3114 |  0.0043709 | 0.00051873 | 0.00051906 |    5.0984e-11 | 6.4263e-12 | 6.4351e-12 |  3.975e-06
 59 | 1.0026e+70 | 7.3183 | 0.3163 |  0.319 |   0.004314 | 0.00051041 | 0.00051061 |    5.0577e-11 | 6.3708e-12 | 6.3794e-12 | 3.9179e-06
 60 |  1.038e+70 | 6.9776 | 0.2787 | 0.3188 |  0.0041969 | 0.00050263 | 0.00050293 |    4.6913e-11 | 5.9227e-12 | 6.0165e-12 | 3.6858e-06
 61 | 1.2627e+70 |  7.186 | 0.3047 | 0.3071 |   0.003989 | 0.00046774 | 0.00046799 |    4.5921e-11 | 5.7258e-12 | 5.7338e-12 | 3.6849e-06
 62 | 1.2667e+70 | 7.1128 | 0.3063 | 0.3189 |  0.0039011 | 0.00045987 | 0.00045954 |    4.4452e-11 | 5.5788e-12 | 5.6028e-12 | 3.6187e-06
 63 | 1.2986e+70 | 7.7926 | 0.3224 | 0.3245 |  0.0037334 | 0.00045561 | 0.00045575 |    4.6607e-11 | 6.0057e-12 | 6.0114e-12 | 3.7897e-06
 64 | 1.3585e+70 | 7.3433 | 0.3294 | 0.3324 |  0.0036826 | 0.00044097 | 0.00044086 |    4.3322e-11 | 5.5396e-12 | 5.5446e-12 | 3.5682e-06
 65 | 1.6063e+70 | 7.2039 |  0.317 | 0.3199 |  0.0034851 | 0.00041732 | 0.00041781 |     4.022e-11 |  5.131e-12 | 5.1419e-12 | 3.3846e-06
 66 | 1.6828e+70 | 7.1234 | 0.3189 | 0.3229 |  0.0034029 | 0.00040789 | 0.00040803 |    3.8833e-11 | 4.9688e-12 | 4.9779e-12 | 3.3217e-06
 67 | 1.7369e+70 | 6.7302 | 0.2281 | 0.3833 |  0.0033014 | 0.00040052 | 0.00040166 |    3.5595e-11 | 4.4837e-12 | 4.7816e-12 | 3.0415e-06
 68 | 1.7849e+70 | 6.9629 | 0.3237 | 0.3369 |  0.0031796 |  0.0003912 | 0.00039107 |    3.5467e-11 | 4.6648e-12 | 4.6876e-12 | 3.0725e-06
 69 | 1.8864e+70 |  6.978 | 0.2986 | 0.3414 |  0.0030607 | 0.00038006 | 0.00037966 |    3.4215e-11 | 4.4938e-12 | 4.5624e-12 | 3.0253e-06
 70 | 1.9562e+70 | 6.9741 | 0.3469 | 0.3528 |  0.0029736 | 0.00036901 | 0.00036855 |    3.3223e-11 | 4.4416e-12 | 4.4474e-12 | 2.9784e-06
 71 | 2.0054e+70 | 7.2707 | 0.3575 | 0.3607 |  0.0028727 | 0.00036682 | 0.00036685 |     3.346e-11 | 4.5785e-12 |  4.584e-12 | 2.9881e-06
 72 | 1.8235e+70 | 7.0603 | 0.3462 |  0.381 |  0.0028512 | 0.00037388 | 0.00037351 |    3.2248e-11 | 4.5148e-12 |  4.569e-12 | 2.9247e-06
 73 | 2.7322e+70 | 7.1382 | 0.3258 |  0.338 |  0.0026616 | 0.00032551 | 0.00032539 |    3.0437e-11 | 3.9731e-12 | 3.9904e-12 | 2.8099e-06
 74 | 2.2585e+70 | 7.4362 | 0.3733 | 0.3763 |  0.0026339 | 0.00034465 | 0.00034426 |    3.1378e-11 | 4.3975e-12 | 4.3978e-12 | 2.9391e-06
 75 | 2.2857e+70 | 6.7905 | 0.2579 |  0.356 |   0.002572 | 0.00034231 |  0.0003445 |     2.798e-11 | 3.8725e-12 | 4.0245e-12 | 2.6067e-06
 76 | 2.2514e+70 | 7.0275 | 0.3255 | 0.3968 |   0.002532 | 0.00033807 | 0.00033775 |    2.8506e-11 | 4.0285e-12 | 4.1291e-12 | 2.6891e-06
 77 | 2.3641e+70 | 7.0328 | 0.3835 | 0.3985 |  0.0024629 | 0.00032879 | 0.00032802 |    2.7748e-11 | 4.0014e-12 | 4.0162e-12 | 2.6588e-06
 78 |  2.399e+70 |  7.048 | 0.3904 | 0.4132 |  0.0023925 | 0.00032498 | 0.00032501 |    2.7013e-11 | 3.9627e-12 | 3.9968e-12 | 2.6212e-06
 79 | 2.4817e+70 | 6.9725 | 0.4106 |  0.424 |  0.0023516 | 0.00031897 |  0.0003186 |    2.6267e-11 | 3.8842e-12 | 3.9008e-12 | 2.5888e-06
 80 | 2.6291e+70 | 6.5875 | 0.2876 | 0.3295 |  0.0022929 | 0.00031626 | 0.00031711 |    2.4198e-11 | 3.5008e-12 | 3.5587e-12 | 2.3714e-06
 81 |  2.631e+70 | 7.0388 | 0.3826 | 0.4339 |  0.0022249 | 0.00030858 | 0.00030814 |    2.5088e-11 | 3.7372e-12 | 3.8032e-12 | 2.4885e-06
 82 | 2.6928e+70 | 6.6012 | 0.2895 | 0.3233 |  0.0021924 | 0.00030886 | 0.00030949 |    2.3185e-11 | 3.4208e-12 | 3.4642e-12 | 2.3234e-06
 83 | 3.1533e+70 | 6.1725 | 0.2795 | 0.2833 |  0.0021122 | 0.00029494 | 0.00029622 |    2.0886e-11 | 3.0659e-12 |  3.082e-12 | 2.1222e-06
 84 | 3.2469e+70 | 6.2642 | 0.2825 | 0.2857 |  0.0020466 |  0.0002879 | 0.00028929 |    2.0538e-11 |  3.034e-12 | 3.0505e-12 | 2.0806e-06
 85 | 3.4361e+70 | 6.4294 | 0.2801 | 0.2828 |  0.0019775 | 0.00028258 | 0.00028337 |    2.0368e-11 | 3.0428e-12 | 3.0531e-12 | 2.0915e-06
 86 | 3.5057e+70 | 6.3655 | 0.2943 | 0.2982 |  0.0019219 | 0.00027867 | 0.00027913 |    1.9599e-11 | 2.9827e-12 | 2.9909e-12 | 2.0422e-06
 87 | 3.6335e+70 | 6.3119 | 0.2936 | 0.2978 |  0.0018886 | 0.00027244 | 0.00027357 |    1.9097e-11 | 2.8945e-12 | 2.9093e-12 | 2.0155e-06
 88 | 3.6827e+70 | 6.4375 | 0.3006 | 0.3059 |  0.0018426 | 0.00026929 | 0.00027004 |    1.9003e-11 | 2.9155e-12 | 2.9276e-12 | 1.9943e-06
 89 | 3.7782e+70 | 6.2438 | 0.3084 | 0.3129 |  0.0018085 | 0.00026591 | 0.00026636 |     1.809e-11 | 2.8059e-12 | 2.8143e-12 | 1.9227e-06
 90 | 4.3109e+70 | 5.9431 | 0.2994 | 0.3032 |  0.0017501 | 0.00025628 | 0.00025669 |    1.6663e-11 | 2.5803e-12 | 2.5876e-12 | 1.7917e-06
 91 | 3.9103e+70 | 6.1425 | 0.3069 | 0.3086 |  0.0017006 |  0.0002634 | 0.00026431 |    1.6735e-11 | 2.7235e-12 | 2.7334e-12 | 1.8164e-06
 92 | 3.9939e+70 | 5.9214 | 0.3328 | 0.3389 |  0.0017204 | 0.00025963 | 0.00026012 |     1.632e-11 | 2.6281e-12 | 2.6384e-12 | 1.7994e-06
 93 | 4.1641e+70 | 6.1074 | 0.3335 | 0.3397 |  0.0016774 |  0.0002543 |  0.0002555 |    1.6412e-11 | 2.6446e-12 | 2.6613e-12 | 1.7991e-06
 94 | 4.2596e+70 | 5.5647 | 0.3487 | 0.3336 |  0.0016336 | 0.00025348 | 0.00025383 |    1.4563e-11 |  2.437e-12 | 2.4254e-12 | 1.6141e-06
 95 | 4.3796e+70 | 5.5536 |  0.315 | 0.3485 |  0.0015871 | 0.00024725 | 0.00025221 |     1.412e-11 |  2.341e-12 | 2.4125e-12 | 1.5808e-06
 96 | 4.5542e+70 | 5.9262 | 0.3589 | 0.3663 |  0.0015363 | 0.00024156 |  0.0002421 |    1.4585e-11 | 2.4575e-12 | 2.4689e-12 | 1.6542e-06
 97 | 5.2794e+70 | 6.1407 | 0.3537 | 0.3616 |  0.0014802 | 0.00022945 |  0.0002301 |    1.4561e-11 | 2.4079e-12 | 2.4206e-12 | 1.6434e-06
 98 | 5.3954e+70 | 6.2807 | 0.3566 | 0.3629 |  0.0014463 | 0.00022847 | 0.00022928 |    1.4552e-11 | 2.4428e-12 | 2.4554e-12 | 1.6575e-06
 99 | 4.9707e+70 | 5.1776 | 0.2622 | 0.2764 |  0.0014614 | 0.00024252 | 0.00024541 |    1.2122e-11 | 2.1032e-12 |  2.136e-12 | 1.3989e-06
100 | 5.7215e+70 | 5.2387 | 0.2567 | 0.3279 |  0.0013954 | 0.00022876 | 0.00023135 |     1.171e-11 | 2.0037e-12 | 2.0753e-12 | 1.3672e-06
101 | 5.7938e+70 | 5.5325 |  0.325 | 0.3797 |  0.0013621 | 0.00022327 |    0.00023 |    1.2072e-11 | 2.1021e-12 | 2.2005e-12 | 1.4231e-06
102 |  5.865e+70 | 5.6431 | 0.3441 | 0.3898 |  0.0013283 | 0.00022113 | 0.00022159 |    1.2008e-11 | 2.1289e-12 | 2.1681e-12 |   1.41e-06
103 | 6.0555e+70 | 5.8438 | 0.4055 | 0.4157 |  0.0012765 | 0.00021395 | 0.00021413 |    1.1951e-11 | 2.1679e-12 | 2.1774e-12 | 1.4167e-06
104 | 6.1519e+70 | 5.3187 | 0.2874 | 0.3821 |  0.0012631 | 0.00021998 | 0.00022249 |    1.0762e-11 | 1.9625e-12 | 2.0473e-12 | 1.2914e-06
105 | 7.0256e+70 | 5.2154 | 0.2814 | 0.3405 |  0.0012276 | 0.00020955 | 0.00021232 |    1.0257e-11 | 1.8362e-12 | 1.8962e-12 | 1.2427e-06
106 | 7.0854e+70 | 5.8857 | 0.4105 | 0.4178 |  0.0011852 | 0.00020304 | 0.00020318 |    1.1175e-11 |  2.067e-12 | 2.0735e-12 | 1.3496e-06
107 | 6.4161e+70 |  5.176 | 0.3233 | 0.3618 |   0.001196 | 0.00021444 | 0.00021767 |    9.9172e-12 | 1.8829e-12 | 1.9334e-12 | 1.2099e-06
108 | 7.2063e+70 | 4.7669 | 0.3073 | 0.3164 |  0.0011397 | 0.00020736 |  0.0002096 |     8.703e-12 | 1.6799e-12 | 1.7017e-12 | 1.0734e-06
109 | 7.4357e+70 | 5.1029 | 0.3313 | 0.3464 |  0.0010821 | 0.00020131 | 0.00020432 |    8.8462e-12 |  1.743e-12 | 1.7749e-12 | 1.1023e-06
110 | 8.6067e+70 |  5.246 | 0.3182 | 0.4214 |  0.0010128 | 0.00018936 | 0.00019211 |    8.5116e-12 | 1.6731e-12 | 1.7533e-12 | 1.0734e-06
111 |  8.784e+70 | 4.6836 | 0.3272 | 0.3332 | 0.00096508 | 0.00019123 | 0.00019336 |    7.2411e-12 | 1.5214e-12 | 1.5395e-12 | 9.0864e-07
112 | 9.8248e+70 | 5.0682 | 0.3361 | 0.3429 | 0.00090791 | 0.00017742 | 0.00017997 |    7.3716e-12 | 1.5212e-12 |  1.544e-12 |  9.337e-07
113 | 1.0966e+71 | 4.5392 | 0.3476 | 0.3295 | 0.00086103 | 0.00017136 | 0.00017317 |    6.2612e-12 | 1.3352e-12 | 1.3388e-12 | 8.0536e-07
114 |  1.119e+71 | 5.4267 | 0.3649 | 0.4892 |  0.0008189 | 0.00016095 | 0.00016504 |    7.1191e-12 | 1.4788e-12 | 1.5718e-12 | 9.2606e-07
115 | 1.3346e+71 | 4.6665 |  0.351 | 0.3605 | 0.00077005 | 0.00015481 | 0.00015642 |    5.7567e-12 | 1.2357e-12 |  1.251e-12 | 7.4779e-07
116 |  1.257e+71 | 4.9628 | 0.3822 | 0.3933 | 0.00075636 | 0.00015656 |  0.0001589 |    6.0134e-12 | 1.3281e-12 | 1.3502e-12 | 7.9051e-07
117 | 1.2979e+71 | 5.3656 | 0.3936 | 0.7521 | 0.00070098 | 0.00015501 | 0.00014847 |    6.0254e-12 | 1.4038e-12 | 1.5304e-12 | 8.0031e-07
118 | 1.4639e+71 |  5.275 | 0.4003 | 0.5817 | 0.00065032 | 0.00013963 | 0.00014148 |    5.4956e-12 | 1.2515e-12 | 1.3404e-12 | 7.2993e-07
119 | 1.8828e+71 | 5.0345 |    0.4 | 0.4381 |  0.0006041 | 0.00012512 | 0.00012688 |    4.8722e-12 | 1.0808e-12 | 1.1076e-12 | 6.5683e-07
120 |  2.187e+71 | 5.2144 | 0.4384 | 0.5854 | 0.00053178 | 0.00011821 | 0.00012071 |    4.4422e-12 | 1.0557e-12 |  1.125e-12 | 6.0809e-07
121 |  2.258e+71 |  4.872 | 0.4303 | 0.4393 | 0.00049447 | 0.00011364 | 0.00011534 |    3.8593e-12 | 9.5016e-13 | 9.6513e-13 | 5.2873e-07
122 | 2.4992e+71 | 4.7249 | 0.4819 | 0.4836 | 0.00043848 | 0.00010575 | 0.00010727 |     3.319e-12 | 8.6908e-13 | 8.8016e-13 | 4.6186e-07
123 | 2.7364e+71 | 4.6709 | 0.5093 |  0.498 | 0.00042267 | 0.00010316 | 0.00010479 |    3.1627e-12 | 8.4548e-13 | 8.5355e-13 | 4.4648e-07
124 | 3.2392e+71 |  4.541 | 0.5257 | 0.5115 | 0.00036779 | 9.4931e-05 | 0.00010011 |    2.6756e-12 | 7.5687e-13 | 7.8814e-13 | 3.7845e-07
125 | 3.8502e+71 | 3.8535 | 0.3486 | 0.3519 | 0.00032385 | 8.7037e-05 | 8.8557e-05 |    1.9992e-12 | 5.6693e-13 | 5.7637e-13 | 2.8849e-07
126 | 5.0254e+71 |  4.507 | 0.5513 |  0.581 | 0.00027442 | 7.6272e-05 | 7.9233e-05 |    1.9814e-12 | 6.0167e-13 | 6.2651e-13 | 2.8827e-07
127 | 7.5705e+71 | 3.0486 | 0.3273 | 0.3436 | 0.00023801 | 7.1657e-05 | 7.3863e-05 |    1.1624e-12 | 3.7155e-13 | 3.8379e-13 | 1.7338e-07
128 | 1.0912e+72 | 2.5233 |   0.25 | 0.3879 | 0.00018501 | 6.2841e-05 | 6.5107e-05 |    7.4787e-13 | 2.6461e-13 |  2.872e-13 | 1.1354e-07
129 | 1.4609e+72 | 1.9308 | 0.4592 | 0.1647 |  0.0001525 | 5.9297e-05 | 6.1489e-05 |    4.7171e-13 |   2.15e-13 |  1.944e-13 | 7.3057e-08
130 | 2.6806e+72 | 1.1299 | 0.2332 | 0.0652 | 0.00016595 | 5.6192e-05 | 0.00010634 |    3.0038e-13 | 1.1912e-13 | 1.9327e-13 | 4.8091e-08
131 | 3.7182e+72 | 1.1399 | 0.2758 | 0.0613 | 0.00014399 | 4.6622e-05 | 0.00010255 |    2.6295e-13 | 1.0628e-13 | 1.8781e-13 | 4.3241e-08
132 | 5.1557e+72 | 0.9234 |  0.045 |  0.046 | 0.00014812 | 4.6036e-05 | 4.7762e-05 |    2.1911e-13 | 6.8933e-14 | 7.1493e-14 | 3.7565e-08
133 | 9.4861e+72 | 0.8094 | 0.0413 |  0.045 |  0.0001157 | 4.0199e-05 | 4.2328e-05 |    1.5002e-13 | 5.2683e-14 | 5.5515e-14 | 2.6971e-08
134 | 2.2443e+73 | 0.8022 | 0.0304 | 0.0322 | 6.7387e-05 | 2.7407e-05 | 2.8065e-05 |    8.6601e-14 | 3.5373e-14 | 3.6234e-14 | 1.6617e-08
135 |  6.524e+73 | 0.8691 | 0.1595 | 0.0467 | 2.6277e-05 | 1.5129e-05 | 2.3662e-05 |    3.6586e-14 | 2.2108e-14 | 3.3004e-14 | 1.7663e-07
