Radius1               | Radius2               | SB                        |   SBError         | BGRD                         |      BGRDError    | BinNo
                  0.0 |                 5.412 |         4.74652726357e-06 | 2.80537458939e-08 |            6.36187122649e-09 | 1.02705880664e-09 |          0 
                5.412 |                 8.364 |         1.56629572766e-06 | 9.07309811993e-09 |            2.81838052014e-09 |  3.8487396735e-10 |          1 
                8.364 |                10.824 |         1.37805868833e-06 | 7.88384964627e-09 |            2.91616839024e-09 | 3.62669299454e-10 |          2 
               10.824 |                12.792 |         1.25060717711e-06 | 7.71839012808e-09 |             2.8309519488e-09 | 3.67225238836e-10 |          3 
               12.792 |                 14.76 |          1.1618679977e-06 | 6.83700265335e-09 |            2.69574547203e-09 | 3.29326598915e-10 |          4 
                14.76 |                16.728 |         1.03228398082e-06 | 6.00882622548e-09 |            2.67959658744e-09 | 3.06143286016e-10 |          5 
               16.728 |                18.696 |         9.41899459351e-07 | 5.41818295003e-09 |            2.75807044803e-09 | 2.93193328659e-10 |          6 
               18.696 |                20.664 |         9.28989860362e-07 | 5.14996033207e-09 |            2.71939754441e-09 | 2.78634404131e-10 |          7 
               20.664 |                 22.14 |          9.2274294334e-07 | 5.69137514293e-09 |            2.62739352514e-09 | 3.03696226285e-10 |          8 
                22.14 |                23.616 |         9.03254396894e-07 | 5.57562965169e-09 |            2.74860316172e-09 | 3.07570667901e-10 |          9 
               23.616 |                25.092 |         8.78738310034e-07 | 5.27080991935e-09 |             2.7551029654e-09 | 2.95132123566e-10 |         10 
               25.092 |                26.568 |         8.44592345435e-07 | 5.13916482561e-09 |            2.81303543771e-09 | 2.96590053535e-10 |         11 
               26.568 |                28.044 |           8.028981698e-07 | 4.90600852669e-09 |            2.71849685392e-09 | 2.85471308529e-10 |         12 
               28.044 |                 29.52 |         7.49535121535e-07 | 4.67767190934e-09 |            2.63231787634e-09 | 2.77206190628e-10 |         13 
                29.52 |                30.996 |          7.1306014433e-07 | 4.43268846872e-09 |            2.63879334124e-09 | 2.69653980172e-10 |         14 
               30.996 |                32.964 |         6.64662193959e-07 | 3.68320467837e-09 |            2.71585798572e-09 |  2.3543925765e-10 |         15 
               32.964 |                34.932 |         5.99985269566e-07 | 3.39329100487e-09 |            2.59851460838e-09 | 2.23312690564e-10 |         16 
               34.932 |                  36.9 |         5.33745183717e-07 | 3.14148708432e-09 |            2.68629684017e-09 | 2.22866760006e-10 |         17 
                 36.9 |                38.868 |         4.78619516469e-07 | 2.90480738179e-09 |            2.74109576314e-09 | 2.19828619611e-10 |         18 
               38.868 |                40.836 |         4.18029810467e-07 | 2.63985438902e-09 |            2.67086595238e-09 | 2.11009692108e-10 |         19 
               40.836 |                43.296 |          3.8002286548e-07 | 2.16834947339e-09 |              2.774675253e-09 | 1.85280833525e-10 |         20 
               43.296 |                45.756 |         3.29429440567e-07 | 1.95192767311e-09 |            2.65123548384e-09 | 1.75108277395e-10 |         21 
               45.756 |                48.216 |         2.95734423254e-07 |  1.7819772965e-09 |            2.71389271036e-09 | 1.70705522627e-10 |         22 
               48.216 |                50.676 |         2.51232099253e-07 | 1.57808285803e-09 |            2.58812209525e-09 | 1.60171268576e-10 |         23 
               50.676 |                53.628 |         2.23457973647e-07 | 1.30605200287e-09 |            2.66991149192e-09 | 1.42761452315e-10 |         24 
               53.628 |                 56.58 |         2.09901730358e-07 | 1.22652631931e-09 |            2.68598089988e-09 | 1.38745954369e-10 |         25 
                56.58 |                59.532 |           2.067738328e-07 |  1.2035303793e-09 |             2.7227125182e-09 | 1.38105238755e-10 |         26 
               59.532 |                61.992 |         2.23159656736e-07 | 1.38507442659e-09 |            2.93291033903e-09 | 1.58786904493e-10 |         27 
               61.992 |                64.452 |         2.30855218025e-07 | 1.39307792322e-09 |            2.93575004696e-09 | 1.57095998319e-10 |         28 
               64.452 |                 66.42 |         2.93453920019e-07 | 1.71254886904e-09 |            3.02265418403e-09 | 1.73807002969e-10 |         29 
                66.42 |                 68.88 |          1.8890509355e-07 | 1.19000305395e-09 |            2.90517485853e-09 | 1.47574860403e-10 |         30 
                68.88 |                72.816 |          1.0971357526e-07 | 6.68827996208e-10 |            2.65166231086e-09 | 1.03978454913e-10 |         31 
               72.816 |                76.752 |         9.80807315743e-08 | 6.14444582586e-10 |             2.6400478449e-09 |  1.0080841481e-10 |         32 
               76.752 |                80.688 |          9.3141444734e-08 |  5.8482089577e-10 |            2.65004597732e-09 | 9.86456871634e-11 |         33 
               80.688 |                84.624 |         8.97613032254e-08 | 5.60757752596e-10 |            2.63835376792e-09 | 9.61384724726e-11 |         34 
               84.624 |                 88.56 |         8.79233631255e-08 | 5.44481217387e-10 |            2.65323952069e-09 | 9.45842873337e-11 |         35 
                88.56 |                92.496 |         8.58909354957e-08 | 5.28269331901e-10 |            2.63087262181e-09 | 9.24552614504e-11 |         36 
               92.496 |                96.432 |         8.25729072507e-08 | 5.08700449953e-10 |            2.63500080227e-09 | 9.08727571226e-11 |         37 
               96.432 |                99.876 |         8.01175455333e-08 |  5.2503177139e-10 |            2.60313978191e-09 | 9.46390775818e-11 |         38 
               99.876 |               104.304 |         7.67143540779e-08 | 4.45651961764e-10 |            2.59654914568e-09 | 8.19890358726e-11 |         39 
              104.304 |                108.24 |         7.42081781849e-08 | 4.52756694834e-10 |            2.65960911275e-09 | 8.57132371805e-11 |         40 
               108.24 |               112.176 |         7.09488011524e-08 | 4.34542843327e-10 |            2.65124763253e-09 | 8.40011462768e-11 |         41 
              112.176 |               116.112 |         6.86093048412e-08 |  4.1871483177e-10 |            2.59606007969e-09 | 8.14487112713e-11 |         42 
              116.112 |               120.048 |         6.58843449942e-08 | 4.01868267729e-10 |            2.58358999926e-09 | 7.95800820378e-11 |         43 
              120.048 |               123.984 |         6.37599927912e-08 | 3.94169882822e-10 |            2.61824560496e-09 | 7.98756693917e-11 |         44 
              123.984 |                127.92 |         6.12709655754e-08 | 3.81971997344e-10 |            2.60417527965e-09 | 7.87479508153e-11 |         45 
               127.92 |               131.856 |         5.89542614724e-08 |  3.6447290681e-10 |            2.57832772304e-09 | 7.62213646058e-11 |         46 
              131.856 |               135.792 |         5.62139139112e-08 | 3.51690281265e-10 |             2.5532230168e-09 | 7.49519357945e-11 |         47 
              135.792 |               139.728 |         5.41848671151e-08 | 3.42345978368e-10 |            2.61065474225e-09 | 7.51451454191e-11 |         48 
              139.728 |               144.156 |         5.17558197282e-08 | 3.10966458567e-10 |             2.5807448503e-09 |  6.9439480789e-11 |         49 
              144.156 |               148.584 |         4.97661649649e-08 | 3.04563974146e-10 |            2.62623359835e-09 | 6.99645600225e-11 |         50 
              148.584 |               153.012 |          4.7942582009e-08 | 2.93251324557e-10 |             2.5941386999e-09 |  6.8214371553e-11 |         51 
              153.012 |                157.44 |         4.61537887185e-08 | 2.80373389336e-10 |            2.57482808174e-09 | 6.62227538837e-11 |         52 
               157.44 |               161.868 |         4.45318588674e-08 | 2.71627517591e-10 |             2.5965347915e-09 | 6.55896670161e-11 |         53 
              161.868 |               166.296 |         4.22798744724e-08 | 2.61044053382e-10 |            2.59891591791e-09 | 6.47206793074e-11 |         54 
              166.296 |               170.724 |         4.12044058231e-08 | 2.54739500952e-10 |            2.58213019776e-09 | 6.37695779233e-11 |         55 
              170.724 |               175.152 |         3.94416889653e-08 | 2.46038372657e-10 |            2.57944595534e-09 | 6.29199401629e-11 |         56 
              175.152 |                179.58 |          3.7691672439e-08 | 2.35491670301e-10 |            2.54585214991e-09 | 6.12025357122e-11 |         57 
               179.58 |               184.008 |         3.61692722052e-08 | 2.28382012123e-10 |            2.55154262509e-09 | 6.06587473988e-11 |         58 
              184.008 |               188.436 |         3.54007007498e-08 | 2.22804429461e-10 |            2.56331699009e-09 | 5.99541239557e-11 |         59 
              188.436 |               192.864 |         3.43986218016e-08 | 2.17706342261e-10 |            2.55111153218e-09 | 5.92877941204e-11 |         60 
              192.864 |               197.784 |         3.33291003741e-08 | 2.01110634491e-10 |            2.57163726646e-09 | 5.58634963151e-11 |         61 
              197.784 |               202.704 |         3.19092664672e-08 | 1.94461746995e-10 |            2.57094348559e-09 |  5.5197832356e-11 |         62 
              202.704 |               207.624 |         2.98796432601e-08 | 1.85456109792e-10 |            2.58321717554e-09 | 5.45297993492e-11 |         63 
              207.624 |               212.544 |         2.85535369488e-08 | 1.79130254838e-10 |            2.58167274122e-09 | 5.38628822639e-11 |         64 
              212.544 |               217.956 |          2.7109590483e-08 | 1.64154687938e-10 |            2.56012681848e-09 | 5.04455128709e-11 |         65 
              217.956 |               223.368 |         2.58424793268e-08 |  1.5803521496e-10 |            2.58140122485e-09 | 4.99475899223e-11 |         66 
              223.368 |                228.78 |         2.53057005019e-08 | 1.54525321429e-10 |            2.55647260968e-09 | 4.91146476371e-11 |         67 
               228.78 |               234.192 |         2.42485020397e-08 | 1.49690508766e-10 |            2.57624758791e-09 | 4.87916599888e-11 |         68 
              234.192 |               239.604 |         2.31991755624e-08 | 1.44696507966e-10 |            2.57420200516e-09 | 4.81995605021e-11 |         69 
              239.604 |               245.016 |         2.29731843045e-08 | 1.42562753287e-10 |            2.56869038181e-09 | 4.76706807934e-11 |         70 
              245.016 |               250.428 |         2.21600530453e-08 | 1.38526328168e-10 |             2.6113720949e-09 | 4.75533717043e-11 |         71 
              250.428 |               255.348 |         2.15859672092e-08 |  1.4219889902e-10 |            2.60451169927e-09 | 4.93939357461e-11 |         72 
              255.348 |               261.744 |         2.10156473978e-08 |  1.2244071671e-10 |            2.62297297916e-09 | 4.32565016899e-11 |         73 
              261.744 |               267.156 |         2.10796333251e-08 | 1.32345969222e-10 |            2.59489472318e-09 | 4.64343180578e-11 |         74 
              267.156 |               272.568 |         2.05470188681e-08 | 1.28467389527e-10 |            2.61878111164e-09 | 4.58635940831e-11 |         75 
              272.568 |                277.98 |         1.97276782381e-08 | 1.23710239905e-10 |            2.62703009953e-09 | 4.51440150323e-11 |         76 
               277.98 |               283.392 |         1.96050288403e-08 |  1.2185822312e-10 |              2.580079924e-09 | 4.42066584309e-11 |         77 
              283.392 |               288.804 |         1.90977376246e-08 | 1.20107308131e-10 |            2.61145758428e-09 | 4.44140065121e-11 |         78 
              288.804 |               294.216 |          1.8669748857e-08 | 1.16724995221e-10 |            2.62510066845e-09 | 4.37691003948e-11 |         79 
              294.216 |               299.628 |         1.83125965868e-08 | 1.14820407271e-10 |            2.64446644679e-09 | 4.36328062845e-11 |         80 
              299.628 |                305.04 |         1.78783126982e-08 | 1.12647406586e-10 |            2.62898757327e-09 | 4.31968622378e-11 |         81 
               305.04 |               310.452 |         1.76813852386e-08 | 1.10470618076e-10 |            2.64511349521e-09 | 4.27278251939e-11 |         82 
              310.452 |               316.356 |         1.68961437336e-08 | 1.02641485546e-10 |            2.60853925735e-09 | 4.03299621962e-11 |         83 
              316.356 |                322.26 |         1.64596519715e-08 | 1.01946213775e-10 |            2.61568660898e-09 | 4.06399959095e-11 |         84 
               322.26 |               328.164 |         1.59226382006e-08 | 9.84049027186e-11 |            2.62261845424e-09 | 3.99371225925e-11 |         85 
              328.164 |               334.068 |         1.54366254248e-08 |   9.566579184e-11 |            2.61040028405e-09 |   3.933997245e-11 |         86 
              334.068 |               339.972 |         1.51504489555e-08 | 9.54652562596e-11 |            2.63170250328e-09 | 3.97878993525e-11 |         87 
              339.972 |               345.876 |         1.50715149203e-08 | 9.44330007254e-11 |            2.63584699773e-09 |   3.949166609e-11 |         88 
              345.876 |                351.78 |         1.46877006971e-08 | 9.25104349472e-11 |            2.64285153556e-09 | 3.92419171596e-11 |         89 
               351.78 |               358.176 |         1.41834822709e-08 | 8.66701297246e-11 |            2.64328128134e-09 |  3.7415342066e-11 |         90 
              358.176 |                364.08 |         1.38847169228e-08 | 8.75657005792e-11 |            2.65664833615e-09 | 3.83029800043e-11 |         91 
               364.08 |               369.984 |         1.39575053484e-08 | 8.69860825991e-11 |            2.65724665205e-09 | 3.79543728653e-11 |         92 
              369.984 |               375.888 |         1.37667718346e-08 | 8.58969819172e-11 |            2.65310649369e-09 | 3.77084923494e-11 |         93 
              375.888 |               381.792 |         1.34533184514e-08 | 8.46127602727e-11 |            2.67964667665e-09 | 3.77624288915e-11 |         94 
              381.792 |               387.696 |         1.34748350524e-08 |  8.4303611448e-11 |            2.67733215555e-09 | 3.75781665411e-11 |         95 
              387.696 |                 393.6 |         1.32213431291e-08 | 8.36662841901e-11 |            2.69658616141e-09 | 3.77850356502e-11 |         96 
                393.6 |               399.996 |         1.29486089329e-08 | 7.89952389858e-11 |            2.70380621503e-09 | 3.60975008465e-11 |         97 
              399.996 |               406.392 |         1.26425781294e-08 | 7.68158741758e-11 |            2.73199569674e-09 | 3.57086289749e-11 |         98 
              406.392 |               412.296 |         1.26862056782e-08 | 8.00635200669e-11 |            2.73968237265e-09 | 3.72065071392e-11 |         99 
              412.296 |               418.692 |          1.2331817659e-08 | 7.61577866798e-11 |            2.73751477157e-09 | 3.58821958569e-11 |        100 
              418.692 |               425.088 |         1.21237120139e-08 | 7.45247089897e-11 |            2.75599393316e-09 | 3.55321586172e-11 |        101 
              425.088 |               431.484 |         1.21497453013e-08 | 7.39936579369e-11 |            2.75580303673e-09 | 3.52399268109e-11 |        102 
              431.484 |                437.88 |         1.18430473077e-08 | 7.25387578755e-11 |            2.74378097618e-09 | 3.49150836352e-11 |        103 
               437.88 |               444.276 |          1.1656518708e-08 | 7.17041330608e-11 |             2.7783368161e-09 | 3.50067825126e-11 |        104 
              444.276 |               451.164 |         1.13938041777e-08 | 6.95600218191e-11 |             2.7803760291e-09 | 3.43618937525e-11 |        105 
              451.164 |               458.052 |         1.13091697447e-08 | 6.89452269447e-11 |            2.81686851657e-09 | 3.44090069177e-11 |        106 
              458.052 |               464.448 |         1.10834320479e-08 | 6.98209910714e-11 |            2.83540132612e-09 | 3.53147522851e-11 |        107 
              464.448 |               471.336 |         1.07459164111e-08 |  6.5886926158e-11 |             2.8272553352e-09 | 3.37955907802e-11 |        108 
              471.336 |               478.224 |         1.05062151137e-08 | 6.57445569538e-11 |             2.8522221833e-09 | 3.42553429126e-11 |        109 
              478.224 |               485.604 |          1.0435538039e-08 |  6.5312405669e-11 |            2.84041780336e-09 | 3.40744908673e-11 |        110 
              485.604 |               492.984 |         1.02644428845e-08 | 6.48867642685e-11 |            2.84252026436e-09 | 3.41460285435e-11 |        111 
              492.984 |               500.856 |         1.01235197894e-08 | 6.32020642132e-11 |            2.87619338008e-09 | 3.36879475362e-11 |        112 
              500.856 |                509.22 |         9.97949986625e-09 | 6.17377020362e-11 |            2.87307401184e-09 | 3.31260377016e-11 |        113 
               509.22 |               517.584 |         9.71283424723e-09 | 6.09041689163e-11 |             2.8802727071e-09 | 3.31658269594e-11 |        114 
              517.584 |               526.932 |         9.35972023828e-09 | 5.85170353884e-11 |            2.90719405471e-09 | 3.26127846653e-11 |        115 
              526.932 |               535.788 |         9.57920553922e-09 |  6.0255511515e-11 |            2.88643745587e-09 | 3.30760099491e-11 |        116 
              535.788 |               544.644 |         9.54551447979e-09 | 5.97936383407e-11 |            2.88807234165e-09 | 3.28896566224e-11 |        117 
              544.644 |               553.992 |          9.4194863374e-09 | 5.95760924461e-11 |            2.86511417443e-09 | 3.28571102419e-11 |        118 
              553.992 |               564.816 |         9.37908367596e-09 | 5.82889881253e-11 |            2.88174909015e-09 | 3.23098102403e-11 |        119 
              564.816 |               576.624 |         9.41022564255e-09 | 5.84941514125e-11 |            2.86966460331e-09 | 3.23018959539e-11 |        120 
              576.624 |               588.432 |         9.69948308127e-09 | 6.06491420371e-11 |            2.85373254514e-09 | 3.28970535025e-11 |        121 
              588.432 |               600.732 |         9.69653429909e-09 | 6.05816189407e-11 |            2.83179604053e-09 | 3.27388623267e-11 |        122 
              600.732 |               613.524 |         9.68773837191e-09 | 6.07408246772e-11 |            2.80599495258e-09 | 3.26898484963e-11 |        123 
              613.524 |               627.792 |         9.74574148254e-09 |  6.0976375212e-11 |             2.7945605108e-09 | 3.26520856064e-11 |        124 
              627.792 |               643.536 |         1.00195899613e-08 | 6.25077734285e-11 |             2.7780595065e-09 |  3.2913937455e-11 |        125 
              643.536 |                661.74 |         9.55832544002e-09 | 6.00192524135e-11 |            2.76403564037e-09 | 3.22753885206e-11 |        126 
               661.74 |               684.864 |         9.22792595126e-09 | 5.83922525185e-11 |            2.80683464299e-09 | 3.22041309169e-11 |        127 
              684.864 |                 713.4 |         9.11710786735e-09 | 5.74251284749e-11 |            2.87573383988e-09 | 3.22513411565e-11 |        128 
                713.4 |               746.856 |         8.74708876628e-09 | 5.50765299428e-11 |            2.99842321148e-09 | 3.22464015187e-11 |        129 
              746.856 |               794.088 |         7.41222383905e-09 |  4.6884489592e-11 |             3.2422212737e-09 | 3.10081779168e-11 |        130 
              794.088 |               849.192 |         6.46525981683e-09 | 4.07962448117e-11 |            3.38570688378e-09 | 2.95224146708e-11 |        131 
              849.192 |               913.152 |         5.13697496857e-09 | 3.25039565287e-11 |            3.51276903734e-09 | 2.68786419959e-11 |        132 
              913.152 |              1001.712 |          3.4634022368e-09 | 2.18910767621e-11 |            3.50944432847e-09 | 2.20361057897e-11 |        133 
             1001.712 |              1142.424 |         2.10609782722e-09 | 1.33173994693e-11 |            3.44422358977e-09 | 1.70304376873e-11 |        134 
             1142.424 |              2399.976 |         9.89527023835e-10 | 8.17901344232e-12 |             3.3952191896e-09 | 1.51502915825e-11 |        135 
                  0.0 |                 5.412 |         8.51450851896e-06 | 3.79707828065e-08 |            9.50443172921e-09 | 1.26862376109e-09 |        136 
                5.412 |                 8.364 |         1.91283426205e-06 |  7.2641280685e-09 |            2.85193897806e-09 | 2.80488412598e-10 |        137 
                8.364 |                10.824 |         1.84859710852e-06 | 6.63645956413e-09 |            2.76247440269e-09 | 2.56545521534e-10 |        138 
               10.824 |                12.792 |         1.77037417566e-06 | 6.53894789599e-09 |            2.78335899693e-09 | 2.59274578731e-10 |        139 
               12.792 |                 14.76 |         1.73638184012e-06 | 5.99172645066e-09 |            2.81067811462e-09 | 2.41065422642e-10 |        140 
                14.76 |                16.728 |          1.6617065241e-06 | 5.43983782571e-09 |            2.65628856281e-09 | 2.17493571569e-10 |        141 
               16.728 |                18.696 |         1.60073137012e-06 | 5.06004171273e-09 |            2.77166792084e-09 | 2.10554948215e-10 |        142 
               18.696 |                20.664 |         1.50989226995e-06 | 4.69444390711e-09 |            2.78249010379e-09 | 2.01524557345e-10 |        143 
               20.664 |                 22.14 |         1.41722608092e-06 | 4.98215369244e-09 |            2.68332424035e-09 | 2.16787439505e-10 |        144 
                22.14 |                23.616 |         1.31887252741e-06 | 4.76024875789e-09 |            2.76599399335e-09 | 2.17998671222e-10 |        145 
               23.616 |                25.092 |         1.21112315501e-06 |  4.3342605445e-09 |             2.7110378234e-09 |  2.0506363992e-10 |        146 
               25.092 |                26.568 |         1.12522352625e-06 | 4.10061916827e-09 |            2.85151489483e-09 |  2.0642764764e-10 |        147 
               26.568 |                28.044 |         1.03628904758e-06 | 3.86878774613e-09 |            2.65230972157e-09 | 1.95725116207e-10 |        148 
               28.044 |                 29.52 |         9.50515194613e-07 | 3.63411639512e-09 |            2.77696637209e-09 | 1.96428555339e-10 |        149 
                29.52 |                30.996 |         8.45838204385e-07 | 3.27885239416e-09 |            2.67724175764e-09 | 1.84468410978e-10 |        150 
               30.996 |                32.964 |         7.45776943677e-07 | 2.65718996973e-09 |            2.64949001581e-09 | 1.58379605882e-10 |        151 
               32.964 |                34.932 |         6.66612894628e-07 | 2.41794645907e-09 |            2.61286071405e-09 | 1.51379802294e-10 |        152 
               34.932 |                  36.9 |         6.04132567727e-07 | 2.25518422098e-09 |             2.6099086175e-09 | 1.48227422924e-10 |        153 
                 36.9 |                38.868 |         5.53316196715e-07 | 2.10910100275e-09 |            2.65365083619e-09 | 1.46060431853e-10 |        154 
               38.868 |                40.836 |         5.20138108815e-07 | 1.98045462833e-09 |            2.58256248532e-09 | 1.39550368078e-10 |        155 
               40.836 |                43.296 |         4.60407687975e-07 | 1.61803899364e-09 |            2.69058943336e-09 | 1.23691947529e-10 |        156 
               43.296 |                45.756 |         3.90379453747e-07 | 1.43894727426e-09 |            2.65161158506e-09 | 1.18592263058e-10 |        157 
               45.756 |                48.216 |          3.4900024711e-07 | 1.32297213911e-09 |            2.60021243072e-09 | 1.14193722486e-10 |        158 
               48.216 |                50.676 |         3.10782748571e-07 | 1.20557148758e-09 |            2.68421174695e-09 | 1.12039945589e-10 |        159 
               50.676 |                53.628 |         2.76397340281e-07 | 1.01435963336e-09 |            2.73674267874e-09 | 1.00935050261e-10 |        160 
               53.628 |                 56.58 |         2.53184373227e-07 | 9.58017912108e-10 |            2.84351171887e-09 | 1.01527265681e-10 |        161 
                56.58 |                59.532 |         2.97422237123e-07 | 1.01177866107e-09 |            2.79359721317e-09 | 9.80574689001e-11 |        162 
               59.532 |                61.992 |         1.85231051247e-07 | 8.44195663882e-10 |            2.74742600311e-09 | 1.02813280372e-10 |        163 
               61.992 |                64.452 |         1.56014289537e-07 |  7.5064463944e-10 |            2.68837471398e-09 | 9.85364954903e-11 |        164 
               64.452 |                 66.42 |         1.41590954188e-07 | 7.87234634821e-10 |            2.62997639747e-09 | 1.07290768497e-10 |        165 
                66.42 |                 68.88 |         1.33003717144e-07 | 6.72402983835e-10 |            2.67101669588e-09 | 9.52875276432e-11 |        166 
                68.88 |                72.816 |          1.2162871053e-07 | 4.95745880777e-10 |            2.64880112377e-09 | 7.31586620324e-11 |        167 
               72.816 |                76.752 |         1.09343886512e-07 | 4.58748676043e-10 |            2.61579918829e-09 | 7.09544732597e-11 |        168 
               76.752 |                80.688 |         9.86547391729e-08 | 4.24328495266e-10 |            2.63095805126e-09 | 6.92947248843e-11 |        169 
               80.688 |                84.624 |         9.09714138047e-08 | 3.96319604421e-10 |            2.64191050678e-09 |  6.7538612963e-11 |        170 
               84.624 |                 88.56 |         8.34815681857e-08 | 3.70525036276e-10 |            2.61669607229e-09 | 6.55992558034e-11 |        171 
                88.56 |                92.496 |         7.82957244379e-08 | 3.49508835426e-10 |            2.65955947025e-09 | 6.44160355461e-11 |        172 
               92.496 |                96.432 |         7.32162787795e-08 | 3.32567918392e-10 |            2.60891192701e-09 |  6.2777821626e-11 |        173 
               96.432 |                99.876 |         6.81315298221e-08 | 3.38006284588e-10 |            2.62935848187e-09 | 6.64011527101e-11 |        174 
               99.876 |               104.304 |         6.47580685762e-08 | 2.82394786766e-10 |             2.5866538357e-09 | 5.64389441566e-11 |        175 
              104.304 |                108.24 |         6.06784271247e-08 | 2.81823450964e-10 |            2.64157461421e-09 | 5.88019090335e-11 |        176 
               108.24 |               112.176 |         5.72519812026e-08 | 2.69508591906e-10 |            2.60089453721e-09 | 5.74432130723e-11 |        177 
              112.176 |               116.112 |         5.37541525234e-08 | 2.56855622449e-10 |            2.60423417389e-09 | 5.65357422505e-11 |        178 
              116.112 |               120.048 |         5.07668611479e-08 | 2.45805242353e-10 |            2.61735067502e-09 | 5.58125597037e-11 |        179 
              120.048 |               123.984 |          4.7536311179e-08 | 2.34393620878e-10 |            2.60384540252e-09 | 5.48580836387e-11 |        180 
              123.984 |                127.92 |         4.48337433271e-08 | 2.23555662332e-10 |            2.59096447546e-09 | 5.37420114897e-11 |        181 
               127.92 |               131.856 |         4.21908322577e-08 | 2.13311422999e-10 |            2.57559186543e-09 |  5.2704000427e-11 |        182 
              131.856 |               135.792 |         3.93445100176e-08 | 2.01881578084e-10 |            2.56199530875e-09 | 5.15161959263e-11 |        183 
              135.792 |               139.728 |         3.69203491727e-08 |  1.9272725252e-10 |             2.6195080881e-09 | 5.13357735647e-11 |        184 
              139.728 |               144.156 |          3.5185556214e-08 |  1.7418144562e-10 |            2.57290732747e-09 | 4.71011760226e-11 |        185 
              144.156 |               148.584 |         3.27685910288e-08 | 1.65404186521e-10 |            2.58531256638e-09 | 4.64594591689e-11 |        186 
              148.584 |               153.012 |         3.05814259107e-08 | 1.57397669712e-10 |            2.58975739221e-09 | 4.58035336042e-11 |        187 
              153.012 |                157.44 |         2.87000394572e-08 | 1.52046514246e-10 |             2.6092928915e-09 | 4.58454918713e-11 |        188 
               157.44 |               161.868 |         2.75538892973e-08 | 1.47702655708e-10 |            2.59317373875e-09 |  4.5311940858e-11 |        189 
              161.868 |               166.296 |         2.57778040199e-08 | 1.41641487896e-10 |            2.58188672875e-09 | 4.48266325529e-11 |        190 
              166.296 |               170.724 |         2.45645995249e-08 | 1.36371004001e-10 |            2.57020019249e-09 | 4.41113819541e-11 |        191 
              170.724 |               175.152 |         2.36724631913e-08 | 1.30737711676e-10 |            2.58145456996e-09 | 4.31729167002e-11 |        192 
              175.152 |                179.58 |         2.25636427908e-08 | 1.24863608522e-10 |            2.58095028483e-09 |  4.2230000186e-11 |        193 
               179.58 |               184.008 |         2.16651376729e-08 | 1.21716614116e-10 |            2.57540163922e-09 | 4.19654232439e-11 |        194 
              184.008 |               188.436 |         2.10348119227e-08 | 1.18527656397e-10 |            2.58422237228e-09 | 4.15446695417e-11 |        195 
              188.436 |               192.864 |         2.00996546781e-08 | 1.14272005317e-10 |            2.60167637515e-09 |   4.111234017e-11 |        196 
              192.864 |               197.784 |         1.94227774988e-08 | 1.05424190718e-10 |            2.59713400556e-09 | 3.85506582466e-11 |        197 
              197.784 |               202.704 |         1.87195782899e-08 | 1.04377765361e-10 |            2.60824420125e-09 | 3.89613604384e-11 |        198 
              202.704 |               207.624 |         1.81084901449e-08 | 1.01949284247e-10 |            2.60594185029e-09 | 3.86745634787e-11 |        199 
              207.624 |               212.544 |         1.73567244924e-08 | 9.86814709249e-11 |            2.60720303866e-09 | 3.82462763534e-11 |        200 
              212.544 |               217.956 |         1.65578789241e-08 |  9.1043662204e-11 |            2.60025408351e-09 | 3.60790653063e-11 |        201 
              217.956 |               223.368 |         1.60540268031e-08 | 8.78558445762e-11 |            2.62955393808e-09 | 3.55565558951e-11 |        202 
              223.368 |                228.78 |         1.50856130383e-08 | 8.36647811412e-11 |            2.61895250474e-09 | 3.48598093096e-11 |        203 
               228.78 |               234.192 |         1.43847481406e-08 |  8.0728856955e-11 |             2.6570892965e-09 | 3.46961074894e-11 |        204 
              234.192 |               239.604 |         1.35902412009e-08 | 7.70751736753e-11 |            2.63875505524e-09 | 3.39625642181e-11 |        205 
              239.604 |               245.016 |         1.30191240103e-08 | 7.54030436985e-11 |            2.66672764122e-09 | 3.41261526951e-11 |        206 
              245.016 |               250.428 |          1.2453687982e-08 | 7.34573940709e-11 |            2.64757418023e-09 | 3.38696425297e-11 |        207 
              250.428 |               255.348 |         1.20392151978e-08 | 7.44575196832e-11 |            2.64484817543e-09 | 3.48987471191e-11 |        208 
              255.348 |               261.744 |         1.16436931785e-08 | 6.33273946848e-11 |            2.64505150239e-09 | 3.01830639238e-11 |        209 
              261.744 |               267.156 |          1.1137080181e-08 | 6.66309621103e-11 |            2.63792377659e-09 |  3.2428103418e-11 |        210 
              267.156 |               272.568 |         1.06715347741e-08 | 6.50782869235e-11 |            2.64376054006e-09 | 3.23917002956e-11 |        211 
              272.568 |                277.98 |         1.05108341241e-08 |  6.5485011085e-11 |            2.64390024262e-09 | 3.28432285665e-11 |        212 
               277.98 |               283.392 |         1.01835645634e-08 | 6.28185280563e-11 |              2.626140539e-09 | 3.19004514149e-11 |        213 
              283.392 |               288.804 |         9.67454342618e-09 | 6.17617910137e-11 |            2.66418318108e-09 | 3.24105714917e-11 |        214 
              288.804 |               294.216 |          9.3236851105e-09 | 6.00146603985e-11 |            2.68142742704e-09 | 3.21844862656e-11 |        215 
              294.216 |               299.628 |         9.02767420909e-09 | 5.77792545659e-11 |            2.68096225779e-09 | 3.14868591942e-11 |        216 
              299.628 |                305.04 |         8.72214124036e-09 | 5.70525884414e-11 |             2.6690471928e-09 | 3.15603580472e-11 |        217 
               305.04 |               310.452 |         8.65814724026e-09 | 5.65294145168e-11 |            2.67270189858e-09 | 3.14077804038e-11 |        218 
              310.452 |               316.356 |         8.28073534821e-09 | 5.26461083907e-11 |            2.65311091356e-09 | 2.97995384203e-11 |        219 
              316.356 |                322.26 |         8.04777753947e-09 | 5.14745954939e-11 |            2.65607929677e-09 | 2.95716449113e-11 |        220 
               322.26 |               328.164 |         7.72917861592e-09 | 4.92414393439e-11 |            2.67940060286e-09 | 2.89923156349e-11 |        221 
              328.164 |               334.068 |         7.38500125725e-09 | 4.79314755131e-11 |            2.67856296008e-09 | 2.88666543235e-11 |        222 
              334.068 |               339.972 |         7.18801850091e-09 | 4.67508830272e-11 |            2.69570517683e-09 | 2.86300056299e-11 |        223 
              339.972 |               345.876 |          6.9964749545e-09 | 4.60566634985e-11 |            2.69539223908e-09 | 2.85866863807e-11 |        224 
              345.876 |                351.78 |         6.75154476049e-09 | 4.52178649625e-11 |            2.70259656511e-09 |  2.8608763657e-11 |        225 
               351.78 |               358.176 |           6.592500198e-09 | 4.28604175567e-11 |            2.70863676285e-09 | 2.74730400542e-11 |        226 
              358.176 |                364.08 |         6.35562806319e-09 |  4.3694429468e-11 |            2.72743429499e-09 | 2.86235832041e-11 |        227 
               364.08 |               369.984 |         6.10427670707e-09 | 4.23470108967e-11 |              2.726820078e-09 | 2.83030926351e-11 |        228 
              369.984 |               375.888 |         5.95625128001e-09 | 4.14464287381e-11 |            2.73451369295e-09 | 2.80828163104e-11 |        229 
              375.888 |               381.792 |         5.75885375971e-09 | 4.07267832074e-11 |            2.75015088417e-09 | 2.81442926616e-11 |        230 
              381.792 |               387.696 |         5.43479168851e-09 | 3.94479524372e-11 |            2.74792840246e-09 | 2.80501833505e-11 |        231 
              387.696 |                 393.6 |         5.28792214755e-09 | 3.83696642123e-11 |            2.75824153583e-09 | 2.77116012693e-11 |        232 
                393.6 |               399.996 |         5.07349038458e-09 | 3.55977523997e-11 |            2.77624590559e-09 | 2.63328655825e-11 |        233 
              399.996 |               406.392 |         5.03476518857e-09 | 3.53994058789e-11 |            2.78595441902e-09 | 2.63325770524e-11 |        234 
              406.392 |               412.296 |         4.81886647935e-09 | 3.58683715107e-11 |            2.79406237893e-09 | 2.73122353703e-11 |        235 
              412.296 |               418.692 |         4.62703621667e-09 | 3.37103650465e-11 |            2.82218339572e-09 | 2.63271973391e-11 |        236 
              418.692 |               425.088 |         4.46456680878e-09 | 3.33979810292e-11 |             2.8452356557e-09 | 2.66618118828e-11 |        237 
              425.088 |               431.484 |          4.3897186242e-09 | 3.32913826427e-11 |            2.84711784193e-09 | 2.68111966192e-11 |        238 
              431.484 |                437.88 |         4.14746901376e-09 | 3.21269381544e-11 |             2.8529720048e-09 | 2.66456619249e-11 |        239 
               437.88 |               444.276 |         4.09795021546e-09 | 3.21191658822e-11 |            2.87137433539e-09 | 2.68859763957e-11 |        240 
              444.276 |               451.164 |         4.02768151389e-09 | 3.05623790063e-11 |             2.8693154739e-09 | 2.57957844298e-11 |        241 
              451.164 |               458.052 |         3.87852430527e-09 | 3.02369542875e-11 |            2.89085393594e-09 |   2.610464852e-11 |        242 
              458.052 |               464.448 |         3.77395433188e-09 | 3.11270809345e-11 |            2.90955275176e-09 | 2.73308534198e-11 |        243 
              464.448 |               471.336 |         3.50804811816e-09 | 2.89337297596e-11 |             2.9373819434e-09 | 2.64759693394e-11 |        244 
              471.336 |               478.224 |         3.38644349242e-09 | 2.85663586868e-11 |             2.9291809173e-09 | 2.65678294929e-11 |        245 
              478.224 |               485.604 |            3.28559465e-09 | 2.73952269038e-11 |             2.9221978262e-09 | 2.58358471222e-11 |        246 
              485.604 |               492.984 |         3.07508999063e-09 | 2.72598581341e-11 |             2.9251144614e-09 | 2.65868019324e-11 |        247 
              492.984 |               500.856 |         3.10173869976e-09 | 2.70889446791e-11 |            2.92869805917e-09 | 2.63224787206e-11 |        248 
              500.856 |                509.22 |         2.92249055761e-09 | 2.58687219258e-11 |            2.93915823782e-09 | 2.59423852604e-11 |        249 
               509.22 |               517.584 |         2.85242085902e-09 | 2.61195086626e-11 |             2.9459067973e-09 | 2.65440816395e-11 |        250 
              517.584 |               526.932 |         2.72698446774e-09 | 2.48143227111e-11 |            2.96653896431e-09 | 2.58813025013e-11 |        251 
              526.932 |               535.788 |         2.64453102364e-09 | 2.57741693758e-11 |            2.97055711669e-09 | 2.73167669739e-11 |        252 
              535.788 |               544.644 |         2.53265556756e-09 | 2.58253693268e-11 |            2.97562966571e-09 | 2.79929018389e-11 |        253 
              544.644 |               553.992 |         2.48013137113e-09 | 2.53992059041e-11 |            2.95419443912e-09 | 2.77205810046e-11 |        254 
              553.992 |               564.816 |          2.4220196303e-09 |  2.3965834094e-11 |            2.94520488025e-09 | 2.64278287995e-11 |        255 
              564.816 |               576.624 |         2.21894616828e-09 | 2.29684331936e-11 |            2.95087030245e-09 | 2.64870172961e-11 |        256 
              576.624 |               588.432 |         2.15979223263e-09 | 2.36544665195e-11 |            2.93064025208e-09 | 2.75542398869e-11 |        257 
              588.432 |               600.732 |         2.00582366051e-09 | 2.32564088098e-11 |            2.91816552443e-09 | 2.80511871103e-11 |        258 
              600.732 |               613.524 |         1.99039934352e-09 | 2.38956568216e-11 |            2.91780098668e-09 | 2.89318836263e-11 |        259 
              613.524 |               627.792 |         2.02833865736e-09 | 2.46549653325e-11 |            2.93089106603e-09 | 2.96369836449e-11 |        260 
              627.792 |               643.536 |         1.97423745924e-09 | 2.51260705392e-11 |            2.91741756491e-09 | 3.05438784804e-11 |        261 
              643.536 |                661.74 |          1.7474164565e-09 | 2.37245458331e-11 |            2.98851382974e-09 | 3.10261094942e-11 |        262 
               661.74 |               684.864 |          1.6157432856e-09 | 2.22702198124e-11 |            3.04538846746e-09 | 3.05745212063e-11 |        263 
              684.864 |                 713.4 |          1.5100232025e-09 | 2.20211515892e-11 |             3.1433167007e-09 | 3.17718346718e-11 |        264 
                713.4 |               746.856 |          1.4324809403e-09 | 2.22375947112e-11 |            3.29348157329e-09 | 3.37187151074e-11 |        265 
              746.856 |               794.088 |         1.21122624714e-09 | 1.73994059688e-11 |            3.35101140749e-09 | 2.89407467806e-11 |        266 
              794.088 |               849.192 |         1.06164785141e-09 | 1.41716587844e-11 |            3.47057657385e-09 | 2.56230767781e-11 |        267 
              849.192 |               913.152 |         9.79007400562e-10 | 1.16261571535e-11 |            3.50826672329e-09 |  2.2008452354e-11 |        268 
              913.152 |              1001.712 |         7.11927385911e-10 | 8.30991948412e-12 |            3.50549701122e-09 |  1.8439696248e-11 |        269 
             1001.712 |              1142.424 |         5.80267441788e-10 | 6.27422777669e-12 |             3.5930445121e-09 | 1.56126803858e-11 |        270 
             1142.424 |              2399.976 |          4.8217728889e-10 | 7.66380713653e-12 |            3.64741850381e-09 | 2.10782234653e-11 |        271 
                  0.0 |                 5.412 |         9.98123761416e-06 | 7.33475568789e-08 |            1.17797122048e-08 | 2.51976936483e-09 |        272 
                5.412 |                 8.364 |         1.74882064536e-06 | 1.09344569803e-08 |            2.68419776318e-09 | 4.28382621907e-10 |        273 
                8.364 |                10.824 |          1.6314208692e-06 | 9.61866295465e-09 |            2.74861301321e-09 | 3.94810313448e-10 |        274 
               10.824 |                12.792 |         1.57862754797e-06 | 9.53354638997e-09 |            2.65287590203e-09 | 3.90816701186e-10 |        275 
               12.792 |                 14.76 |         1.49569030777e-06 | 8.64335502077e-09 |            2.66677448507e-09 | 3.64967891804e-10 |        276 
                14.76 |                16.728 |         1.42947437196e-06 | 7.79134962004e-09 |            2.88659455801e-09 | 3.50120396771e-10 |        277 
               16.728 |                18.696 |         1.33109637021e-06 | 7.12386567561e-09 |            2.66764130586e-09 | 3.18914824575e-10 |        278 
               18.696 |                20.664 |         1.30366709276e-06 | 6.78240662118e-09 |            2.72201354275e-09 | 3.09917155646e-10 |        279 
               20.664 |                 22.14 |         1.30379923565e-06 | 7.44024484851e-09 |            2.81589490891e-09 |  3.4577222884e-10 |        280 
                22.14 |                23.616 |          1.2368654554e-06 | 7.19290921926e-09 |            2.76326472346e-09 | 3.39980971116e-10 |        281 
               23.616 |                25.092 |         1.18651049559e-06 | 6.73518353033e-09 |            2.54366806862e-09 | 3.11848646365e-10 |        282 
               25.092 |                26.568 |         1.13823864313e-06 | 6.47921409854e-09 |            2.58716565177e-09 | 3.08899896384e-10 |        283 
               26.568 |                28.044 |         1.08253311671e-06 | 6.19796367188e-09 |            2.73475538776e-09 | 3.11521249888e-10 |        284 
               28.044 |                 29.52 |         1.01530749966e-06 | 5.88760982978e-09 |            2.75285215967e-09 | 3.06571425111e-10 |        285 
                29.52 |                30.996 |         9.47547513204e-07 | 5.47703616313e-09 |            2.74543386333e-09 | 2.94815688928e-10 |        286 
               30.996 |                32.964 |         8.39379089081e-07 | 4.43301224779e-09 |            2.65923220374e-09 | 2.49515760958e-10 |        287 
               32.964 |                34.932 |         6.89837143897e-07 | 3.89313516915e-09 |            2.62695472323e-09 | 2.40243962902e-10 |        288 
               34.932 |                  36.9 |         5.40340358816e-07 | 3.36026392287e-09 |            2.53709009986e-09 |  2.3025424688e-10 |        289 
                 36.9 |                38.868 |         4.28180870262e-07 | 2.93589382886e-09 |             2.6308387245e-09 | 2.30130320352e-10 |        290 
               38.868 |                40.836 |         3.71776115053e-07 | 2.66121406345e-09 |            2.69425981264e-09 | 2.26547260369e-10 |        291 
               40.836 |                43.296 |         3.32260695777e-07 |  2.1736241428e-09 |            2.59863000799e-09 | 1.92228239277e-10 |        292 
               43.296 |                45.756 |          3.0211509582e-07 | 2.00022890428e-09 |            2.68620767219e-09 | 1.88609382063e-10 |        293 
               45.756 |                48.216 |         2.72523192854e-07 | 1.84485028059e-09 |            2.62882871816e-09 |  1.8119263094e-10 |        294 
               48.216 |                50.676 |         2.49072328517e-07 | 1.70041731296e-09 |              2.628645046e-09 |  1.7468626543e-10 |        295 
               50.676 |                53.628 |         2.30014290517e-07 | 1.44607500676e-09 |            2.67797922011e-09 | 1.56033206673e-10 |        296 
               53.628 |                 56.58 |          1.9989882684e-07 | 1.30414206318e-09 |            2.80991057928e-09 | 1.54620122233e-10 |        297 
                56.58 |                59.532 |         1.78133071874e-07 | 1.19853983877e-09 |            2.70623808285e-09 | 1.47728129788e-10 |        298 
               59.532 |                61.992 |          1.6285497731e-07 | 1.22584839326e-09 |            2.70041841685e-09 | 1.57852613032e-10 |        299 
               61.992 |                64.452 |         1.52705019956e-07 | 1.16382776266e-09 |            2.62659545236e-09 | 1.52636589468e-10 |        300 
               64.452 |                 66.42 |         1.43418533693e-07 | 1.23842681152e-09 |            2.67059648284e-09 | 1.68994218529e-10 |        301 
                66.42 |                 68.88 |         1.36057322808e-07 | 1.06250745337e-09 |             2.6669151066e-09 | 1.48756392081e-10 |        302 
                68.88 |                72.816 |         1.28132728902e-07 |  7.9369885651e-10 |            2.67919849087e-09 | 1.14769941552e-10 |        303 
               72.816 |                76.752 |         1.14046463312e-07 | 7.27260563581e-10 |            2.70645154774e-09 | 1.12033852465e-10 |        304 
               76.752 |                80.688 |         1.04601561319e-07 |  6.7541132384e-10 |            2.65594093444e-09 | 1.07623834011e-10 |        305 
               80.688 |                84.624 |         9.53855923211e-08 | 6.27035530627e-10 |            2.74540031069e-09 | 1.06378436002e-10 |        306 
               84.624 |                 88.56 |         8.78083915768e-08 | 5.86436382815e-10 |            2.65652078683e-09 |  1.0200219369e-10 |        307 
                88.56 |                92.496 |         8.19263261882e-08 | 5.50735261871e-10 |            2.71383929256e-09 | 1.00235880132e-10 |        308 
               92.496 |                96.432 |         7.43603668255e-08 | 5.18765890187e-10 |            2.71573348472e-09 | 9.91389283678e-11 |        309 
               96.432 |                99.876 |         7.02817980563e-08 | 5.36483634589e-10 |            2.70201189931e-09 | 1.05191022921e-10 |        310 
               99.876 |               104.304 |         6.65214938768e-08 | 4.45812898264e-10 |            2.67762697105e-09 |  8.9443065707e-11 |        311 
              104.304 |                108.24 |         6.09026810447e-08 | 4.33967966646e-10 |            2.63132209524e-09 |  9.0204139617e-11 |        312 
               108.24 |               112.176 |         5.60984139081e-08 | 4.08912065294e-10 |            2.66188786088e-09 | 8.90737021843e-11 |        313 
              112.176 |               116.112 |         5.34721238314e-08 | 3.91517954196e-10 |            2.61117964131e-09 | 8.65179742139e-11 |        314 
              116.112 |               120.048 |         4.98693262312e-08 | 3.71442201579e-10 |            2.61615875161e-09 | 8.50759004333e-11 |        315 
              120.048 |               123.984 |         4.79150131187e-08 | 3.58418411175e-10 |            2.64738527687e-09 |  8.4248677345e-11 |        316 
              123.984 |                127.92 |         4.52772699718e-08 | 3.41660661311e-10 |            2.64039594112e-09 | 8.25067279292e-11 |        317 
               127.92 |               131.856 |         4.22833306853e-08 | 3.25250766816e-10 |             2.6155107921e-09 | 8.08931947292e-11 |        318 
              131.856 |               135.792 |         4.03458361672e-08 | 3.12302926927e-10 |            2.61184408291e-09 | 7.94603193603e-11 |        319 
              135.792 |               139.728 |         3.77148540667e-08 | 2.97739262562e-10 |            2.59617723259e-09 | 7.81172689987e-11 |        320 
              139.728 |               144.156 |         3.48830228367e-08 | 2.65606432697e-10 |             2.5997940215e-09 | 7.25105174484e-11 |        321 
              144.156 |               148.584 |         3.31740646344e-08 |  2.5653103039e-10 |            2.60437122268e-09 | 7.18773444155e-11 |        322 
              148.584 |               153.012 |         3.03377787359e-08 | 2.45225198604e-10 |             2.6142340019e-09 | 7.19855693598e-11 |        323 
              153.012 |                157.44 |         2.87348107968e-08 | 2.32163903689e-10 |            2.59252989429e-09 | 6.97352611703e-11 |        324 
               157.44 |               161.868 |         2.68301393343e-08 | 2.19908322506e-10 |            2.60548020597e-09 | 6.85289519186e-11 |        325 
              161.868 |               166.296 |         2.52004961125e-08 |  2.1396668317e-10 |             2.5713971544e-09 | 6.83480570452e-11 |        326 
              166.296 |               170.724 |         2.34540889751e-08 | 2.02069335132e-10 |            2.57113033973e-09 | 6.69041660866e-11 |        327 
              170.724 |               175.152 |         2.20830851231e-08 | 1.91606373578e-10 |            2.58334237192e-09 | 6.55346647689e-11 |        328 
              175.152 |                179.58 |         2.10305826488e-08 | 1.84429342709e-10 |            2.57974906025e-09 | 6.45941357731e-11 |        329 
               179.58 |               184.008 |         1.97014312211e-08 | 1.76653955867e-10 |            2.59621828855e-09 |  6.4127612592e-11 |        330 
              184.008 |               188.436 |         1.89455783028e-08 |  1.7318381871e-10 |            2.62091331841e-09 |   6.441391456e-11 |        331 
              188.436 |               192.864 |          1.7934563537e-08 | 1.67317692198e-10 |            2.60460239228e-09 | 6.37627676965e-11 |        332 
              192.864 |               197.784 |         1.70047355541e-08 | 1.50577913487e-10 |            2.64656096641e-09 | 5.94042187069e-11 |        333 
              197.784 |               202.704 |         1.63028990664e-08 | 1.46819158211e-10 |            2.60471218244e-09 | 5.86854154485e-11 |        334 
              202.704 |               207.624 |         1.53819139792e-08 | 1.41914326175e-10 |            2.65512457647e-09 | 5.89608176911e-11 |        335 
              207.624 |               212.544 |         1.47203755354e-08 | 1.35726432846e-10 |            2.64460465498e-09 | 5.75288060707e-11 |        336 
              212.544 |               217.956 |         1.38035512091e-08 | 1.23765295992e-10 |            2.64669232336e-09 | 5.41944965849e-11 |        337 
              217.956 |               223.368 |         1.26394061416e-08 | 1.17089598135e-10 |            2.63534945401e-09 | 5.34655573471e-11 |        338 
              223.368 |                228.78 |         1.23757476138e-08 | 1.18253951142e-10 |             2.6526098746e-09 | 5.47477940082e-11 |        339 
               228.78 |               234.192 |         1.17543979425e-08 | 1.15320223029e-10 |             2.6877365919e-09 | 5.51440484173e-11 |        340 
              234.192 |               239.604 |         1.09382757971e-08 | 1.08206298828e-10 |            2.66468383382e-09 | 5.34073415417e-11 |        341 
              239.604 |               245.016 |         1.03778394474e-08 | 1.02186986155e-10 |            2.66854705129e-09 | 5.18178703206e-11 |        342 
              245.016 |               250.428 |         9.83570853754e-09 | 9.84197898607e-11 |            2.67649705472e-09 | 5.13408433829e-11 |        343 
              250.428 |               255.348 |         9.21184749593e-09 |  1.0013964989e-10 |              2.693000417e-09 |   5.414407129e-11 |        344 
              255.348 |               261.744 |         9.11272037611e-09 | 8.69902088808e-11 |            2.65751473837e-09 | 4.69768811742e-11 |        345 
              261.744 |               267.156 |         8.31515503761e-09 | 8.78659588484e-11 |            2.66501000421e-09 | 4.97433354506e-11 |        346 
              267.156 |               272.568 |         8.03132585423e-09 | 8.73217618982e-11 |            2.67621700706e-09 | 5.04068461897e-11 |        347 
              272.568 |                277.98 |          7.5584668195e-09 |  8.5646337667e-11 |            2.68294513176e-09 | 5.10267409707e-11 |        348 
               277.98 |               283.392 |         7.16233489127e-09 | 8.30295846058e-11 |            2.64866161737e-09 | 5.04915606536e-11 |        349 
              283.392 |               288.804 |         6.96196468816e-09 | 8.04615086159e-11 |            2.67384220164e-09 | 4.98643477941e-11 |        350 
              288.804 |               294.216 |         6.46293974636e-09 | 7.63451474371e-11 |            2.67186690629e-09 | 4.90878244134e-11 |        351 
              294.216 |               299.628 |         6.35510927812e-09 | 7.39105619191e-11 |             2.6989231917e-09 | 4.81659637222e-11 |        352 
              299.628 |                305.04 |          6.0924020711e-09 | 7.31049995342e-11 |            2.70956441871e-09 | 4.87531348222e-11 |        353 
               305.04 |               310.452 |         5.83523615997e-09 | 7.06074597228e-11 |            2.70327234106e-09 | 4.80580632724e-11 |        354 
              310.452 |               316.356 |         5.55493823998e-09 | 6.45316001291e-11 |            2.68684783391e-09 | 4.48801552745e-11 |        355 
              316.356 |                322.26 |         5.37611176265e-09 | 6.28129834635e-11 |            2.70400992531e-09 | 4.45470977924e-11 |        356 
               322.26 |               328.164 |         5.14579105776e-09 | 6.08275351859e-11 |            2.69022109833e-09 | 4.39813061589e-11 |        357 
              328.164 |               334.068 |         4.76968855364e-09 | 5.84270543679e-11 |            2.70090749978e-09 |  4.3966697537e-11 |        358 
              334.068 |               339.972 |         4.75041996992e-09 | 5.76931919549e-11 |            2.70547047479e-09 | 4.35391529458e-11 |        359 
              339.972 |               345.876 |         4.47380381003e-09 | 5.60483376367e-11 |            2.72564950006e-09 | 4.37481065651e-11 |        360 
              345.876 |                351.78 |         4.39939499856e-09 | 5.48078563406e-11 |            2.71400224633e-09 | 4.30478466434e-11 |        361 
               351.78 |               358.176 |         4.08092929539e-09 |  5.0457013351e-11 |            2.72159156214e-09 | 4.12053389491e-11 |        362 
              358.176 |                364.08 |         4.01151102058e-09 | 5.26073620347e-11 |            2.71775842333e-09 | 4.33010017305e-11 |        363 
               364.08 |               369.984 |         3.84949260934e-09 | 5.19585991381e-11 |            2.71479003482e-09 | 4.36338785273e-11 |        364 
              369.984 |               375.888 |         3.78532388662e-09 | 5.08026936178e-11 |            2.76015894503e-09 | 4.33812703408e-11 |        365 
              375.888 |               381.792 |         3.70520771425e-09 | 4.98703233073e-11 |             2.7486754363e-09 | 4.29534077853e-11 |        366 
              381.792 |               387.696 |         3.36823592961e-09 | 4.71191959424e-11 |            2.76660020223e-09 | 4.27041244542e-11 |        367 
              387.696 |                 393.6 |         3.15294255834e-09 |  4.5558804745e-11 |            2.76260564275e-09 | 4.26455494521e-11 |        368 
                393.6 |               399.996 |         3.11399447397e-09 | 4.38617003487e-11 |            2.78792094738e-09 |  4.1501782758e-11 |        369 
              399.996 |               406.392 |         3.08776130979e-09 | 4.37763922322e-11 |               2.81757893e-09 | 4.18173143249e-11 |        370 
              406.392 |               412.296 |         3.01920215736e-09 | 4.45969925663e-11 |            2.82718294052e-09 |  4.3155527412e-11 |        371 
              412.296 |               418.692 |          2.9035436681e-09 | 4.17961293646e-11 |            2.83258482431e-09 | 4.12822493517e-11 |        372 
              418.692 |               425.088 |         2.85328785902e-09 | 4.14154326918e-11 |            2.87982723684e-09 | 4.16075940116e-11 |        373 
              425.088 |               431.484 |         2.59888241314e-09 |  3.9495172876e-11 |            2.87921231008e-09 | 4.15707198074e-11 |        374 
              431.484 |                437.88 |         2.57236689002e-09 | 3.92735629186e-11 |            2.89066544954e-09 | 4.16325255168e-11 |        375 
               437.88 |               444.276 |         2.46083796208e-09 | 3.83956924454e-11 |            2.89849688582e-09 | 4.16703742865e-11 |        376 
              444.276 |               451.164 |         2.37408021561e-09 | 3.65493254428e-11 |            2.91738468812e-09 | 4.05161818939e-11 |        377 
              451.164 |               458.052 |         2.32711296609e-09 | 3.65174043133e-11 |            2.95685747736e-09 | 4.11629399681e-11 |        378 
              458.052 |               464.448 |         2.09110578778e-09 | 3.65116916716e-11 |             2.9745599985e-09 | 4.35467046794e-11 |        379 
              464.448 |               471.336 |         2.05504060959e-09 | 3.60748778623e-11 |            2.99782636504e-09 |    4.35710392e-11 |        380 
              471.336 |               478.224 |         1.87309953982e-09 | 3.47057463333e-11 |            2.98575530804e-09 | 4.38175489491e-11 |        381 
              478.224 |               485.604 |         1.92820268342e-09 | 3.36748845035e-11 |            2.95371018925e-09 | 4.16786574465e-11 |        382 
              485.604 |               492.984 |         1.94917773515e-09 | 3.36896035574e-11 |            2.94789246117e-09 | 4.14310541601e-11 |        383 
              492.984 |               500.856 |         1.68523880825e-09 | 3.05808424153e-11 |            2.97005951467e-09 | 4.05976862814e-11 |        384 
              500.856 |                509.22 |         1.70628004383e-09 | 3.06536674311e-11 |            2.99724284038e-09 | 4.06273250886e-11 |        385 
               509.22 |               517.584 |         1.69043540758e-09 |  3.1012956702e-11 |            3.03882504769e-09 | 4.15811735532e-11 |        386 
              517.584 |               526.932 |         1.41144247511e-09 | 2.74322880233e-11 |            3.04421016553e-09 | 4.02872635406e-11 |        387 
              526.932 |               535.788 |         1.49370689133e-09 | 2.98611371243e-11 |            3.04918038553e-09 | 4.26643566004e-11 |        388 
              535.788 |               544.644 |         1.42856818964e-09 | 3.02683259027e-11 |            3.04913821556e-09 | 4.42207867792e-11 |        389 
              544.644 |               553.992 |         1.21441710796e-09 | 2.84970940154e-11 |            3.06127206566e-09 |  4.5244687435e-11 |        390 
              553.992 |               564.816 |         1.21388278055e-09 | 2.80708099472e-11 |            3.09246061647e-09 | 4.48041951273e-11 |        391 
              564.816 |               576.624 |         1.22455131659e-09 | 2.87639327808e-11 |            3.09958743889e-09 | 4.57627056819e-11 |        392 
              576.624 |               588.432 |          1.2081288586e-09 | 3.06189940189e-11 |             3.0948581078e-09 | 4.90066105394e-11 |        393 
              588.432 |               600.732 |         9.76760441877e-10 | 2.88940799119e-11 |            3.14560929502e-09 | 5.18522050225e-11 |        394 
              600.732 |               613.524 |         1.00579508259e-09 | 3.08609690736e-11 |            3.15588308545e-09 | 5.46657446582e-11 |        395 
              613.524 |               627.792 |         8.62332567142e-10 | 2.93137855446e-11 |            3.19434198812e-09 | 5.64189782315e-11 |        396 
              627.792 |               643.536 |         7.16107433824e-10 | 2.81728551649e-11 |            3.15320151151e-09 | 5.91177150899e-11 |        397 
              643.536 |                661.74 |         8.53981651969e-10 | 3.22145723445e-11 |            3.17813166028e-09 | 6.21461224164e-11 |        398 
               661.74 |               684.864 |         7.51190782658e-10 |  3.0211475185e-11 |             3.1758448797e-09 | 6.21192849805e-11 |        399 
              684.864 |                 713.4 |          8.6876881343e-10 | 3.23702350918e-11 |            3.25734045973e-09 | 6.26794712629e-11 |        400 
                713.4 |               746.856 |         1.03400186931e-09 | 3.43316724335e-11 |            3.36831025685e-09 | 6.19641274805e-11 |        401 
              746.856 |               794.088 |         7.58080427281e-10 | 2.26987531341e-11 |            3.40548963099e-09 | 4.81098656678e-11 |        402 
              794.088 |               849.192 |         7.93601536383e-10 | 1.87644164548e-11 |            3.49365706259e-09 | 3.93707723113e-11 |        403 
              849.192 |               913.152 |         5.33300779698e-10 | 1.28407605238e-11 |            3.51879513923e-09 | 3.29838716293e-11 |        404 
              913.152 |              1001.712 |         6.77261936645e-10 | 1.19667204512e-11 |            3.46321705604e-09 | 2.70605533289e-11 |        405 
             1001.712 |              1142.424 |         5.62885153636e-10 | 9.27072557192e-12 |            3.48169344969e-09 | 2.30568028621e-11 |        406 
             1142.424 |              2399.976 |         3.46272695143e-10 | 1.05545314263e-11 |            3.76931861477e-09 | 3.48226043234e-11 |        407 
