Bin | Vol (cm^3) | T (kT) | kT_lo  |  kT_hi |  n (cm^-3) |       n_lo |       n_hi | P (erg cm^-3) |       P_lo |       P_hi |      Yparm
  0 | 3.0375e+66 |  6.019 | 0.3151 | 0.3134 |    0.11024 |   0.021462 |   0.021487 |     1.063e-09 | 2.1429e-10 | 2.1445e-10 | 2.4443e-05
  1 | 1.5016e+67 | 5.2047 | 0.1356 | 0.1364 |   0.088688 |   0.012747 |   0.012796 |    7.3947e-10 | 1.0801e-10 | 1.0844e-10 | 2.8113e-05
  2 |  1.909e+67 |   4.96 | 0.1354 | 0.1362 |   0.082423 |   0.011597 |   0.011652 |    6.5493e-10 | 9.3867e-11 | 9.4318e-11 | 2.6786e-05
  3 | 1.8439e+67 |  5.121 | 0.1466 | 0.1481 |   0.077005 |    0.01118 |   0.011229 |    6.3174e-10 | 9.3483e-11 | 9.3912e-11 | 2.5774e-05
  4 | 2.3421e+67 |  5.098 | 0.1403 | 0.1415 |   0.071947 |   0.010121 |   0.010177 |    5.8759e-10 | 8.4224e-11 | 8.4702e-11 | 2.5612e-05
  5 |  2.896e+67 | 5.6669 | 0.1958 | 0.1953 |   0.063372 |  0.0091277 |   0.009145 |    5.7531e-10 | 8.5216e-11 | 8.5357e-11 | 2.7068e-05
  6 | 3.4165e+67 |  5.597 | 0.1831 | 0.1983 |   0.060284 |  0.0083032 |  0.0083151 |    5.4053e-10 | 7.6521e-11 | 7.6976e-11 | 2.6751e-05
  7 | 3.9346e+67 | 5.7353 | 0.1943 | 0.1948 |   0.058016 |  0.0077873 |  0.0078017 |    5.3305e-10 | 7.3793e-11 | 7.3932e-11 | 2.7695e-05
  8 | 3.1252e+67 | 5.8887 | 0.2139 | 0.2141 |   0.058194 |  0.0083177 |  0.0083477 |    5.4899e-10 | 8.0961e-11 |  8.124e-11 | 2.5973e-05
  9 |  3.331e+67 | 5.5797 | 0.1841 | 0.2106 |   0.057027 |  0.0082338 |  0.0082411 |    5.0974e-10 | 7.5497e-11 | 7.6135e-11 |  2.478e-05
 10 |  3.836e+67 | 5.8855 | 0.2056 | 0.2059 |   0.054672 |  0.0077664 |  0.0077834 |    5.1548e-10 | 7.5408e-11 |  7.557e-11 | 2.6037e-05
 11 | 4.0337e+67 | 6.0467 | 0.2112 | 0.2113 |   0.053353 |  0.0075293 |  0.0075467 |    5.1682e-10 | 7.5136e-11 | 7.5302e-11 | 2.6506e-05
 12 | 4.4277e+67 | 5.9132 | 0.2162 | 0.2174 |   0.051851 |  0.0072099 |  0.0072277 |    4.9118e-10 | 7.0621e-11 | 7.0809e-11 | 2.6076e-05
 13 | 4.7562e+67 | 5.9882 | 0.2197 | 0.2203 |     0.0495 |  0.0070673 |  0.0070988 |    4.7486e-10 |      7e-11 | 7.0305e-11 | 2.5831e-05
 14 | 5.2658e+67 | 5.9925 | 0.2207 | 0.2219 |   0.048377 |  0.0067908 |  0.0068116 |    4.6442e-10 | 6.7398e-11 | 6.7615e-11 | 2.5665e-05
 15 |  8.086e+67 | 6.0757 | 0.1983 |  0.199 |   0.045389 |  0.0060076 |   0.006031 |    4.4178e-10 | 6.0225e-11 | 6.0459e-11 | 2.8808e-05
 16 | 9.0127e+67 | 5.9923 | 0.1972 | 0.1973 |   0.042251 |  0.0057932 |  0.0058024 |     4.056e-10 | 5.7192e-11 | 5.7279e-11 | 2.7359e-05
 17 | 9.6436e+67 | 6.0587 | 0.2107 | 0.2111 |   0.040127 |  0.0055083 |  0.0055209 |    3.8947e-10 | 5.5153e-11 | 5.5278e-11 | 2.6721e-05
 18 | 1.0426e+68 | 6.0367 | 0.2173 | 0.2184 |   0.037894 |  0.0052604 |   0.005272 |    3.6647e-10 | 5.2555e-11 |  5.268e-11 | 2.5844e-05
 19 | 1.1247e+68 | 6.2033 | 0.2294 |  0.231 |   0.034962 |  0.0048938 |  0.0049012 |    3.4744e-10 | 5.0302e-11 | 5.0396e-11 | 2.4886e-05
 20 | 1.6596e+68 | 6.5364 | 0.2101 | 0.2116 |    0.03162 |  0.0041804 |  0.0041866 |     3.311e-10 | 4.5049e-11 |  4.513e-11 | 2.7301e-05
 21 | 1.8004e+68 |  6.389 | 0.2194 |  0.221 |   0.029214 |  0.0039309 |  0.0039416 |    2.9901e-10 | 4.1523e-11 | 4.1648e-11 | 2.5466e-05
 22 | 1.9352e+68 |  6.361 | 0.2211 | 0.2228 |   0.027098 |  0.0037019 |  0.0037112 |    2.7613e-10 | 3.8926e-11 | 3.9035e-11 | 2.3896e-05
 23 | 2.1094e+68 | 6.6531 | 0.2436 | 0.2879 |   0.024568 |  0.0033278 |  0.0033428 |    2.6186e-10 | 3.6742e-11 | 3.7387e-11 | 2.5315e-05
 24 | 2.9365e+68 | 6.6334 | 0.2271 | 0.2448 |   0.022229 |  0.0029095 |  0.0029175 |    2.3622e-10 | 3.1959e-11 | 3.2206e-11 | 2.5401e-05
 25 | 3.1702e+68 | 6.7136 | 0.2348 | 0.3222 |   0.021484 |  0.0027689 |  0.0027829 |    2.3107e-10 | 3.0857e-11 | 3.1919e-11 | 2.5413e-05
 26 | 3.4184e+68 | 6.7456 | 0.2425 | 0.3214 |   0.020817 |  0.0026031 |   0.002612 |    2.2495e-10 |  2.927e-11 | 3.0193e-11 | 2.5436e-05
 27 | 2.8621e+68 | 6.6665 | 0.2507 | 0.3014 |    0.02094 |  0.0027549 |  0.0027649 |    2.2363e-10 |   3.06e-11 | 3.1212e-11 | 2.3761e-05
 28 | 3.0344e+68 |  6.806 | 0.2556 | 0.3927 |   0.021048 |  0.0026779 |  0.0026819 |    2.2949e-10 | 3.0443e-11 |   3.21e-11 | 2.4936e-05
 29 | 2.3811e+68 | 6.2153 | 0.2342 | 0.2381 |   0.024514 |  0.0030764 |  0.0030867 |    2.4408e-10 | 3.1983e-11 | 3.2125e-11 | 2.4405e-05
 30 | 3.3425e+68 |  7.051 | 0.3407 | 0.3874 |   0.018789 |  0.0024255 |  0.0024257 |    2.1223e-10 | 2.9254e-11 | 2.9777e-11 | 2.3725e-05
 31 |  6.878e+68 | 8.3536 | 0.3723 | 0.4437 |   0.013188 |  0.0017785 |  0.0017801 |    1.7649e-10 | 2.5067e-11 |   2.56e-11 | 2.4799e-05
 32 | 7.4125e+68 | 8.8334 | 0.4642 | 0.5993 |   0.012316 |  0.0016525 |  0.0016527 |    1.7428e-10 | 2.5114e-11 | 2.6206e-11 | 2.5064e-05
 33 | 7.9996e+68 |  8.538 | 0.3905 | 0.5624 |   0.011788 |  0.0015909 |   0.001589 |    1.6124e-10 | 2.2976e-11 | 2.4191e-11 | 2.3719e-05
 34 |  8.622e+68 | 8.0192 | 0.3837 | 0.3871 |    0.01149 |   0.001538 |  0.0015385 |    1.4761e-10 | 2.0982e-11 |  2.101e-11 | 2.2304e-05
 35 | 9.2238e+68 | 8.4358 | 0.3841 | 0.4767 |   0.011195 |  0.0014975 |  0.0015002 |    1.5129e-10 | 2.1378e-11 | 2.2003e-11 |  2.331e-05
 36 | 9.8955e+68 | 8.5298 | 0.3799 | 0.4466 |   0.010902 |  0.0014693 |  0.0014692 |    1.4897e-10 | 2.1146e-11 | 2.1539e-11 | 2.3389e-05
 37 | 1.0528e+69 | 8.2913 | 0.3864 | 0.4098 |    0.01071 |  0.0014135 |   0.001414 |    1.4226e-10 | 1.9911e-11 | 2.0055e-11 | 2.2743e-05
 38 | 9.2972e+68 | 7.9852 | 0.3754 | 0.3789 |   0.011576 |  0.0015425 |  0.0015428 |    1.4809e-10 | 2.0924e-11 |  2.095e-11 | 2.2579e-05
 39 | 1.3885e+69 | 8.1077 | 0.3881 | 0.3927 |  0.0094851 |  0.0012479 |  0.0012479 |     1.232e-10 | 1.7248e-11 | 1.7272e-11 | 2.1505e-05
 40 |  1.258e+69 | 8.0808 | 0.3772 |   0.38 |  0.0099339 |  0.0013259 |  0.0013265 |     1.286e-10 | 1.8184e-11 | 1.8206e-11 | 2.1574e-05
 41 | 1.3188e+69 | 8.3313 | 0.3887 | 0.5127 |  0.0097073 |   0.001274 |  0.0012743 |    1.2956e-10 | 1.8046e-11 | 1.8784e-11 | 2.2161e-05
 42 | 1.3939e+69 |  8.048 | 0.3846 |  0.389 |  0.0094411 |  0.0012267 |  0.0012274 |    1.2172e-10 | 1.6852e-11 | 1.6883e-11 | 2.1136e-05
 43 | 1.4668e+69 | 8.1903 | 0.3827 |  0.386 |  0.0090619 |  0.0011982 |  0.0011983 |     1.189e-10 | 1.6675e-11 | 1.6692e-11 | 2.0928e-05
 44 | 1.5041e+69 |  7.772 | 0.3856 | 0.3894 |  0.0088555 |  0.0011722 |  0.0011721 |    1.1026e-10 | 1.5586e-11 | 1.5605e-11 | 1.9646e-05
 45 | 1.5683e+69 | 8.0834 | 0.3964 | 0.4013 |  0.0086419 |  0.0011372 |  0.0011376 |    1.1191e-10 | 1.5715e-11 | 1.5744e-11 | 2.0195e-05
 46 | 1.6934e+69 | 7.9978 | 0.3839 | 0.3871 |  0.0082182 |  0.0011019 |  0.0011021 |     1.053e-10 | 1.4995e-11 | 1.5012e-11 | 1.9224e-05
 47 | 1.7743e+69 | 8.0678 | 0.3975 | 0.4015 |  0.0080652 |  0.0010733 |  0.0010738 |    1.0424e-10 | 1.4792e-11 | 1.4816e-11 | 1.9364e-05
 48 | 1.8458e+69 | 8.5311 |  0.409 | 0.5176 |  0.0078081 |  0.0010512 |  0.0010505 |    1.0671e-10 |  1.525e-11 | 1.5749e-11 | 2.0042e-05
 49 | 2.2798e+69 |   8.49 | 0.3869 | 0.6107 |  0.0072913 | 0.00095465 | 0.00095576 |    9.9169e-11 | 1.3748e-11 | 1.4828e-11 | 2.1046e-05
 50 | 2.3333e+69 | 8.4904 | 0.3891 | 0.5594 |  0.0070074 | 0.00094274 | 0.00094216 |    9.5312e-11 | 1.3546e-11 | 1.4271e-11 | 2.0482e-05
 51 | 2.4451e+69 | 8.5548 | 0.3933 | 0.5243 |  0.0068603 |  0.0009176 | 0.00091751 |     9.402e-11 | 1.3298e-11 | 1.3832e-11 | 2.0453e-05
 52 | 2.6098e+69 | 8.2699 | 0.3891 | 0.4192 |  0.0066936 | 0.00088611 | 0.00088668 |     8.868e-11 | 1.2459e-11 | 1.2578e-11 | 1.9517e-05
 53 | 2.7228e+69 | 8.1985 | 0.3874 | 0.3915 |  0.0065324 | 0.00087662 | 0.00087664 |    8.5797e-11 | 1.2206e-11 | 1.2221e-11 | 1.9098e-05
 54 | 2.8289e+69 | 9.5361 | 0.6157 | 0.6195 |  0.0064883 | 0.00084999 | 0.00085007 |    9.9121e-11 | 1.4477e-11 | 1.4495e-11 | 2.2304e-05
 55 | 2.9253e+69 | 8.5665 | 0.3983 | 0.5149 |  0.0062516 | 0.00084838 | 0.00085033 |    8.5793e-11 | 1.2307e-11 | 1.2758e-11 |  1.951e-05
 56 | 3.0142e+69 | 8.6648 | 0.4107 | 0.6192 |   0.006125 | 0.00080984 | 0.00081035 |    8.5022e-11 | 1.1942e-11 | 1.2784e-11 |  1.953e-05
 57 | 3.1798e+69 | 8.7168 |  0.455 | 0.6174 |  0.0058756 | 0.00079129 | 0.00079009 |    8.2049e-11 | 1.1851e-11 |  1.247e-11 | 1.9034e-05
 58 | 3.2915e+69 | 8.2787 | 0.4052 | 0.4443 |  0.0056875 | 0.00078199 | 0.00078254 |    7.5431e-11 | 1.1009e-11 |  1.114e-11 | 1.7661e-05
 59 |   3.43e+69 | 8.4852 | 0.4181 | 0.5494 |  0.0056801 | 0.00076736 | 0.00076684 |    7.7211e-11 | 1.1103e-11 | 1.1561e-11 | 1.8245e-05
 60 | 3.5396e+69 | 8.7821 | 0.5206 | 0.6359 |  0.0055558 | 0.00075653 | 0.00075635 |    7.8165e-11 | 1.1608e-11 | 1.2053e-11 | 1.8628e-05
 61 | 4.2602e+69 |  8.564 | 0.4113 | 0.5672 |  0.0053717 | 0.00070371 | 0.00070546 |    7.3697e-11 | 1.0283e-11 |  1.084e-11 | 1.8659e-05
 62 | 4.4094e+69 | 8.1221 | 0.4113 | 0.4175 |  0.0051964 | 0.00068053 |  0.0006805 |    6.7613e-11 | 9.4937e-12 | 9.5121e-12 | 1.7285e-05
 63 | 4.5885e+69 | 8.3178 |  0.408 | 0.4835 |  0.0048963 | 0.00066658 | 0.00066689 |    6.5243e-11 | 9.4412e-12 | 9.6619e-12 |  1.685e-05
 64 |  4.742e+69 | 8.5432 |  0.416 | 0.6031 |  0.0047684 | 0.00065121 | 0.00065114 |    6.5261e-11 | 9.4621e-12 | 1.0032e-11 | 1.7007e-05
 65 | 5.6327e+69 | 8.6389 | 0.4285 | 0.6193 |  0.0045552 | 0.00060571 | 0.00060567 |    6.3042e-11 | 8.9469e-12 | 9.5229e-12 | 1.7396e-05
 66 | 5.8487e+69 | 8.4098 | 0.4123 | 0.5089 |  0.0044212 | 0.00059132 | 0.00059156 |    5.9564e-11 |  8.485e-12 | 8.7469e-12 | 1.6606e-05
 67 | 6.0589e+69 | 8.5689 | 0.4095 | 0.6026 |  0.0043315 | 0.00058685 | 0.00058869 |     5.946e-11 | 8.5424e-12 | 9.0989e-12 | 1.6752e-05
 68 | 6.2631e+69 | 7.6556 | 0.4126 | 0.4182 |  0.0042664 | 0.00056698 |  0.0005673 |    5.2324e-11 | 7.5037e-12 | 7.5218e-12 | 1.5534e-05
 69 | 6.5022e+69 | 8.4461 | 0.4229 |  0.598 |   0.004115 | 0.00056214 | 0.00056257 |    5.5679e-11 | 8.1009e-12 | 8.5722e-12 | 1.6697e-05
 70 | 6.7175e+69 | 8.4457 | 0.4268 | 0.6262 |  0.0041075 | 0.00055586 |  0.0005561 |    5.5575e-11 | 8.0281e-12 | 8.5785e-12 | 1.6747e-05
 71 | 6.9483e+69 |  8.215 | 0.4218 |  0.443 |  0.0039813 | 0.00054846 | 0.00054866 |    5.2395e-11 |  7.703e-12 | 7.7537e-12 | 1.5936e-05
 72 | 6.2485e+69 | 8.4828 | 0.4436 | 0.6235 |  0.0041834 | 0.00056082 | 0.00056021 |     5.685e-11 | 8.1805e-12 | 8.6843e-12 | 1.6677e-05
 73 | 9.2249e+69 | 8.5486 | 0.4192 | 0.5862 |  0.0035629 | 0.00048079 |  0.0004812 |    4.8793e-11 | 7.0056e-12 | 7.3907e-12 | 1.6349e-05
 74 | 7.4487e+69 | 9.2588 | 0.6528 | 0.6672 |  0.0038532 | 0.00052297 | 0.00052348 |    5.7152e-11 | 8.7412e-12 | 8.7892e-12 | 1.7864e-05
 75 |  7.755e+69 | 8.4881 |   0.43 |  0.612 |  0.0037511 | 0.00051526 | 0.00051467 |    5.1007e-11 | 7.4678e-12 | 7.9059e-12 | 1.6076e-05
 76 | 8.1346e+69 |  8.492 | 0.4324 | 0.5712 |   0.003632 | 0.00050112 | 0.00050054 |     4.941e-11 | 7.2667e-12 | 7.5771e-12 | 1.5624e-05
 77 | 8.3853e+69 | 8.3464 |  0.427 | 0.5162 |  0.0036064 | 0.00049802 | 0.00049841 |     4.822e-11 | 7.1012e-12 |  7.301e-12 | 1.5369e-05
 78 | 8.4839e+69 | 8.0468 |  0.429 | 0.4341 |  0.0035551 | 0.00049196 | 0.00049166 |    4.5829e-11 | 6.7963e-12 | 6.8032e-12 | 1.4717e-05
 79 | 8.8502e+69 | 8.2861 | 0.4303 | 0.4804 |  0.0034831 | 0.00048215 | 0.00048206 |    4.6236e-11 | 6.8357e-12 | 6.9378e-12 | 1.4961e-05
 80 | 9.0634e+69 | 7.9914 | 0.4241 | 0.4268 |    0.00342 | 0.00048405 | 0.00048388 |    4.3784e-11 | 6.6182e-12 | 6.6214e-12 | 1.4271e-05
 81 | 9.2494e+69 | 7.7807 | 0.4296 | 0.4345 |  0.0033904 | 0.00047308 | 0.00047339 |     4.226e-11 | 6.3417e-12 | 6.3551e-12 | 1.3871e-05
 82 | 9.6179e+69 | 7.1677 | 0.3921 | 0.4235 |  0.0033586 |  0.0004645 | 0.00046444 |    3.8566e-11 | 5.7357e-12 | 5.7994e-12 | 1.2683e-05
 83 |  1.115e+70 |  7.592 | 0.4103 | 0.4147 |  0.0032034 | 0.00043905 | 0.00043875 |    3.8961e-11 |   5.74e-12 |  5.745e-12 | 1.4022e-05
 84 | 1.1109e+70 | 7.5779 | 0.4235 | 0.4276 |  0.0031693 | 0.00043686 | 0.00043545 |    3.8475e-11 | 5.7227e-12 | 5.7148e-12 | 1.3959e-05
 85 | 1.1666e+70 | 7.1875 |  0.393 | 0.4177 |  0.0030618 |  0.0004265 | 0.00042656 |    3.5255e-11 | 5.2757e-12 | 5.3217e-12 | 1.2889e-05
 86 | 1.2128e+70 | 7.3931 | 0.4277 | 0.4328 |  0.0030337 | 0.00041585 | 0.00041598 |     3.593e-11 | 5.3459e-12 | 5.3569e-12 | 1.3183e-05
 87 | 1.2081e+70 | 7.8793 | 0.4347 | 0.4388 |  0.0029605 |  0.0004173 | 0.00041717 |     3.737e-11 | 5.6565e-12 | 5.6621e-12 | 1.3812e-05
 88 | 1.2385e+70 | 7.2082 |  0.422 |  0.435 |  0.0029696 | 0.00041079 | 0.00041015 |    3.4291e-11 |  5.151e-12 | 5.1685e-12 | 1.2765e-05
 89 | 1.2683e+70 | 7.0517 | 0.3555 | 0.4301 |  0.0029179 | 0.00041237 | 0.00041187 |    3.2963e-11 |  4.946e-12 | 5.0686e-12 | 1.2357e-05
 90 | 1.4568e+70 |  7.653 | 0.4253 | 0.4298 |  0.0028166 | 0.00039283 | 0.00039268 |    3.4532e-11 | 5.1844e-12 | 5.1903e-12 | 1.3493e-05
 91 | 1.3623e+70 | 7.2933 | 0.4361 | 0.4406 |   0.002813 |  0.0003969 | 0.00039678 |    3.2866e-11 | 5.0365e-12 | 5.0432e-12 | 1.2445e-05
 92 | 1.4103e+70 | 6.9694 | 0.3879 | 0.4361 |  0.0028329 |  0.0003883 | 0.00038737 |    3.1629e-11 | 4.6792e-12 | 4.7563e-12 | 1.2059e-05
 93 | 1.4386e+70 | 7.1232 | 0.4251 | 0.4358 |  0.0027947 | 0.00038924 | 0.00038813 |    3.1891e-11 | 4.8324e-12 | 4.8398e-12 | 1.2186e-05
 94 | 1.4708e+70 | 7.4111 |  0.436 | 0.4406 |  0.0027446 |   0.000388 | 0.00038767 |    3.2585e-11 | 4.9895e-12 | 4.9937e-12 | 1.2529e-05
 95 | 1.5011e+70 | 6.8972 | 0.3595 | 0.4386 |  0.0027642 | 0.00038145 | 0.00039285 |    3.0543e-11 | 4.5054e-12 | 4.7555e-12 | 1.1815e-05
 96 | 1.5096e+70 |  6.474 | 0.2903 |  0.294 |  0.0027248 | 0.00039082 | 0.00039264 |     2.826e-11 | 4.2468e-12 | 4.2697e-12 |    1.1e-05
 97 |  1.731e+70 | 7.1566 |  0.415 | 0.4375 |  0.0026574 | 0.00036075 | 0.00035957 |    3.0467e-11 | 4.4975e-12 | 4.5237e-12 |  7.736e-06
 98 | 1.8056e+70 |  6.904 | 0.3232 |  0.427 |  0.0026084 | 0.00035874 | 0.00036372 |    2.8849e-11 | 4.1913e-12 | 4.4008e-12 | 1.2225e-05
 99 | 1.6401e+70 | 6.8176 | 0.2974 | 0.4216 |  0.0026205 | 0.00037211 | 0.00037593 |     2.862e-11 | 4.2515e-12 |  4.471e-12 | 1.1763e-05
100 | 1.8422e+70 | 6.5555 | 0.2897 | 0.2962 |  0.0025248 | 0.00035928 |  0.0003613 |    2.6516e-11 | 3.9509e-12 |  3.979e-12 | 1.1337e-05
101 | 1.9078e+70 | 6.5156 | 0.2899 | 0.2939 |  0.0025113 | 0.00035818 | 0.00035993 |    2.6213e-11 | 3.9164e-12 | 3.9386e-12 | 1.1279e-05
102 | 1.9678e+70 | 6.4022 | 0.2852 | 0.2893 |  0.0024973 | 0.00035318 | 0.00035433 |    2.5613e-11 | 3.7977e-12 |  3.814e-12 | 1.1092e-05
103 | 2.0197e+70 | 6.4637 | 0.2956 | 0.3004 |   0.002483 | 0.00034723 | 0.00034881 |    2.5711e-11 | 3.7829e-12 | 3.8044e-12 |  1.116e-05
104 | 2.0807e+70 | 6.3332 | 0.2843 | 0.2875 |  0.0024146 | 0.00034733 | 0.00034892 |    2.4498e-11 | 3.6916e-12 | 3.7107e-12 | 1.0699e-05
105 | 2.2759e+70 | 6.1651 | 0.2853 | 0.2891 |  0.0023535 | 0.00033558 | 0.00033673 |    2.3244e-11 | 3.4845e-12 | 3.4998e-12 | 1.0585e-05
106 |   2.34e+70 | 6.1609 | 0.2798 | 0.2835 |  0.0023241 | 0.00033178 | 0.00033276 |    2.2939e-11 | 3.4363e-12 | 3.4497e-12 | 1.0479e-05
107 |  2.205e+70 | 5.9817 | 0.2921 | 0.2966 |  0.0023451 | 0.00033841 | 0.00033902 |    2.2473e-11 | 3.4235e-12 | 3.4345e-12 | 9.9654e-06
108 | 2.5346e+70 | 6.1006 | 0.2896 |  0.294 |    0.00227 | 0.00032284 | 0.00032372 |    2.2185e-11 | 3.3263e-12 | 3.3396e-12 | 1.0223e-05
109 | 2.5659e+70 |  6.065 |    0.3 | 0.3055 |  0.0022208 | 0.00031498 | 0.00031644 |    2.1577e-11 | 3.2412e-12 |  3.261e-12 | 1.0006e-05
110 | 2.7254e+70 |  5.878 | 0.2956 | 0.3005 |   0.002165 | 0.00031051 | 0.00031125 |    2.0387e-11 | 3.0985e-12 | 3.1107e-12 | 9.8116e-06
111 | 2.7946e+70 | 5.5975 | 0.2839 | 0.2979 |  0.0021275 | 0.00030904 | 0.00031046 |    1.9077e-11 | 2.9353e-12 | 2.9633e-12 |  9.244e-06
112 | 3.1145e+70 | 5.6822 | 0.2926 | 0.2981 |  0.0020553 | 0.00029608 | 0.00029702 |     1.871e-11 | 2.8622e-12 | 2.8764e-12 | 9.6825e-06
113 | 3.4486e+70 | 5.5464 | 0.3005 |    0.3 |  0.0020144 | 0.00028561 | 0.00030441 |    1.7899e-11 | 2.7167e-12 | 2.8728e-12 | 9.5795e-06
114 | 3.6531e+70 | 5.6702 | 0.2873 | 0.3042 |  0.0019342 | 0.00027878 | 0.00027981 |    1.7569e-11 | 2.6843e-12 | 2.7108e-12 | 9.4775e-06
115 | 4.2308e+70 | 5.8471 | 0.3063 | 0.3118 |  0.0017742 | 0.00025651 | 0.00025708 |    1.6619e-11 | 2.5556e-12 | 2.5659e-12 | 9.5086e-06
116 | 4.1599e+70 |  5.569 | 0.2681 | 0.2991 |  0.0017885 | 0.00026248 |  0.0002632 |    1.5956e-11 | 2.4645e-12 | 2.4996e-12 | 8.9462e-06
117 | 4.5075e+70 | 5.5175 | 0.2807 | 0.2966 |  0.0017481 | 0.00025525 | 0.00026805 |    1.5452e-11 | 2.3892e-12 | 2.5107e-12 | 8.7089e-06
118 | 4.9839e+70 | 5.1881 | 0.2114 | 0.2154 |  0.0016544 | 0.00025038 |  0.0002527 |     1.375e-11 | 2.1551e-12 | 2.1765e-12 | 8.0021e-06
119 | 6.1011e+70 | 5.4879 | 0.2818 | 0.2983 |  0.0015077 | 0.00022035 |   0.000237 |    1.3255e-11 | 2.0533e-12 | 2.2046e-12 | 8.3465e-06
120 | 6.9468e+70 | 5.0281 | 0.2109 | 0.2158 |  0.0014498 | 0.00021564 | 0.00021774 |    1.1678e-11 | 1.8047e-12 | 1.8241e-12 | 7.7402e-06
121 | 7.2384e+70 | 5.2707 | 0.2173 | 0.2799 |  0.0013746 | 0.00021007 | 0.00021248 |    1.1607e-11 | 1.8371e-12 |  1.897e-12 | 7.9003e-06
122 | 8.0203e+70 |   4.79 | 0.2082 | 0.2118 |  0.0013161 | 0.00020106 | 0.00020296 |    1.0099e-11 | 1.6041e-12 | 1.6202e-12 |  7.072e-06
123 | 9.0151e+70 |  4.655 | 0.2036 | 0.2071 |  0.0012594 |  0.0001939 | 0.00019578 |    9.3915e-12 | 1.5032e-12 | 1.5186e-12 | 6.7503e-06
124 | 1.0664e+71 | 4.6329 | 0.2046 | 0.2087 |  0.0011741 | 0.00017959 | 0.00018118 |    8.7142e-12 | 1.3874e-12 | 1.4008e-12 | 6.6596e-06
125 | 1.2282e+71 | 4.3054 | 0.1484 | 0.2042 |  0.0011078 | 0.00017244 | 0.00017432 |    7.6411e-12 | 1.2182e-12 | 1.2558e-12 | 1.9675e-06
126 | 1.6324e+71 | 4.4382 | 0.1998 | 0.2032 | 0.00098948 | 0.00015293 | 0.00015422 |    7.0352e-12 | 1.1325e-12 | 1.1429e-12 | 6.1915e-06
127 | 2.3234e+71 | 4.7619 | 0.2107 | 0.2146 |   0.000844 | 0.00013196 | 0.00013325 |    6.4385e-12 | 1.0462e-12 | 1.0571e-12 | 6.4673e-06
128 | 3.3034e+71 | 4.5264 | 0.2101 | 0.2141 |  0.0007528 | 0.00011912 | 0.00012004 |    5.4588e-12 | 9.0017e-13 | 9.0792e-13 | 6.2444e-06
129 | 4.8985e+71 | 4.4129 | 0.2104 | 0.2142 | 0.00069629 | 0.00011306 | 0.00011762 |    4.9224e-12 |   8.33e-13 | 8.6517e-13 | 6.2108e-06
130 | 8.8011e+71 | 4.0319 | 0.1602 |  0.162 | 0.00055261 | 9.5036e-05 | 9.6386e-05 |    3.5694e-12 | 6.3001e-13 | 6.3887e-13 | 5.4817e-06
131 | 1.2316e+72 | 3.8081 | 0.1729 | 0.1766 | 0.00052929 | 9.6561e-05 | 9.7288e-05 |     3.229e-12 | 6.0705e-13 | 6.1211e-13 | 5.5421e-06
132 |  1.713e+72 | 4.0141 | 0.1815 | 0.1827 | 0.00043739 | 8.2572e-05 | 8.3389e-05 |    2.8127e-12 |   5.46e-13 | 5.5131e-13 | 5.3912e-06
133 | 3.1295e+72 | 3.8034 | 0.1823 | 0.1821 | 0.00032783 | 6.3393e-05 | 6.3997e-05 |    1.9975e-12 | 3.9795e-13 | 4.0149e-13 | 4.6822e-06
134 | 7.4866e+72 | 2.9486 | 0.1036 | 0.1036 | 0.00022391 | 3.7165e-05 | 3.7165e-05 |    1.0577e-12 | 1.7944e-13 | 1.7944e-13 | 3.3063e-06
135 | 7.6417e+73 | 1.4229 | 0.7799 | 0.0686 |  7.048e-05 | 1.7754e-05 |  8.863e-05 |    1.6066e-13 | 9.6912e-14 | 2.0218e-13 | 1.3832e-06
136 | 1.2602e+67 | 6.1356 | 0.0895 | 0.0895 |     0.1168 |   0.012599 |   0.012599 |     1.148e-09 | 1.2496e-10 | 1.2496e-10 | 1.6904e-05
137 | 2.9384e+67 | 4.6227 | 0.0852 | 0.0854 |   0.099322 |    0.01196 |   0.011973 |    7.3554e-10 | 8.9604e-11 | 8.9701e-11 | 1.4483e-05
138 | 3.7194e+67 | 4.3441 | 0.0866 | 0.0797 |   0.096769 |   0.011167 |   0.011186 |    6.7344e-10 | 7.8865e-11 | 7.8819e-11 | 1.5017e-05
139 | 3.7404e+67 | 4.3841 | 0.0856 | 0.0822 |   0.094136 |   0.011069 |   0.011084 |    6.6115e-10 | 7.8804e-11 | 7.8829e-11 | 1.4761e-05
140 | 4.7018e+67 | 4.2734 | 0.0513 | 0.0606 |    0.09027 |   0.010219 |   0.010232 |    6.1799e-10 |  7.035e-11 | 7.0595e-11 | 1.3378e-05
141 | 5.8901e+67 |  4.451 | 0.0727 |  0.073 |   0.084909 |  0.0093437 |  0.0093649 |    6.0544e-10 | 6.7355e-11 | 6.7511e-11 | 1.5686e-05
142 | 6.9723e+67 | 4.6752 | 0.0715 | 0.0717 |   0.080626 |  0.0085761 |  0.0085841 |    6.0386e-10 | 6.4892e-11 | 6.4956e-11 | 1.5294e-05
143 | 8.0173e+67 | 4.8385 | 0.0716 | 0.0718 |   0.076188 |  0.0079838 |   0.008006 |    5.9055e-10 | 6.2499e-11 | 6.2672e-11 | 1.8064e-05
144 | 6.4766e+67 | 4.9638 | 0.0822 | 0.0825 |   0.074586 |  0.0082182 |  0.0082386 |     5.931e-10 | 6.6085e-11 | 6.6251e-11 | 1.9038e-05
145 | 6.8201e+67 |   5.17 | 0.0858 | 0.0864 |   0.070643 |  0.0077994 |  0.0078261 |    5.8509e-10 | 6.5323e-11 | 6.5552e-11 | 1.6363e-05
146 | 7.8888e+67 | 5.2889 | 0.0869 | 0.0874 |   0.066556 |  0.0072245 |  0.0072441 |    5.6391e-10 | 6.1909e-11 | 6.2082e-11 | 1.6394e-05
147 | 8.4226e+67 | 5.3346 | 0.0901 | 0.0907 |   0.063826 |  0.0069022 |  0.0069171 |    5.4546e-10 | 5.9702e-11 | 5.9836e-11 | 1.7783e-05
148 | 9.1034e+67 |  5.318 | 0.0908 | 0.0914 |   0.060249 |  0.0066865 |   0.006704 |    5.1329e-10 | 5.7635e-11 | 5.7792e-11 | 1.7223e-05
149 | 9.7941e+67 | 5.4648 | 0.1075 |  0.133 |   0.057222 |  0.0063569 |  0.0063927 |    5.0096e-10 | 5.6518e-11 | 5.7279e-11 | 1.8468e-05
150 | 1.1035e+68 | 5.4692 |  0.146 |  0.135 |   0.053083 |  0.0059441 |  0.0062338 |    4.6509e-10 | 5.3539e-11 | 5.5812e-11 | 1.5286e-05
151 | 1.6695e+68 | 5.5614 | 0.1237 | 0.1237 |   0.048023 |  0.0051599 |  0.0051657 |    4.2786e-10 | 4.6946e-11 | 4.6996e-11 | 1.5508e-05
152 | 1.8716e+68 | 5.5765 | 0.1267 | 0.1266 |   0.044742 |  0.0048432 |   0.004853 |     3.997e-10 |  4.421e-11 | 4.4294e-11 | 1.3879e-05
153 | 2.0077e+68 |  5.853 | 0.1294 |   0.13 |   0.042124 |  0.0046659 |  0.0046691 |    3.9498e-10 | 4.4613e-11 |  4.465e-11 | 1.6379e-05
154 | 2.1618e+68 | 5.8786 | 0.1337 | 0.1339 |   0.039862 |  0.0044134 |  0.0044202 |    3.7541e-10 | 4.2431e-11 | 4.2496e-11 | 1.3452e-05
155 |  2.361e+68 | 5.9468 | 0.1358 |  0.136 |    0.03837 |  0.0042071 |  0.0042162 |    3.6555e-10 |  4.094e-11 | 4.1027e-11 | 1.5768e-05
156 | 3.4398e+68 | 6.0745 | 0.1269 | 0.1271 |   0.034034 |  0.0035534 |  0.0035592 |     3.312e-10 | 3.5265e-11 | 3.5322e-11 |  1.476e-05
157 | 3.7577e+68 | 5.9162 | 0.1344 | 0.1349 |   0.031111 |  0.0032873 |  0.0032922 |    2.9487e-10 | 3.1868e-11 | 3.1919e-11 | 1.3599e-05
158 | 4.0234e+68 | 5.9585 | 0.1411 |  0.142 |   0.029067 |  0.0030796 |  0.0030829 |    2.7746e-10 | 3.0122e-11 | 3.0161e-11 | 1.2983e-05
159 |  4.418e+68 | 6.0035 |  0.142 | 0.1427 |   0.026864 |  0.0029152 |  0.0029187 |    2.5837e-10 | 2.8696e-11 | 2.8735e-11 | 1.2557e-05
160 | 6.1164e+68 | 6.1151 | 0.1363 | 0.1367 |    0.02403 |  0.0025326 |  0.0025406 |    2.3541e-10 | 2.5359e-11 | 2.5439e-11 | 1.0077e-05
161 | 6.6162e+68 | 6.2155 | 0.1424 | 0.1433 |   0.022224 |  0.0023523 |  0.0023555 |    2.2129e-10 | 2.3965e-11 | 2.4002e-11 | 1.0543e-05
162 | 7.1466e+68 | 6.0992 | 0.1298 | 0.1305 |   0.024101 |  0.0023806 |  0.0023837 |    2.3549e-10 | 2.3795e-11 |  2.383e-11 | 1.2288e-05
163 | 5.9599e+68 | 6.2272 | 0.1743 | 0.1759 |   0.019435 |  0.0022416 |  0.0022504 |    1.9389e-10 | 2.3012e-11 | 2.3108e-11 |  1.029e-05
164 | 6.3543e+68 |  6.179 |  0.182 | 0.1837 |   0.017721 |  0.0021167 |  0.0021199 |    1.7542e-10 | 2.1581e-11 | 2.1622e-11 | 9.5145e-06
165 | 4.9635e+68 | 6.1381 | 0.2116 | 0.2135 |   0.017286 |  0.0022259 |  0.0022326 |    1.6998e-10 | 2.2658e-11 | 2.2736e-11 | 7.9033e-06
166 | 7.0039e+68 | 6.2678 | 0.1925 |  0.194 |   0.016222 |  0.0019847 |  0.0019909 |    1.6289e-10 | 2.0547e-11 | 2.0617e-11 | 7.6553e-06
167 | 1.4396e+69 | 6.2955 | 0.1547 | 0.1556 |   0.014093 |  0.0015578 |  0.0015605 |    1.4213e-10 | 1.6095e-11 | 1.6125e-11 | 7.6287e-06
168 | 1.5502e+69 | 6.5771 | 0.1674 | 0.1689 |   0.013372 |  0.0014594 |  0.0014635 |    1.4089e-10 |  1.579e-11 | 1.5839e-11 | 7.6646e-06
169 | 1.6771e+69 | 6.5779 | 0.1694 | 0.1708 |   0.012509 |  0.0013976 |  0.0014007 |    1.3181e-10 | 1.5114e-11 | 1.5152e-11 | 7.9944e-06
170 | 1.8098e+69 | 6.6612 | 0.1748 | 0.1767 |   0.011735 |  0.0013095 |  0.0013122 |    1.2523e-10 | 1.4355e-11 | 1.4392e-11 | 7.7079e-06
171 | 1.9344e+69 |    6.7 | 0.1767 | 0.2012 |   0.011034 |   0.001254 |  0.0012583 |    1.1843e-10 | 1.3817e-11 | 1.3967e-11 | 6.4099e-06
172 | 2.0748e+69 | 6.5635 | 0.1775 | 0.1797 |   0.010566 |  0.0011966 |  0.0011992 |    1.1109e-10 | 1.2935e-11 | 1.2971e-11 |  6.077e-06
173 | 2.1848e+69 | 6.4295 |  0.181 | 0.1833 |   0.010084 |  0.0011508 |  0.0011528 |    1.0387e-10 | 1.2208e-11 | 1.2237e-11 | 6.3943e-06
174 | 1.8913e+69 | 6.7812 | 0.1991 | 0.2506 |   0.009805 |  0.0011807 |  0.0011832 |    1.0652e-10 | 1.3202e-11 | 1.3443e-11 | 6.7441e-06
175 | 2.8791e+69 | 6.9069 | 0.2366 | 0.2653 |  0.0091445 |  0.0010098 |  0.0010089 |    1.0118e-10 | 1.1698e-11 |  1.182e-11 |  6.344e-06
176 | 2.6439e+69 | 6.8867 | 0.2182 | 0.2828 |  0.0089673 |  0.0010169 |  0.0010288 |    9.8932e-11 | 1.1648e-11 | 1.2056e-11 | 6.8702e-06
177 | 2.7693e+69 | 7.1275 | 0.2864 | 0.2886 |  0.0085545 | 0.00099003 |    0.00099 |    9.7677e-11 | 1.1966e-11 | 1.1976e-11 | 6.7831e-06
178 | 2.9282e+69 | 7.0836 | 0.2764 | 0.2924 |  0.0081882 | 0.00095752 | 0.00095808 |    9.2919e-11 | 1.1455e-11 | 1.1529e-11 | 5.6739e-06
179 | 3.0827e+69 | 7.1902 | 0.3016 | 0.3049 |    0.00797 |  0.0009196 | 0.00092037 |    9.1805e-11 | 1.1271e-11 | 1.1294e-11 | 7.0903e-06
180 | 3.2306e+69 | 7.4297 | 0.3053 | 0.3076 |  0.0075498 | 0.00089448 | 0.00089485 |    8.9861e-11 | 1.1269e-11 | 1.1282e-11 | 6.1699e-06
181 | 3.4059e+69 | 7.3332 | 0.3113 | 0.3139 |  0.0072564 | 0.00085875 | 0.00085882 |    8.5246e-11 | 1.0718e-11 | 1.0729e-11 | 5.9016e-06
182 |  3.562e+69 | 7.6427 | 0.3191 | 0.3218 |  0.0069497 | 0.00083079 | 0.00083146 |    8.5089e-11 | 1.0774e-11 | 1.0792e-11 | 5.9101e-06
183 | 3.7316e+69 |  7.612 | 0.3197 |  0.322 |   0.006571 | 0.00080718 | 0.00080682 |     8.013e-11 | 1.0403e-11 | 1.0406e-11 | 6.1487e-06
184 | 3.8815e+69 | 7.7422 | 0.3349 | 0.3383 |  0.0063838 | 0.00077307 | 0.00077284 |    7.9179e-11 | 1.0182e-11 | 1.0191e-11 |  6.108e-06
185 | 4.7927e+69 | 7.7038 | 0.3155 | 0.3178 |  0.0060247 | 0.00072177 | 0.00072081 |    7.4354e-11 | 9.4138e-12 | 9.4098e-12 | 5.4341e-06
186 | 5.0102e+69 | 7.5351 | 0.3187 | 0.3213 |  0.0057705 | 0.00069902 |  0.0006994 |    6.9657e-11 | 8.9376e-12 | 8.9499e-12 |  5.982e-06
187 | 5.2502e+69 | 7.5491 | 0.3293 | 0.3328 |  0.0055197 | 0.00067502 | 0.00067472 |    6.6753e-11 | 8.6673e-12 | 8.6743e-12 | 4.9779e-06
188 |  5.364e+69 | 7.8653 |  0.346 | 0.3496 |  0.0053283 | 0.00065648 | 0.00065658 |    6.7137e-11 | 8.7832e-12 | 8.7948e-12 | 5.8929e-06
189 | 5.5271e+69 | 7.6878 |  0.341 | 0.3438 |  0.0051219 | 0.00064879 | 0.00064913 |    6.3081e-11 | 8.4661e-12 | 8.4777e-12 | 4.7894e-06
190 | 5.7083e+69 |   7.56 | 0.3494 | 0.3517 |  0.0049301 | 0.00063736 | 0.00063744 |    5.9709e-11 | 8.1976e-12 | 8.2046e-12 | 5.3465e-06
191 | 5.9251e+69 | 7.6618 | 0.3602 | 0.3629 |  0.0048174 | 0.00061794 | 0.00061797 |     5.913e-11 | 8.0781e-12 | 8.0856e-12 | 5.0461e-06
192 | 6.2609e+69 | 7.1186 |  0.331 | 0.3543 |  0.0046774 | 0.00060307 | 0.00060296 |    5.3341e-11 |  7.311e-12 | 7.3709e-12 | 4.2903e-06
193 | 6.6343e+69 | 7.8368 | 0.3567 | 0.3596 |  0.0045114 | 0.00058692 | 0.00058724 |    5.6638e-11 | 7.8065e-12 | 7.8173e-12 |  4.916e-06
194 |   6.81e+69 | 7.8473 | 0.3711 | 0.3747 |  0.0044246 | 0.00057506 | 0.00057435 |    5.5623e-11 |  7.693e-12 | 7.6933e-12 | 4.5385e-06
195 | 7.0603e+69 | 7.5721 | 0.3763 | 0.3809 |  0.0043945 | 0.00056186 | 0.00056182 |    5.3307e-11 | 7.3124e-12 | 7.3237e-12 | 4.6938e-06
196 | 7.3424e+69 | 7.4368 | 0.3758 | 0.3791 |  0.0042714 | 0.00055757 | 0.00055767 |    5.0889e-11 | 7.1231e-12 | 7.1325e-12 | 4.2008e-06
197 | 8.8623e+69 | 7.4344 | 0.3635 | 0.3674 |  0.0040864 | 0.00051448 | 0.00051451 |    4.8669e-11 | 6.5733e-12 | 6.5829e-12 | 4.0863e-06
198 | 8.8059e+69 | 7.5234 | 0.3784 | 0.3833 |  0.0039872 | 0.00050896 |  0.0005088 |    4.8055e-11 | 6.5933e-12 | 6.6029e-12 | 4.0793e-06
199 | 9.0447e+69 | 8.1947 |  0.379 | 0.3814 |    0.00381 | 0.00050773 | 0.00050722 |    5.0017e-11 | 7.0554e-12 |  7.054e-12 | 4.9168e-06
200 | 9.4077e+69 | 7.7839 | 0.3891 | 0.3938 |  0.0037559 | 0.00049344 | 0.00049366 |    4.6836e-11 | 6.5835e-12 | 6.5962e-12 | 4.6523e-06
201 | 1.1082e+70 | 7.5377 | 0.3769 | 0.3816 |  0.0035852 | 0.00046414 | 0.00046364 |    4.3292e-11 | 6.0082e-12 | 6.0123e-12 | 3.7424e-06
202 | 1.1654e+70 | 7.7086 | 0.3732 | 0.3779 |  0.0035049 | 0.00045848 | 0.00045821 |    4.3282e-11 | 6.0372e-12 | 6.0432e-12 | 4.0969e-06
203 | 1.2283e+70 | 7.3448 | 0.3862 | 0.3908 |  0.0034001 | 0.00043702 | 0.00043718 |    4.0007e-11 | 5.5558e-12 | 5.5671e-12 | 4.1166e-06
204 | 1.2748e+70 | 7.3167 |  0.386 | 0.3889 |  0.0032557 | 0.00043409 | 0.00043415 |    3.8162e-11 | 5.4719e-12 | 5.4782e-12 |  3.391e-06
205 | 1.3394e+70 | 7.3711 | 0.3905 | 0.3943 |  0.0031388 | 0.00042302 | 0.00042314 |    3.7064e-11 | 5.3673e-12 | 5.3757e-12 |  3.623e-06
206 | 1.3626e+70 |  7.433 |  0.411 |  0.416 |  0.0030789 | 0.00041073 | 0.00041096 |    3.6662e-11 | 5.2944e-12 | 5.3063e-12 | 3.8771e-06
207 | 1.3896e+70 | 7.6594 | 0.4179 | 0.4228 |  0.0029746 | 0.00040827 | 0.00040855 |      3.65e-11 | 5.3909e-12 | 5.4028e-12 | 3.3385e-06
208 | 1.2789e+70 | 7.6928 | 0.4412 | 0.4462 |   0.002959 | 0.00041458 | 0.00041459 |    3.6467e-11 | 5.5207e-12 | 5.5298e-12 | 3.3789e-06
209 | 1.9323e+70 | 7.5928 | 0.3893 | 0.3933 |  0.0027538 | 0.00036192 | 0.00036167 |    3.3497e-11 | 4.7254e-12 | 4.7291e-12 | 3.1038e-06
210 | 1.5816e+70 | 7.8553 | 0.4302 | 0.4337 |  0.0027426 | 0.00038388 | 0.00038356 |    3.4513e-11 | 5.1874e-12 | 5.1893e-12 | 3.5093e-06
211 | 1.6143e+70 |  7.285 | 0.4323 | 0.4381 |  0.0026709 | 0.00037693 | 0.00037669 |    3.1171e-11 | 4.7721e-12 | 4.7791e-12 | 3.4388e-06
212 | 1.5868e+70 |  7.511 | 0.4545 | 0.4611 |  0.0026478 | 0.00037566 | 0.00037575 |     3.186e-11 | 4.9141e-12 | 4.9262e-12 | 3.0134e-06
213 | 1.6895e+70 | 7.4331 | 0.4506 | 0.4555 |  0.0025751 | 0.00036366 | 0.00036285 |    3.0664e-11 | 4.7125e-12 | 4.7117e-12 | 3.1903e-06
214 | 1.6913e+70 | 7.5017 | 0.4671 | 0.4725 |  0.0024901 | 0.00036395 | 0.00036319 |    2.9925e-11 | 4.7543e-12 | 4.7544e-12 | 3.3749e-06
215 | 1.7414e+70 | 7.5339 | 0.4849 | 0.4939 |  0.0024733 | 0.00035524 | 0.00035536 |    2.9852e-11 | 4.6983e-12 | 4.7143e-12 | 2.8895e-06
216 | 1.8408e+70 | 7.3431 | 0.4755 | 0.4818 |  0.0023868 |   0.000348 | 0.00034739 |    2.8078e-11 | 4.4793e-12 | 4.4827e-12 | 2.9882e-06
217 | 1.8468e+70 | 7.7073 |  0.486 | 0.4915 |  0.0023123 | 0.00034794 | 0.00034772 |     2.855e-11 |  4.658e-12 | 4.6635e-12 | 3.2944e-06
218 | 1.8809e+70 | 7.0519 | 0.4132 |  0.488 |  0.0023171 | 0.00033996 | 0.00033932 |    2.6176e-11 | 4.1355e-12 | 4.2398e-12 | 3.2415e-06
219 | 2.1799e+70 | 6.5933 | 0.3247 |  0.405 |  0.0022348 | 0.00032832 | 0.00033024 |    2.3605e-11 | 3.6576e-12 | 3.7775e-12 | 2.5312e-06
220 | 2.2394e+70 | 6.7831 | 0.3264 | 0.3908 |  0.0021561 | 0.00031795 |   0.000321 |     2.343e-11 | 3.6343e-12 | 3.7402e-12 |  2.538e-06
221 | 2.3929e+70 | 6.7018 |   0.31 | 0.4678 |  0.0020709 | 0.00031498 | 0.00031674 |    2.2234e-11 | 3.5346e-12 |  3.738e-12 | 2.4703e-06
222 | 2.4483e+70 | 6.6834 |  0.336 | 0.4532 |  0.0020338 |  0.0003073 |  0.0003094 |    2.1776e-11 | 3.4675e-12 | 3.6269e-12 |  2.798e-06
223 | 2.5372e+70 | 6.7048 | 0.3351 |  0.534 |  0.0019934 | 0.00030206 | 0.00030365 |    2.1411e-11 | 3.4164e-12 | 3.6805e-12 | 2.5843e-06
224 | 2.5751e+70 | 6.8698 |  0.409 | 0.5059 |  0.0019534 | 0.00029614 | 0.00030482 |    2.1498e-11 | 3.5014e-12 | 3.7095e-12 | 2.4082e-06
225 | 2.6207e+70 | 6.5502 | 0.3536 | 0.4096 |  0.0019161 | 0.00029566 | 0.00029615 |    2.0107e-11 | 3.2868e-12 | 3.3524e-12 | 2.6116e-06
226 | 2.9749e+70 |  6.335 |  0.336 | 0.3411 |  0.0018534 | 0.00028414 | 0.00028566 |     1.881e-11 | 3.0514e-12 | 3.0709e-12 | 2.1526e-06
227 | 2.7171e+70 | 6.4567 | 0.3394 | 0.3432 |  0.0017972 | 0.00029214 | 0.00029281 |     1.859e-11 | 3.1759e-12 | 3.1859e-12 |   2.46e-06
228 | 2.8052e+70 | 6.1209 | 0.3718 | 0.3812 |  0.0018347 | 0.00028888 | 0.00028938 |    1.7991e-11 | 3.0362e-12 | 3.0508e-12 |  2.237e-06
229 | 2.9158e+70 | 6.4534 | 0.3771 | 0.3853 |  0.0017742 | 0.00028253 | 0.00028374 |    1.8342e-11 | 3.1113e-12 | 3.1312e-12 | 2.1104e-06
230 | 2.9643e+70 | 5.9471 | 0.3718 | 0.3786 |  0.0017298 | 0.00028149 |  0.0002825 |     1.648e-11 |  2.873e-12 | 2.8887e-12 | 2.2042e-06
231 | 3.0319e+70 | 5.7287 | 0.3678 | 0.3918 |  0.0016949 | 0.00027544 | 0.00027599 |    1.5555e-11 |  2.718e-12 | 2.7472e-12 |  1.942e-06
232 | 3.1754e+70 | 6.2356 | 0.4087 |  0.422 |  0.0016566 | 0.00026828 |  0.0002687 |    1.6548e-11 | 2.8912e-12 | 2.9085e-12 | 1.9074e-06
233 | 3.7296e+70 | 6.4137 | 0.3976 | 0.4098 |  0.0015846 | 0.00025527 |  0.0002567 |    1.6281e-11 | 2.8104e-12 | 2.8353e-12 | 2.0792e-06
234 | 3.8231e+70 | 6.4703 | 0.3892 | 0.4292 |  0.0015468 | 0.00025462 | 0.00025611 |    1.6034e-11 |   2.81e-12 | 2.8598e-12 | 2.0387e-06
235 | 3.5098e+70 | 5.7901 | 0.3988 | 0.4049 |  0.0015444 | 0.00026359 | 0.00026443 |    1.4326e-11 | 2.6366e-12 | 2.6495e-12 | 1.6802e-06
236 |  4.027e+70 | 5.9502 | 0.3884 | 0.3946 |  0.0014798 | 0.00024836 | 0.00024892 |    1.4106e-11 | 2.5402e-12 | 2.5505e-12 | 1.6468e-06
237 | 4.0618e+70 |  6.167 | 0.4175 |  0.426 |  0.0014446 | 0.00024599 |  0.0002469 |    1.4272e-11 | 2.6153e-12 | 2.6309e-12 | 1.8486e-06
238 |  4.092e+70 | 6.0165 | 0.4114 | 0.4192 |  0.0014282 | 0.00024462 | 0.00024553 |    1.3765e-11 | 2.5387e-12 | 2.5535e-12 | 1.7797e-06
239 | 4.2445e+70 | 5.9829 | 0.4291 |  0.438 |   0.001359 | 0.00023868 | 0.00023943 |    1.3025e-11 |  2.471e-12 | 2.4851e-12 | 1.8415e-06
240 | 4.3004e+70 | 5.7304 | 0.4013 | 0.4306 |  0.0013443 | 0.00024027 | 0.00024103 |    1.2341e-11 |  2.369e-12 | 2.3991e-12 | 1.7434e-06
241 | 4.9392e+70 | 5.6658 | 0.4146 | 0.4206 |  0.0012963 |  0.0002279 | 0.00022859 |    1.1766e-11 | 2.2406e-12 | 2.2512e-12 | 1.5668e-06
242 |  4.981e+70 | 6.4227 | 0.4413 | 0.4802 |  0.0012619 | 0.00022428 | 0.00022541 |    1.2984e-11 | 2.4741e-12 | 2.5143e-12 | 1.8507e-06
243 | 4.5307e+70 | 5.5366 |  0.392 | 0.4772 |  0.0012762 | 0.00023218 |   0.000238 |     1.132e-11 | 2.2098e-12 | 2.3255e-12 | 1.6092e-06
244 | 5.1825e+70 | 5.1962 | 0.3303 | 0.3933 |  0.0012161 | 0.00022477 | 0.00022766 |    1.0123e-11 | 1.9786e-12 | 2.0442e-12 | 1.3552e-06
245 | 5.3683e+70 | 5.3531 | 0.3468 | 0.4997 |  0.0011547 | 0.00022192 | 0.00022447 |    9.9025e-12 | 2.0083e-12 | 2.1354e-12 | 1.4186e-06
246 | 6.1544e+70 | 5.7418 | 0.4489 | 0.4783 |  0.0010926 | 0.00021032 | 0.00021092 |     1.005e-11 |  2.088e-12 |  2.113e-12 | 1.4561e-06
247 | 6.1792e+70 |  5.218 | 0.3651 | 0.5242 |  0.0010415 | 0.00020555 |  0.0002091 |    8.7058e-12 |  1.823e-12 | 1.9545e-12 |  1.274e-06
248 | 6.8505e+70 | 5.5347 | 0.4507 |  0.505 | 0.00098212 | 0.00019476 | 0.00020363 |    8.7081e-12 | 1.8668e-12 | 1.9726e-12 | 1.3682e-06
249 | 7.6857e+70 | 4.8982 | 0.3526 | 0.3609 |  0.0009325 | 0.00018856 | 0.00019117 |    7.3173e-12 | 1.5706e-12 |  1.594e-12 | 1.0829e-06
250 | 7.7888e+70 | 5.6099 | 0.4458 | 0.5457 | 0.00089396 | 0.00018025 | 0.00018199 |     8.034e-12 | 1.7412e-12 | 1.8126e-12 | 1.1039e-06
251 | 9.2325e+70 | 4.9812 | 0.3811 |  0.395 | 0.00085323 |  0.0001734 |   0.000176 |    6.8087e-12 | 1.4785e-12 | 1.5047e-12 | 1.0069e-06
252 | 8.6721e+70 | 4.8053 | 0.4072 | 0.4181 | 0.00082382 | 0.00017993 |   0.000183 |    6.3418e-12 | 1.4857e-12 |  1.513e-12 |  1.023e-06
253 |  8.979e+70 | 4.8839 | 0.4252 |  0.438 |  0.0007652 | 0.00016982 | 0.00017235 |    5.9869e-12 | 1.4272e-12 | 1.4514e-12 | 9.6515e-07
254 | 1.0204e+71 |  5.001 | 0.4355 | 0.4577 |  0.0007163 | 0.00016039 | 0.00016313 |    5.7387e-12 | 1.3787e-12 | 1.4085e-12 | 7.9469e-07
255 | 1.3201e+71 | 5.0587 | 0.4552 | 0.5751 | 0.00065893 | 0.00013885 | 0.00014092 |      5.34e-12 | 1.2236e-12 | 1.2934e-12 | 8.6527e-07
256 | 1.5285e+71 | 4.8072 | 0.4733 | 0.4824 | 0.00056998 | 0.00013739 | 0.00014022 |    4.3895e-12 | 1.1429e-12 | 1.1662e-12 |  6.086e-07
257 |  1.579e+71 | 4.2664 | 0.3351 | 0.6109 |  0.0005494 | 0.00014197 |  0.0001367 |     3.755e-12 | 1.0142e-12 |  1.078e-12 |  6.196e-07
258 | 1.7561e+71 | 4.1113 | 0.3534 | 0.5341 | 0.00049929 |   0.000124 | 0.00012699 |    3.2885e-12 | 8.6424e-13 | 9.3919e-13 |  5.026e-07
259 | 1.9244e+71 | 4.0998 |  0.387 | 0.5416 |   0.000464 | 0.00012059 | 0.00012423 |    3.0475e-12 | 8.4267e-13 | 9.0985e-13 | 5.0632e-07
260 | 2.2554e+71 |  4.099 | 0.3775 | 0.5094 |  0.0004049 | 0.00010876 | 0.00011139 |    2.6588e-12 |   7.55e-13 |  8.026e-13 | 3.7594e-07
261 | 2.6726e+71 | 3.9761 | 0.3845 | 0.4446 | 0.00035959 | 9.8355e-05 | 0.00010053 |    2.2905e-12 | 6.6449e-13 | 6.8967e-13 | 3.8526e-07
262 | 3.5105e+71 | 4.4193 | 0.5497 | 0.6306 | 0.00029912 | 8.5892e-05 | 9.0613e-05 |    2.1177e-12 | 6.6269e-13 | 7.0912e-13 | 3.3528e-07
263 | 5.3142e+71 |  2.794 | 0.4141 | 0.3576 | 0.00026505 | 8.3166e-05 | 9.9995e-05 |    1.1863e-12 | 4.1169e-13 | 4.7263e-13 | 2.0191e-07
264 | 7.6569e+71 | 2.4117 | 0.3609 | 0.2782 |  0.0002054 | 7.3266e-05 | 7.5872e-05 |    7.9359e-13 | 3.0697e-13 |  3.071e-13 | 1.2438e-07
265 | 1.0211e+72 | 1.9401 | 0.3959 |  0.214 | 0.00016881 | 6.7672e-05 | 7.1386e-05 |    5.2467e-13 | 2.3601e-13 | 2.2929e-13 | 8.4205e-08
266 | 1.8854e+72 | 1.8046 | 1.0041 | 0.1786 | 0.00016559 | 5.7687e-05 |  0.0001888 |    4.7872e-13 | 3.1427e-13 | 5.4787e-13 | 8.9958e-08
267 | 2.6169e+72 | 1.1413 | 0.2716 |  0.069 | 0.00015799 | 5.5043e-05 | 0.00011348 |    2.8887e-13 | 1.2188e-13 | 2.0821e-13 | 5.4726e-08
268 | 3.6287e+72 | 2.1991 | 1.2765 | 0.2773 | 0.00012478 | 4.2786e-05 | 9.3402e-05 |    4.3958e-13 | 2.9636e-13 | 3.3369e-13 | 9.1124e-08
269 | 6.6759e+72 | 0.8751 | 0.0856 | 0.0419 | 0.00011678 | 4.3501e-05 | 5.5416e-05 |    1.6372e-13 | 6.3053e-14 | 7.8083e-14 | 3.1588e-08
270 | 1.5794e+73 |   0.84 | 0.0406 | 0.0578 | 7.5497e-05 | 3.3662e-05 |   3.21e-05 |     1.016e-13 | 4.5564e-14 | 4.3758e-14 | 2.3069e-08
271 | 4.5991e+73 | 0.8994 | 0.1114 | 0.0513 | 2.9081e-05 | 1.8119e-05 | 1.8853e-05 |    4.1901e-14 | 2.6618e-14 | 2.7269e-14 | 2.0859e-07
272 | 4.3876e+66 | 5.6213 | 0.1495 | 0.1495 |    0.11273 |   0.016276 |   0.016276 |    1.0152e-09 | 1.4904e-10 | 1.4904e-10 | 1.4424e-05
273 | 1.1471e+67 | 4.1433 | 0.0917 | 0.0918 |    0.09357 |   0.014714 |   0.014758 |    6.2108e-10 | 9.8628e-11 | 9.8921e-11 | 1.0096e-05
274 | 1.5385e+67 | 3.8495 | 0.0847 | 0.0848 |   0.086686 |   0.013391 |   0.013445 |    5.3458e-10 | 8.3412e-11 | 8.3748e-11 | 9.9172e-06
275 | 1.5428e+67 |  3.723 | 0.0864 | 0.0864 |   0.085542 |   0.013513 |   0.013565 |     5.102e-10 | 8.1461e-11 | 8.1766e-11 | 1.0477e-05
276 | 1.9218e+67 | 3.7727 | 0.0826 | 0.0827 |   0.081344 |   0.012497 |    0.01255 |    4.9163e-10 | 7.6291e-11 | 7.6613e-11 | 1.0987e-05
277 | 2.4515e+67 | 3.9788 | 0.0823 | 0.0827 |   0.080256 |   0.011397 |   0.011435 |    5.1156e-10 | 7.3412e-11 | 7.3661e-11 | 1.1973e-05
278 | 2.8925e+67 | 4.1899 | 0.0825 | 0.0828 |   0.075081 |   0.010437 |   0.010492 |    5.0396e-10 | 7.0756e-11 | 7.1122e-11 | 1.2764e-05
279 | 3.3087e+67 | 4.2685 | 0.0811 | 0.1135 |   0.073046 |  0.0099131 |  0.0099528 |     4.995e-10 | 6.8448e-11 | 6.9343e-11 | 1.3248e-05
280 | 2.6867e+67 | 4.2777 | 0.0896 | 0.1331 |   0.074303 |   0.010532 |   0.010589 |    5.0919e-10 | 7.2958e-11 | 7.4273e-11 | 1.3667e-05
281 | 2.8281e+67 | 4.4259 | 0.1304 |  0.134 |   0.070369 |   0.010084 |   0.010129 |    4.9893e-10 | 7.2992e-11 | 7.3389e-11 | 1.3674e-05
282 | 3.2593e+67 | 4.7657 | 0.1338 | 0.1349 |   0.067616 |  0.0094267 |  0.0094711 |    5.1622e-10 | 7.3415e-11 |  7.377e-11 | 1.5008e-05
283 | 3.4951e+67 | 4.9492 | 0.1363 | 0.1374 |   0.065466 |   0.009109 |  0.0091552 |    5.1905e-10 | 7.3623e-11 | 7.4005e-11 | 1.5637e-05
284 | 3.8035e+67 | 4.8614 |  0.135 |  0.136 |   0.062203 |  0.0087517 |  0.0087868 |    4.8443e-10 | 6.9473e-11 | 6.9761e-11 | 1.4476e-05
285 | 4.0893e+67 | 5.0109 | 0.1396 | 0.1409 |    0.05993 |  0.0083453 |  0.0083938 |    4.8109e-10 |  6.832e-11 | 6.8725e-11 | 1.4747e-05
286 | 4.5652e+67 | 4.9758 | 0.1394 | 0.1406 |   0.057542 |  0.0079955 |  0.0080331 |    4.5868e-10 | 6.5016e-11 | 6.5332e-11 | 1.4747e-05
287 | 6.9723e+67 | 5.0843 | 0.1308 | 0.1319 |   0.052201 |  0.0068017 |  0.0068334 |    4.2518e-10 |  5.647e-11 | 5.6741e-11 | 1.4176e-05
288 | 7.7616e+67 | 5.1408 | 0.1396 | 0.1411 |   0.046937 |  0.0063298 |  0.0063602 |    3.8655e-10 | 5.3176e-11 | 5.3443e-11 | 1.3509e-05
289 | 8.4207e+67 | 5.0457 | 0.1556 | 0.1573 |   0.041176 |  0.0057993 |  0.0058332 |    3.3284e-10 | 4.7988e-11 | 4.8279e-11 | 1.1408e-05
290 | 9.0261e+67 | 4.9265 | 0.1662 | 0.1682 |   0.036203 |  0.0054369 |   0.005467 |    2.8573e-10 | 4.3979e-11 | 4.4236e-11 | 1.0114e-05
291 |  9.806e+67 | 4.7262 | 0.1753 | 0.1779 |   0.033637 |  0.0051429 |  0.0051753 |    2.5468e-10 | 4.0068e-11 |  4.034e-11 | 9.3462e-06
292 |  1.441e+68 | 4.7182 | 0.1564 |  0.158 |   0.029775 |  0.0044033 |  0.0044289 |    2.2505e-10 | 3.4108e-11 | 3.4314e-11 | 8.6343e-06
293 | 1.5712e+68 | 4.7485 | 0.1591 | 0.1608 |   0.028181 |  0.0041734 |  0.0041967 |    2.1438e-10 |  3.255e-11 |  3.274e-11 | 8.2268e-06
294 | 1.6798e+68 | 4.9364 | 0.1679 | 0.1701 |   0.026472 |  0.0039289 |  0.0039509 |    2.0934e-10 | 3.1876e-11 | 3.2066e-11 | 8.2013e-06
295 | 1.8453e+68 | 5.0985 | 0.1708 | 0.1731 |   0.024601 |   0.003659 |  0.0036835 |    2.0094e-10 | 3.0635e-11 |  3.085e-11 | 8.3026e-06
296 | 2.5537e+68 | 5.2844 | 0.1616 | 0.1702 |   0.022517 |  0.0031539 |  0.0031722 |    1.9062e-10 | 2.7329e-11 | 2.7547e-11 | 8.1946e-06
297 | 2.7745e+68 | 5.0818 | 0.1669 | 0.1694 |   0.020904 |  0.0029844 |  0.0030052 |    1.7018e-10 | 2.4931e-11 | 2.5114e-11 | 7.2858e-06
298 | 2.9856e+68 |  5.241 | 0.1744 | 0.1774 |   0.019482 |  0.0028172 |  0.0028415 |    1.6358e-10 | 2.4271e-11 | 2.4491e-11 | 7.2382e-06
299 | 2.5032e+68 |   5.72 | 0.2801 |  0.283 |   0.018803 |  0.0028305 |  0.0028414 |     1.723e-10 | 2.7275e-11 | 2.7397e-11 | 7.8048e-06
300 | 2.6619e+68 | 5.5489 | 0.2229 | 0.2867 |   0.018162 |   0.002729 |    0.00274 |    1.6145e-10 | 2.5111e-11 | 2.5745e-11 | 7.5329e-06
301 | 2.0849e+68 | 5.5382 | 0.2554 | 0.3252 |   0.018049 |  0.0028932 |  0.0029055 |    1.6013e-10 |  2.671e-11 |  2.744e-11 | 7.3644e-06
302 | 2.9281e+68 | 5.6795 | 0.2829 | 0.2941 |   0.016815 |  0.0025936 |   0.002603 |    1.5299e-10 | 2.4798e-11 | 2.4973e-11 | 7.1647e-06
303 | 6.0116e+68 | 5.7354 | 0.2379 | 0.2404 |   0.014982 |  0.0020053 |  0.0020115 |    1.3765e-10 |  1.929e-11 | 1.9362e-11 | 6.7828e-06
304 | 6.5039e+68 | 5.9722 | 0.2488 | 0.2517 |   0.013829 |  0.0018733 |  0.0018777 |    1.3231e-10 | 1.8751e-11 |  1.881e-11 | 6.7466e-06
305 | 7.0303e+68 | 5.8347 | 0.2466 | 0.2497 |   0.012857 |  0.0017768 |  0.0017805 |    1.2018e-10 | 1.7368e-11 | 1.7419e-11 | 6.1471e-06
306 | 7.5629e+68 | 5.8086 | 0.2494 |  0.252 |   0.012105 |  0.0016958 |  0.0017012 |    1.1264e-10 | 1.6505e-11 | 1.6568e-11 | 5.9646e-06
307 | 8.1145e+68 |  6.195 | 0.2583 | 0.2614 |   0.011274 |  0.0015873 |  0.0015931 |    1.1189e-10 |  1.643e-11 |   1.65e-11 | 6.1041e-06
308 | 8.7104e+68 | 5.8912 | 0.2604 | 0.2639 |   0.010785 |  0.0015039 |  0.0015089 |    1.0178e-10 |  1.489e-11 | 1.4953e-11 | 5.5386e-06
309 |  9.103e+68 | 5.8206 | 0.2703 | 0.2739 |   0.010159 |  0.0014442 |  0.0014472 |    9.4731e-11 | 1.4167e-11 | 1.4212e-11 |  5.329e-06
310 | 7.7243e+68 | 6.1312 | 0.3027 | 0.3078 |  0.0099165 |  0.0014768 |  0.0014836 |    9.7402e-11 | 1.5282e-11 | 1.5371e-11 | 5.6264e-06
311 | 1.1771e+69 | 5.9798 |  0.261 | 0.2641 |  0.0091883 |  0.0012925 |  0.0012969 |     8.802e-11 | 1.2964e-11 | 1.3018e-11 | 5.0728e-06
312 |  1.108e+69 | 6.1235 | 0.2844 | 0.2883 |  0.0088477 |  0.0012804 |  0.0012855 |    8.6795e-11 | 1.3191e-11 | 1.3256e-11 | 5.1417e-06
313 |  1.162e+69 | 6.2245 | 0.2873 | 0.2904 |   0.008336 |  0.0012413 |  0.0012473 |    8.3124e-11 | 1.2959e-11 | 1.3028e-11 | 5.0004e-06
314 | 1.2292e+69 | 5.8371 | 0.2853 | 0.2891 |  0.0081591 |  0.0012039 |  0.0012093 |    7.6296e-11 | 1.1859e-11 | 1.1923e-11 |  4.746e-06
315 | 1.2926e+69 | 6.1858 | 0.3029 | 0.3082 |  0.0078127 |  0.0011452 |   0.001151 |    7.7421e-11 | 1.1965e-11 | 1.2041e-11 | 4.7967e-06
316 | 1.3545e+69 | 5.9986 |  0.298 | 0.3031 |  0.0075723 |  0.0011229 |  0.0011277 |    7.2768e-11 | 1.1381e-11 | 1.1444e-11 | 4.5994e-06
317 | 1.4302e+69 | 6.2534 | 0.3115 | 0.3173 |  0.0073163 |  0.0010735 |  0.0010789 |    7.3295e-11 | 1.1357e-11 |  1.143e-11 | 4.7581e-06
318 | 1.4956e+69 | 6.1561 | 0.3113 | 0.3164 |  0.0069719 |  0.0010539 |   0.001059 |    6.8758e-11 |  1.096e-11 | 1.1026e-11 |  4.562e-06
319 | 1.5652e+69 | 6.1797 | 0.3104 | 0.3144 |  0.0066491 |  0.0010173 |  0.0010222 |    6.5825e-11 |   1.06e-11 | 1.0659e-11 | 4.3285e-06
320 | 1.6302e+69 | 5.8853 | 0.3231 |  0.328 |  0.0065389 | 0.00099847 |  0.0010036 |    6.1651e-11 | 1.0004e-11 | 1.0067e-11 | 4.1484e-06
321 | 2.0115e+69 | 6.3127 | 0.3154 | 0.3198 |  0.0060436 | 0.00091656 |  0.0009208 |    6.1119e-11 | 9.7592e-12 | 9.8133e-12 |  4.211e-06
322 | 2.0873e+69 | 6.0805 | 0.3144 | 0.3203 |  0.0058737 | 0.00088989 | 0.00089321 |    5.7216e-11 | 9.1593e-12 | 9.2079e-12 | 4.0257e-06
323 | 2.1186e+69 | 6.3654 | 0.3288 | 0.3329 |  0.0054959 | 0.00087148 | 0.00087588 |    5.6043e-11 | 9.3464e-12 | 9.4002e-12 | 3.9246e-06
324 | 2.2642e+69 | 5.6734 | 0.3089 | 0.3279 |  0.0054075 | 0.00085952 | 0.00086237 |    4.9148e-11 | 8.2576e-12 | 8.3367e-12 | 3.5124e-06
325 | 2.4008e+69 |  5.935 | 0.3335 | 0.3379 |  0.0051233 | 0.00082054 | 0.00082446 |    4.8712e-11 | 8.2678e-12 |  8.315e-12 | 3.5552e-06
326 | 2.4178e+69 | 6.2783 | 0.3613 | 0.3691 |  0.0049652 | 0.00078707 | 0.00079115 |    4.9939e-11 | 8.4217e-12 | 8.4816e-12 | 3.7137e-06
327 | 2.5382e+69 | 6.3143 |  0.366 | 0.3731 |  0.0047662 | 0.00076922 | 0.00077336 |    4.8212e-11 | 8.2677e-12 | 8.3255e-12 | 3.5651e-06
328 | 2.6963e+69 | 6.1973 | 0.3618 | 0.3676 |  0.0046076 | 0.00075826 | 0.00076218 |    4.5745e-11 | 7.9878e-12 | 8.0387e-12 |  3.445e-06
329 | 2.8083e+69 | 5.9807 | 0.3722 | 0.3797 |  0.0044594 |  0.0007269 | 0.00073068 |    4.2726e-11 | 7.4548e-12 | 7.5078e-12 | 3.2792e-06
330 | 2.9097e+69 | 6.0478 | 0.3783 | 0.3851 |  0.0043383 | 0.00072521 | 0.00072901 |    4.2032e-11 |  7.502e-12 | 7.5532e-12 |  3.277e-06
331 | 2.9653e+69 | 6.7706 | 0.4088 | 0.5462 |  0.0042007 | 0.00070396 | 0.00071375 |    4.5563e-11 | 8.1159e-12 |   8.57e-12 | 3.5295e-06
332 | 3.0373e+69 | 6.0508 | 0.3968 | 0.4039 |  0.0040651 | 0.00069436 | 0.00069802 |    3.9405e-11 | 7.2097e-12 | 7.2594e-12 | 3.0959e-06
333 | 3.7651e+69 | 6.6771 | 0.3887 | 0.4995 |  0.0038209 | 0.00064058 | 0.00064461 |    4.0871e-11 | 7.2534e-12 | 7.5427e-12 | 3.2797e-06
334 | 3.8615e+69 | 6.3071 | 0.4006 | 0.4092 |  0.0037693 | 0.00063288 | 0.00063634 |    3.8085e-11 | 6.8368e-12 |  6.888e-12 | 3.1003e-06
335 | 3.9415e+69 | 6.6054 | 0.4176 | 0.5624 |  0.0036276 | 0.00061475 | 0.00061832 |    3.8387e-11 | 6.9431e-12 | 7.3138e-12 | 3.1214e-06
336 | 4.1778e+69 | 6.1429 | 0.4231 | 0.4344 |  0.0035787 | 0.00059668 | 0.00060002 |    3.5217e-11 | 6.3531e-12 | 6.4084e-12 | 2.9007e-06
337 | 4.9803e+69 | 6.3103 |  0.391 | 0.3975 |  0.0033024 | 0.00056459 | 0.00056751 |    3.3385e-11 | 6.0708e-12 | 6.1103e-12 | 2.8094e-06
338 | 5.1744e+69 | 5.6935 | 0.4063 | 0.4305 |  0.0032416 | 0.00055147 | 0.00055449 |    2.9566e-11 | 5.4545e-12 | 5.5295e-12 |  2.529e-06
339 | 5.0856e+69 |  5.658 |   0.37 | 0.4277 |  0.0030981 | 0.00054548 | 0.00054797 |    2.8081e-11 | 5.2743e-12 | 5.4014e-12 | 2.3994e-06
340 | 5.1012e+69 | 6.0627 | 0.4532 | 0.4645 |  0.0030399 | 0.00054007 | 0.00054307 |    2.9525e-11 | 5.6908e-12 | 5.7391e-12 | 2.5577e-06
341 | 5.4702e+69 | 5.8666 | 0.4583 | 0.4652 |  0.0029302 |  0.0005263 | 0.00052916 |    2.7539e-11 | 5.3939e-12 | 5.4315e-12 |  2.435e-06
342 | 5.9354e+69 |  5.702 | 0.4158 | 0.4557 |  0.0028143 | 0.00051091 | 0.00051343 |    2.5708e-11 | 5.0294e-12 | 5.1203e-12 | 2.3047e-06
343 | 6.1581e+69 | 6.3946 | 0.4752 | 0.4998 |  0.0027147 | 0.00049763 | 0.00050085 |     2.781e-11 | 5.5008e-12 | 5.5722e-12 | 2.4835e-06
344 | 5.4458e+69 | 5.7595 | 0.4985 | 0.5047 |  0.0026445 | 0.00051968 | 0.00052234 |      2.44e-11 | 5.2394e-12 | 5.2725e-12 | 2.2129e-06
345 | 7.9998e+69 | 6.0062 | 0.4406 | 0.4485 |  0.0024967 | 0.00044949 | 0.00045195 |    2.4023e-11 | 4.6702e-12 | 4.7041e-12 | 2.2178e-06
346 | 6.7692e+69 |  6.201 | 0.4988 | 0.5076 |   0.002415 | 0.00046763 | 0.00047043 |    2.3991e-11 | 5.0303e-12 | 5.0691e-12 | 2.2472e-06
347 | 6.7133e+69 | 5.5983 | 0.4346 | 0.5026 |  0.0023592 | 0.00046801 | 0.00047665 |    2.1158e-11 | 4.5073e-12 | 4.6779e-12 | 1.9712e-06
348 | 6.6456e+69 | 5.8584 | 0.5371 | 0.5535 |  0.0023049 | 0.00046443 | 0.00046708 |    2.1631e-11 | 4.7887e-12 | 4.8366e-12 | 2.0406e-06
349 | 6.7456e+69 | 5.6556 | 0.4818 | 0.5649 |  0.0022319 | 0.00045586 | 0.00045788 |    2.0221e-11 | 4.4751e-12 | 4.6141e-12 | 1.9376e-06
350 | 7.0776e+69 | 5.6228 | 0.4501 | 0.5698 |  0.0021903 | 0.00044101 | 0.00044293 |     1.973e-11 | 4.2749e-12 | 4.4627e-12 | 1.9145e-06
351 | 7.4024e+69 | 5.5041 | 0.4699 | 0.5694 |  0.0020885 | 0.00043703 | 0.00045657 |    1.8416e-11 | 4.1619e-12 | 4.4538e-12 |  1.815e-06
352 | 7.8831e+69 | 5.0177 | 0.4019 | 0.4175 |  0.0021294 |   0.000442 | 0.00045038 |    1.7117e-11 | 3.8083e-12 | 3.8904e-12 | 1.6775e-06
353 | 7.8425e+69 | 5.2849 | 0.4493 | 0.6402 |  0.0020989 | 0.00043255 | 0.00037821 |     1.777e-11 | 3.9616e-12 | 3.8584e-12 | 1.7627e-06
354 | 8.1192e+69 | 5.3801 | 0.4205 | 0.6785 |  0.0019665 | 0.00043508 | 0.00043359 |    1.6949e-11 | 3.9771e-12 | 4.3052e-12 | 1.6985e-06
355 | 9.7341e+69 |  4.839 | 0.3881 | 0.3985 |  0.0018885 | 0.00040214 | 0.00040806 |     1.464e-11 | 3.3312e-12 | 3.3853e-12 | 1.4876e-06
356 | 1.0075e+70 | 4.7229 | 0.3939 | 0.4033 |  0.0018678 | 0.00040334 | 0.00040965 |    1.4132e-11 | 3.2714e-12 | 3.3261e-12 | 1.4316e-06
357 | 1.0432e+70 | 5.5335 | 0.4771 | 0.6244 |   0.001807 | 0.00037455 | 0.00038361 |    1.6018e-11 | 3.5961e-12 | 3.8511e-12 | 1.6449e-06
358 | 1.0575e+70 | 5.1512 | 0.4371 | 0.5011 |  0.0016986 | 0.00038896 | 0.00039676 |    1.4018e-11 | 3.4231e-12 | 3.5468e-12 | 1.4606e-06
359 | 1.0963e+70 | 5.0778 | 0.4324 | 0.5124 |  0.0016993 | 0.00037588 | 0.00038276 |    1.3823e-11 | 3.2764e-12 | 3.4118e-12 | 1.4589e-06
360 | 1.1076e+70 | 5.2629 | 0.4339 | 0.5567 |  0.0016084 | 0.00036813 | 0.00037434 |    1.3561e-11 |  3.299e-12 | 3.4668e-12 | 1.4232e-06
361 | 1.1574e+70 | 5.2301 | 0.4391 | 0.6288 |  0.0016234 | 0.00036489 | 0.00037281 |    1.3602e-11 | 3.2636e-12 | 3.5258e-12 | 1.4456e-06
362 |  1.336e+70 | 4.8216 | 0.4612 | 0.4781 |  0.0015907 | 0.00036284 | 0.00036995 |    1.2287e-11 | 3.0391e-12 | 3.1064e-12 | 1.3212e-06
363 | 1.1932e+70 | 5.0659 | 0.4789 | 0.5573 |   0.001535 | 0.00036697 | 0.00037548 |    1.2458e-11 | 3.2025e-12 | 3.3412e-12 | 1.3522e-06
364 | 1.1887e+70 | 5.3531 | 0.5128 |  0.744 |   0.001484 | 0.00035621 | 0.00036274 |    1.2726e-11 |  3.289e-12 | 3.5784e-12 | 1.4032e-06
365 | 1.2483e+70 | 5.1482 |  0.484 | 0.6302 |  0.0014791 | 0.00034804 | 0.00035461 |    1.2199e-11 | 3.0911e-12 | 3.2838e-12 | 1.3373e-06
366 | 1.2954e+70 | 4.6792 | 0.4831 | 0.4822 |  0.0014542 | 0.00035166 | 0.00035695 |    1.0901e-11 | 2.8663e-12 |  2.902e-12 | 1.2082e-06
367 | 1.3477e+70 | 5.2071 | 0.5248 | 0.7669 |  0.0013871 | 0.00033735 | 0.00034518 |    1.1571e-11 | 3.0462e-12 | 3.3459e-12 | 1.2955e-06
368 | 1.3788e+70 | 5.0348 | 0.5319 | 0.6373 |  0.0013036 | 0.00033845 | 0.00034676 |    1.0515e-11 | 2.9472e-12 | 3.0974e-12 | 1.1925e-06
369 | 1.5498e+70 | 5.0582 | 0.5192 | 0.6914 |   0.001278 | 0.00031695 | 0.00032329 |    1.0356e-11 | 2.7796e-12 | 2.9777e-12 | 1.1688e-06
370 | 1.5723e+70 | 5.9049 | 0.7194 | 0.7975 |  0.0012421 | 0.00030953 | 0.00031132 |     1.175e-11 | 3.2593e-12 | 3.3453e-12 | 1.3383e-06
371 | 1.4609e+70 | 4.1555 | 0.3936 | 0.5398 |   0.001319 | 0.00034377 | 0.00035303 |    8.7809e-12 |  2.435e-12 | 2.6123e-12 | 1.0133e-06
372 | 1.6945e+70 | 4.0897 | 0.3646 | 0.5215 |  0.0012169 | 0.00031609 | 0.00032387 |    7.9728e-12 | 2.1895e-12 | 2.3529e-12 | 9.3083e-07
373 |  1.732e+70 | 4.5494 | 0.4863 | 0.5372 |  0.0012041 | 0.00031142 | 0.00031657 |    8.7756e-12 | 2.4559e-12 | 2.5292e-12 | 1.0345e-06
374 | 1.7731e+70 | 4.9726 | 0.6225 | 0.7692 |  0.0011461 | 0.00030856 | 0.00031699 |    9.1303e-12 | 2.7107e-12 | 2.8933e-12 | 1.0721e-06
375 | 1.8109e+70 | 6.1293 | 0.9219 | 1.3254 |  0.0011258 | 0.00028124 | 0.00028273 |    1.1054e-11 | 3.2234e-12 | 3.6634e-12 | 1.3104e-06
376 | 1.8515e+70 | 4.6427 | 0.5928 | 0.6642 |  0.0011031 | 0.00030136 | 0.00031153 |    8.2047e-12 | 2.4741e-12 | 2.5974e-12 | 9.8451e-07
377 | 2.0864e+70 | 4.5042 | 0.5822 | 0.6595 |   0.001096 | 0.00028384 | 0.00029862 |    7.9084e-12 |  2.289e-12 | 2.4462e-12 |  9.582e-07
378 | 2.1043e+70 | 4.6394 | 0.5596 | 0.6584 |  0.0010326 | 0.00028153 |  0.0002874 |    7.6747e-12 |  2.288e-12 | 2.3977e-12 |  9.269e-07
379 | 1.8854e+70 |   4.67 | 0.7453 | 0.8055 |  0.0010364 | 0.00029216 | 0.00030166 |    7.7536e-12 | 2.5117e-12 | 2.6233e-12 | 9.4595e-07
380 | 2.0238e+70 | 3.8806 | 0.5048 | 0.6041 |  0.0010338 | 0.00030345 | 0.00031394 |    6.4268e-12 | 2.0634e-12 | 2.1931e-12 | 7.9269e-07
381 | 2.0674e+70 | 4.2726 | 0.5774 | 1.1588 | 0.00096225 |  0.0003031 | 0.00029268 |    6.5863e-12 | 2.2575e-12 | 2.6841e-12 | 8.2069e-07
382 | 2.4523e+70 | 4.7239 |   0.72 | 0.7012 | 0.00087895 | 0.00025741 | 0.00026088 |    6.6516e-12 |  2.196e-12 | 2.2074e-12 |  8.388e-07
383 | 2.6047e+70 | 4.1655 |  0.519 | 0.5525 | 0.00084904 | 0.00027432 | 0.00029285 |    5.6658e-12 |  1.962e-12 | 2.0937e-12 | 7.1096e-07
384 | 2.9744e+70 | 4.1893 | 0.5164 | 0.9025 | 0.00077785 | 0.00024865 | 0.00024995 |    5.2204e-12 | 1.7885e-12 | 2.0196e-12 | 6.6123e-07
385 | 3.2799e+70 | 4.0168 | 0.4858 | 0.6738 | 0.00072624 | 0.00023779 | 0.00024431 |    4.6733e-12 | 1.6312e-12 | 1.7567e-12 | 6.0111e-07
386 | 3.4011e+70 | 6.0485 | 0.9668 | 1.3581 | 0.00068208 | 0.00022335 | 0.00022546 |    6.6092e-12 | 2.4083e-12 |  2.641e-12 | 8.5972e-07
387 | 4.1135e+70 | 3.9034 | 0.5093 | 0.5815 | 0.00061116 | 0.00021577 | 0.00021936 |    3.8218e-12 | 1.4385e-12 | 1.4851e-12 | 4.9644e-07
388 | 3.8982e+70 | 4.7293 |  0.927 | 1.4087 | 0.00063962 | 0.00021181 | 0.00021688 |     4.846e-12 | 1.8648e-12 | 2.1871e-12 | 6.3705e-07
389 | 4.0004e+70 | 4.8515 |   1.02 | 1.4471 | 0.00059373 | 0.00021394 | 0.00022184 |    4.6145e-12 | 1.9251e-12 | 2.2062e-12 | 6.1291e-07
390 | 4.4356e+70 | 3.8574 | 0.8235 | 1.0525 | 0.00052966 | 0.00021236 | 0.00022849 |     3.273e-12 | 1.4867e-12 | 1.6707e-12 | 4.3473e-07
391 | 5.6275e+70 | 2.8156 | 0.6425 | 0.6869 | 0.00051975 | 0.00021484 | 0.00025495 |    2.3444e-12 | 1.1069e-12 | 1.2844e-12 | 3.1605e-07
392 | 6.5853e+70 | 3.6196 | 0.7899 | 1.5312 | 0.00044717 | 0.00016307 | 0.00015995 |     2.593e-12 |  1.102e-12 | 1.4364e-12 | 3.5494e-07
393 |   6.79e+70 | 3.7784 | 1.0037 | 1.1716 | 0.00036919 | 0.00016783 | 0.00019145 |    2.2347e-12 | 1.1766e-12 | 1.3502e-12 | 3.0616e-07
394 | 7.4309e+70 | 2.7424 | 0.7188 | 1.0779 | 0.00030658 | 0.00016968 | 0.00019058 |    1.3469e-12 | 8.2482e-13 | 9.9059e-13 | 1.8743e-07
395 | 8.1198e+70 | 2.5751 | 0.7927 | 1.0266 | 0.00030948 | 0.00016335 | 0.00019311 |    1.2767e-12 | 7.8011e-13 | 9.4536e-13 | 1.8023e-07
396 | 9.8376e+70 |  1.638 |   0.54 | 1.0394 |  0.0003065 |  0.0001957 |  0.0002251 |    8.0429e-13 | 5.7794e-13 | 7.8062e-13 | 1.1376e-07
397 | 1.1776e+71 | 1.5683 | 0.7923 | 0.5374 | 0.00021818 | 0.00017177 | 0.00034494 |    5.4816e-13 | 5.1277e-13 | 8.8676e-13 | 7.9099e-08
398 | 1.5149e+71 | 1.5056 | 0.4641 | 0.7237 | 0.00019812 | 0.00013308 | 0.00017645 |    4.7787e-13 | 3.5318e-13 | 4.8363e-13 | 6.9525e-08
399 | 2.2563e+71 | 1.0714 | 0.3119 | 0.2585 | 0.00018502 | 0.00014118 | 0.00019972 |    3.1756e-13 | 2.5936e-13 | 3.5126e-13 | 4.7367e-08
400 | 3.2546e+71 | 1.0032 | 0.2162 | 0.2165 | 0.00013077 | 0.00012152 | 0.00014414 |    2.1016e-13 | 2.0047e-13 | 2.3604e-13 | 3.1905e-08
401 | 4.3975e+71 | 1.1702 | 0.8057 | 0.1426 | 0.00014365 | 0.00012151 | 0.00059458 |     2.693e-13 | 2.9372e-13 | 1.1151e-12 | 4.1709e-08
402 | 7.9519e+71 | 0.9081 | 0.1421 | 0.1201 | 0.00018406 | 0.00011358 | 0.00013125 |    2.6777e-13 | 1.7046e-13 | 1.9419e-13 |  4.287e-08
403 | 1.1013e+72 | 0.9256 | 0.1365 | 0.1189 | 0.00021329 | 0.00010454 | 0.00012432 |    3.1626e-13 | 1.6187e-13 | 1.8877e-13 | 5.2008e-08
404 |  1.527e+72 | 0.7559 | 0.1065 | 0.1035 | 0.00013923 | 0.00010187 | 0.00011568 |     1.686e-13 | 1.2563e-13 | 1.4197e-13 | 2.8905e-08
405 | 2.8102e+72 | 0.6206 | 0.0639 | 0.1512 | 0.00019396 | 0.00012073 | 0.00011704 |    1.9283e-13 | 1.2166e-13 | 1.2549e-13 | 3.4668e-08
406 |  6.649e+72 | 0.7395 | 0.1342 | 0.0475 | 7.2092e-05 | 5.9083e-05 | 6.1008e-05 |    8.5406e-14 |  7.169e-14 | 7.2483e-14 | 1.6388e-08
407 | 1.1779e+73 | 0.6514 | 0.4704 | 0.1171 | 4.8619e-05 | 4.5519e-05 | 5.7672e-05 |    5.0736e-14 | 5.9989e-14 | 6.0871e-14 | 1.0333e-07
