# Fit results (zeros indicate that no fitting was performed)
 Reg_no. kT1 kT1_loerr kT1_hierr Z1 Z1_loerr Z1_hierr norm1 norm1_loerr norm1_hierr nH_Gal nH_loerr nH_hierr red_chisq total_counts num_bins model
      0 79.7349 -79.7349 79.7349  7.8218 -2.8439  2.8439 3.3522e-05 -5.4166e-06 5.4166e-06  0.3100  0.0000  0.0000 33.7420  12891.5      297     '1T'
      1 79.7945 -79.7945 79.7945  8.5210 -5.8693  5.8693 7.5365e-05 -2.4080e-05 2.4080e-05  0.3100  0.0000  0.0000 59.0809  28350.8      366     '1T'
      2  1.8159 -0.1277  0.1277  0.0392 -0.0250  0.0250 1.1982e-04 -7.0867e-06 7.0867e-06   0.3100  0.0000  0.0000  1.6390  21440.7      383  '1T_pow'
      3  1.9408 -0.1250  0.1250  0.0697 -0.0345  0.0345 1.1029e-04 -6.7661e-06 6.7661e-06   0.3100  0.0000  0.0000  1.4619  11611.4      318  '1T_pow'
      4  2.5837 -0.1225  0.1225  0.4169 -0.0811  0.0811 1.6850e-04 -7.9355e-06 7.9355e-06   0.3100  0.0000  0.0000  1.2781  17320.7      380  '1T_pow'
      5  3.0300 -0.1670  0.1670  0.7562 -0.1301  0.1301 1.2223e-04 -5.9047e-06 5.9047e-06   0.3100  0.0000  0.0000  1.2848  10531.7      244  '1T_pow'
      6  3.5389 -0.1843  0.1843  0.9231 -0.1151  0.1151 1.3813e-04 -4.7691e-06 4.7691e-06   0.3100  0.0000  0.0000  0.9790  10468.3      229  '1T_pow'
      7  3.5147 -0.1407  0.1407  0.6263 -0.0733  0.0733 1.6822e-04 -4.4543e-06 4.4543e-06   0.3100  0.0000  0.0000  0.9032  11276.2      228  '1T_pow'
      8  3.8677 -0.1375  0.1375  0.8675 -0.0839  0.0839 2.1821e-04 -5.4076e-06 5.4076e-06   0.3100  0.0000  0.0000  1.0249  14128.8      254  '1T_pow'
      9  4.1297 -0.1285  0.1285  0.8018 -0.0749  0.0749 2.2470e-04 -4.9286e-06 4.9286e-06   0.3100  0.0000  0.0000  0.9056  14524.4      261  '1T_pow'
     10  3.8597 -0.1244  0.1244  0.7078 -0.0613  0.0613 2.6661e-04 -5.3419e-06 5.3419e-06   0.3100  0.0000  0.0000  1.2064  16649.3      280  '1T_pow'
     11  3.9987 -0.1126  0.1126  0.7733 -0.0614  0.0614 2.9965e-04 -5.6654e-06 5.6654e-06   0.3100  0.0000  0.0000  1.0034  18619.9      290  '1T_pow'    
     12  4.2936 -0.0794  0.0794  0.8517 -0.0618  0.0618 2.4000e-04 -4.2296e-06 4.2296e-06  0.3100  0.0000  0.0000  1.1918  19206.9      295     '1T'
     13  4.0075 -0.1028  0.1028  0.9953 -0.0902  0.0902 1.2696e-04 -3.2509e-06 3.2509e-06  0.3100  0.0000  0.0000  1.1138  10677.4      217     '1T'
     14  4.1752 -0.1064  0.1064  0.8749 -0.0825  0.0825 1.2902e-04 -3.0636e-06 3.0636e-06  0.3100  0.0000  0.0000  1.2260  10594.4      217     '1T'
     15  4.2112 -0.1011  0.1011  0.9858 -0.0909  0.0909 1.2738e-04 -3.1881e-06 3.1881e-06  0.3100  0.0000  0.0000  1.0871  11156.6      225     '1T'
     16  4.1994 -0.1003  0.1003  0.9962 -0.0892  0.0892 1.3076e-04 -3.2038e-06 3.2038e-06  0.3100  0.0000  0.0000  1.0044  11474.4      227     '1T'
     17  4.2323 -0.1016  0.1016  0.9427 -0.0861  0.0861 1.2874e-04 -3.0998e-06 3.0998e-06  0.3100  0.0000  0.0000  1.2068  11370.5      226     '1T'
     18  4.1016 -0.0952  0.0952  0.8670 -0.0764  0.0764 1.4683e-04 -3.2707e-06 3.2707e-06  0.3100  0.0000  0.0000  1.0327  12859.0      242     '1T'
     19  4.1044 -0.0994  0.0994  0.7430 -0.0697  0.0697 1.4622e-04 -3.1408e-06 3.1408e-06  0.3100  0.0000  0.0000  1.0660  12559.8      236     '1T'
     20  4.2736 -0.0944  0.0944  1.0281 -0.0870  0.0870 1.3597e-04 -3.1781e-06 3.1781e-06  0.3100  0.0000  0.0000  1.0416  12723.2      244     '1T'
     21  4.2643 -0.0915  0.0915  0.9339 -0.0757  0.0757 1.5301e-04 -3.2129e-06 3.2129e-06  0.3100  0.0000  0.0000  0.9673  13954.8      254     '1T'
     22  4.2574 -0.0947  0.0947  0.8236 -0.0736  0.0736 1.5031e-04 -3.2087e-06 3.2087e-06  0.3100  0.0000  0.0000  0.8630  13445.0      247     '1T'
     23  4.2453 -0.0963  0.0963  0.7013 -0.0638  0.0638 1.6003e-04 -3.1157e-06 3.1157e-06  0.3100  0.0000  0.0000  1.1028  14029.4      254     '1T'
     24  4.4295 -0.0933  0.0933  0.8771 -0.0759  0.0759 1.4954e-04 -3.1319e-06 3.1319e-06  0.3100  0.0000  0.0000  1.1411  13835.0      251     '1T'
     25  4.2098 -0.0906  0.0906  0.7938 -0.0673  0.0673 1.6476e-04 -3.2794e-06 3.2794e-06  0.3100  0.0000  0.0000  1.3538  14915.7      266     '1T'
     26  4.5681 -0.0916  0.0916  0.8277 -0.0691  0.0691 1.6416e-04 -3.1108e-06 3.1108e-06  0.3100  0.0000  0.0000  1.1832  15187.0      268     '1T'
     27  4.5984 -0.0928  0.0928  0.8103 -0.0717  0.0717 1.5705e-04 -3.0953e-06 3.0953e-06  0.3100  0.0000  0.0000  1.0956  14586.2      264     '1T'
     28  4.4982 -0.0901  0.0901  0.7978 -0.0676  0.0676 1.6895e-04 -3.2086e-06 3.2086e-06  0.3100  0.0000  0.0000  0.9673  15558.8      269     '1T'
     29  4.4947 -0.0932  0.0932  0.7218 -0.0636  0.0636 1.6600e-04 -3.0531e-06 3.0531e-06  0.3100  0.0000  0.0000  1.1516  15199.0      274     '1T'
     30  4.9510 -0.1327  0.1327  0.8136 -0.0689  0.0689 1.6738e-04 -3.0252e-06 3.0252e-06  0.3100  0.0000  0.0000  0.9197  15845.7      273     '1T'
     31  4.6534 -0.0690  0.0690  0.6666 -0.0605  0.0605 1.7583e-04 -3.0194e-06 3.0194e-06  0.3100  0.0000  0.0000  0.9296  16057.5      279     '1T'
     32  4.6942 -0.1109  0.1109  0.7798 -0.0668  0.0668 1.6695e-04 -3.0638e-06 3.0638e-06  0.3100  0.0000  0.0000  1.0703  15778.7      275     '1T'
     33  4.4764 -0.0872  0.0872  0.7507 -0.0615  0.0615 1.8363e-04 -3.2422e-06 3.2422e-06  0.3100  0.0000  0.0000  1.2477  17118.0      282     '1T'
     34  4.5750 -0.0906  0.0906  0.7190 -0.0626  0.0626 1.7331e-04 -3.1021e-06 3.1021e-06  0.3100  0.0000  0.0000  1.0665  16333.6      279     '1T'
     35  4.9043 -0.1338  0.1338  0.6570 -0.0606  0.0606 1.7376e-04 -2.9575e-06 2.9575e-06  0.3100  0.0000  0.0000  1.2024  16313.5      283     '1T'
     36  4.8414 -0.1325  0.1325  0.6593 -0.0577  0.0577 1.8131e-04 -2.9734e-06 2.9734e-06  0.3100  0.0000  0.0000  1.1796  17041.5      287     '1T'
     37  4.8580 -0.1321  0.1321  0.7190 -0.0626  0.0626 1.7203e-04 -2.9672e-06 2.9672e-06  0.3100  0.0000  0.0000  1.0512  16465.8      282     '1T'
     38  4.7520 -0.1389  0.1389  0.7245 -0.0603  0.0603 1.8242e-04 -3.0844e-06 3.0844e-06  0.3100  0.0000  0.0000  1.2137  17556.1      291     '1T'
     39  5.0848 -0.1378  0.1378  0.5606 -0.0574  0.0574 1.6825e-04 -2.7600e-06 2.7600e-06  0.3100  0.0000  0.0000  1.0129  16042.4      282     '1T'
     40  5.0546 -0.1307  0.1307  0.7127 -0.0626  0.0626 1.7339e-04 -2.9338e-06 2.9338e-06  0.3100  0.0000  0.0000  0.9480  17159.1      291     '1T'
     41  5.2074 -0.1366  0.1366  0.6629 -0.0627  0.0627 1.6479e-04 -2.7997e-06 2.7997e-06  0.3100  0.0000  0.0000  1.0493  16207.6      281     '1T'
     42  5.2362 -0.1363  0.1363  0.6761 -0.0623  0.0623 1.6296e-04 -2.7281e-06 2.7281e-06  0.3100  0.0000  0.0000  0.9592  16344.3      288     '1T'
     43  5.0827 -0.1345  0.1345  0.6358 -0.0597  0.0597 1.6674e-04 -2.7621e-06 2.7621e-06  0.3100  0.0000  0.0000  1.0616  16632.8      280     '1T'
     44  5.1329 -0.1367  0.1367  0.6509 -0.0623  0.0623 1.5683e-04 -2.6638e-06 2.6638e-06  0.3100  0.0000  0.0000  1.0766  15951.3      284     '1T'
     45  5.3576 -0.1373  0.1373  0.6262 -0.0600  0.0600 1.6713e-04 -2.6924e-06 2.6924e-06  0.3100  0.0000  0.0000  1.0465  16740.9      294     '1T'
     46  5.4776 -0.1363  0.1363  0.7228 -0.0670  0.0670 1.5490e-04 -2.6531e-06 2.6531e-06  0.3100  0.0000  0.0000  1.1956  16125.1      285     '1T'
     47  5.2352 -0.1331  0.1331  0.8244 -0.0704  0.0704 1.5170e-04 -2.7137e-06 2.7137e-06  0.3100  0.0000  0.0000  0.9998  16109.1      283     '1T'
     48  5.2083 -0.1358  0.1358  0.6740 -0.0620  0.0620 1.5739e-04 -2.6289e-06 2.6289e-06  0.3100  0.0000  0.0000  0.9692  16408.0      283     '1T'
     49  5.2066 -0.1365  0.1365  0.6742 -0.0630  0.0630 1.5100e-04 -2.5600e-06 2.5600e-06  0.3100  0.0000  0.0000  0.9933  15904.6      281     '1T'
     50  5.5228 -0.1375  0.1375  0.7274 -0.0667  0.0667 1.5091e-04 -2.5478e-06 2.5478e-06  0.3100  0.0000  0.0000  1.0478  16241.9      292     '1T'
     51  5.3229 -0.1406  0.1406  0.6748 -0.0656  0.0656 1.4473e-04 -2.5093e-06 2.5093e-06  0.3100  0.0000  0.0000  1.0279  15382.1      279     '1T'
     52  5.3382 -0.1440  0.1440  0.6106 -0.0607  0.0607 1.4574e-04 -2.3977e-06 2.3977e-06  0.3100  0.0000  0.0000  1.1777  15478.5      278     '1T'
     53  5.3056 -0.1437  0.1437  0.7053 -0.0661  0.0661 1.3959e-04 -2.4321e-06 2.4321e-06  0.3100  0.0000  0.0000  1.0431  14926.0      275     '1T'
     54  5.2990 -0.1428  0.1428  0.7393 -0.0680  0.0680 1.3272e-04 -2.3475e-06 2.3475e-06  0.3100  0.0000  0.0000  1.0875  14839.9      269     '1T'
     55  5.4117 -0.1437  0.1437  0.7454 -0.0702  0.0702 1.3085e-04 -2.3370e-06 2.3370e-06  0.3100  0.0000  0.0000  0.9359  14631.7      273     '1T'
     56  5.6076 -0.1533  0.1533  0.5980 -0.0646  0.0646 1.2650e-04 -2.1529e-06 2.1529e-06  0.3100  0.0000  0.0000  1.1898  14107.3      272     '1T'
     57  5.5008 -0.1525  0.1525  0.5688 -0.0624  0.0624 1.2857e-04 -2.1764e-06 2.1764e-06  0.3100  0.0000  0.0000  0.9960  14185.2      268     '1T'
     58  5.5542 -0.1515  0.1515  0.7237 -0.0726  0.0726 1.1511e-04 -2.1139e-06 2.1139e-06  0.3100  0.0000  0.0000  1.0377  13535.1      256     '1T'
     59  5.5791 -0.1542  0.1542  0.6296 -0.0684  0.0684 1.1941e-04 -2.1520e-06 2.1520e-06  0.3100  0.0000  0.0000  0.9863  13604.5      265     '1T'
     60  5.3934 -0.1596  0.1596  0.5554 -0.0652  0.0652 1.1255e-04 -2.0196e-06 2.0196e-06  0.3100  0.0000  0.0000  0.9443  12875.0      259     '1T'
     61  5.5445 -0.1568  0.1568  0.7468 -0.0775  0.0775 1.0406e-04 -2.0199e-06 2.0199e-06  0.3100  0.0000  0.0000  0.9603  12434.2      253     '1T'
     62  5.7928 -0.1636  0.1636  0.6496 -0.0693  0.0693 1.0885e-04 -1.9035e-06 1.9035e-06  0.3100  0.0000  0.0000  1.0756  12885.0      262     '1T'
     63  5.6597 -0.1680  0.1680  0.5586 -0.0676  0.0676 1.0439e-04 -1.8747e-06 1.8747e-06  0.3100  0.0000  0.0000  1.1680  12140.4      250     '1T'
     64  5.7925 -0.1682  0.1682  0.5880 -0.0710  0.0710 1.0241e-04 -1.8993e-06 1.8993e-06  0.3100  0.0000  0.0000  1.1467  12169.6      251     '1T'
     65  5.8808 -0.1432  0.1432  0.5513 -0.0688  0.0688 1.0078e-04 -1.7815e-06 1.7815e-06  0.3100  0.0000  0.0000  1.2244  11850.5      242     '1T'
     66  5.6589 -0.1725  0.1725  0.5952 -0.0716  0.0716 9.6419e-05 -1.8081e-06 1.8081e-06  0.3100  0.0000  0.0000  0.9865  11488.2      237     '1T'
     67  5.8310 -0.2294  0.2294  0.6636 -0.0760  0.0760 9.4711e-05 -1.8478e-06 1.8478e-06  0.3100  0.0000  0.0000  1.0191  11413.9      236     '1T'
     68  5.7055 -0.1722  0.1722  0.6499 -0.0769  0.0769 9.0524e-05 -1.7788e-06 1.7788e-06  0.3100  0.0000  0.0000  1.1513  11065.6      234     '1T'
     69  5.8223 -0.1969  0.1969  0.6857 -0.0787  0.0787 8.9175e-05 -1.7395e-06 1.7395e-06  0.3100  0.0000  0.0000  1.0302  11240.1      235     '1T'
     70  5.6896 -0.1786  0.1786  0.5597 -0.0726  0.0726 8.6431e-05 -1.6764e-06 1.6764e-06  0.3100  0.0000  0.0000  0.9088  10701.4      227     '1T'
     71  5.5181 -0.1750  0.1750  0.5732 -0.0723  0.0723 8.7266e-05 -1.7046e-06 1.7046e-06  0.3100  0.0000  0.0000  1.0147  10846.7      233     '1T'
     72  5.7860 -0.1700  0.1700  0.7127 -0.0825  0.0825 8.5232e-05 -1.7317e-06 1.7317e-06  0.3100  0.0000  0.0000  0.9263  10984.1      234     '1T'
     73  5.6829 -0.1765  0.1765  0.6172 -0.0780  0.0780 8.2377e-05 -1.6892e-06 1.6892e-06  0.3100  0.0000  0.0000  0.9728  10460.3      230     '1T'
     74  5.9133 -0.2946  0.2946  0.5211 -0.0717  0.0717 8.4441e-05 -1.7013e-06 1.7013e-06  0.3100  0.0000  0.0000  0.9874  10747.5      236     '1T'
     75  6.0440 -0.3169  0.3169  0.6665 -0.0817  0.0817 8.0436e-05 -1.6166e-06 1.6166e-06  0.3100  0.0000  0.0000  1.0143  10515.4      225     '1T'
     76  5.6721 -0.1774  0.1774  0.6900 -0.0818  0.0818 7.8145e-05 -1.6057e-06 1.6057e-06  0.3100  0.0000  0.0000  1.0781  10310.0      222     '1T'
     77  5.7765 -0.1831  0.1831  0.6289 -0.0778  0.0778 7.7388e-05 -1.5375e-06 1.5375e-06  0.3100  0.0000  0.0000  0.9341  10250.4      224     '1T'
     78  5.8759 -0.1020  0.1020  0.5219 -0.0513  0.0513 1.4974e-04 -2.0132e-06 2.0132e-06  0.3100  0.0000  0.0000  0.9388  19585.7      314     '1T'
     79  5.6650 -0.1365  0.1365  0.4825 -0.0497  0.0497 1.4691e-04 -2.0262e-06 2.0262e-06  0.3100  0.0000  0.0000  1.1591  19299.6      309     '1T'
     80  5.7301 -0.1348  0.1348  0.5826 -0.0561  0.0561 1.3522e-04 -1.9776e-06 1.9776e-06  0.3100  0.0000  0.0000  0.9904  18495.7      309     '1T'
     81  5.5331 -0.1369  0.1369  0.5201 -0.0530  0.0530 1.3370e-04 -1.9682e-06 1.9682e-06  0.3100  0.0000  0.0000  1.0545  18193.7      298     '1T'
     82  5.7368 -0.1412  0.1412  0.4737 -0.0518  0.0518 1.3288e-04 -1.8949e-06 1.8949e-06  0.3100  0.0000  0.0000  1.0747  18183.3      306     '1T'
     83  5.6014 -0.1414  0.1414  0.5280 -0.0540  0.0540 1.2443e-04 -1.8329e-06 1.8329e-06  0.3100  0.0000  0.0000  1.0632  17544.6      304     '1T'
     84  6.0682 -0.2162  0.2162  0.4944 -0.0551  0.0551 1.1948e-04 -1.7522e-06 1.7522e-06  0.3100  0.0000  0.0000  1.0882  17133.2      299     '1T'
     85  5.6705 -0.1526  0.1526  0.3512 -0.0477  0.0477 1.2223e-04 -1.7123e-06 1.7123e-06  0.3100  0.0000  0.0000  1.1077  16845.5      299     '1T'
     86  5.8659 -0.1406  0.1406  0.5694 -0.0590  0.0590 1.1299e-04 -1.7210e-06 1.7210e-06  0.3100  0.0000  0.0000  0.9256  16536.9      300     '1T'
     87  6.3559 -0.2277  0.2277  0.4168 -0.0544  0.0544 1.1088e-04 -1.6020e-06 1.6020e-06  0.3100  0.0000  0.0000  0.9049  15994.2      292     '1T'
     88  6.1326 -0.2112  0.2112  0.5508 -0.0605  0.0605 1.0414e-04 -1.6048e-06 1.6048e-06  0.3100  0.0000  0.0000  0.9701  15711.3      294     '1T'
     89  5.7561 -0.1588  0.1588  0.3942 -0.0524  0.0524 1.0548e-04 -1.5778e-06 1.5778e-06  0.3100  0.0000  0.0000  1.0943  15483.2      285     '1T'
     90  5.6661 -0.1547  0.1547  0.5080 -0.0593  0.0593 9.8274e-05 -1.5864e-06 1.5864e-06  0.3100  0.0000  0.0000  0.9405  14822.3      282     '1T'
     91  5.9721 -0.2268  0.2268  0.4627 -0.0593  0.0593 9.2883e-05 -1.4766e-06 1.4766e-06  0.3100  0.0000  0.0000  1.0180  13982.9      275     '1T'
     92  5.8938 -0.1484  0.1484  0.3948 -0.0591  0.0591 8.7637e-05 -1.4281e-06 1.4281e-06  0.3100  0.0000  0.0000  1.1518  13120.4      265     '1T'
     93  6.0249 -0.2932  0.2932  0.5480 -0.0665  0.0665 8.4848e-05 -1.4534e-06 1.4534e-06  0.3100  0.0000  0.0000  1.0248  13206.4      264     '1T'
     94  5.7170 -0.1701  0.1701  0.4896 -0.0634  0.0634 8.1092e-05 -1.4094e-06 1.4094e-06  0.3100  0.0000  0.0000  1.1065  12547.9      261     '1T'
     95  6.2749 -0.2589  0.2589  0.4248 -0.0616  0.0616 8.1611e-05 -1.3447e-06 1.3447e-06  0.3100  0.0000  0.0000  0.9821  12486.1      260     '1T'
     96  5.6997 -0.1800  0.1800  0.3569 -0.0569  0.0569 8.1530e-05 -1.3628e-06 1.3628e-06  0.3100  0.0000  0.0000  0.9680  12180.3      252     '1T'
     97  6.0448 -0.5179  0.5179  0.4589 -0.0661  0.0661 7.5671e-05 -1.4155e-06 1.4155e-06  0.3100  0.0000  0.0000  1.0823  11795.2      290     '1T'
     98  5.9809 -0.2138  0.2138  0.4689 -0.0661  0.0661 7.6658e-05 -1.3313e-06 1.3313e-06  0.3100  0.0000  0.0000  0.9092  11906.1      251     '1T'
     99  6.1574 -0.2488  0.2488  0.3741 -0.0622  0.0622 7.3594e-05 -1.2543e-06 1.2543e-06  0.3100  0.0000  0.0000  1.0332  11383.0      245     '1T'
    100  6.2187 -0.2753  0.2753  0.4441 -0.0680  0.0680 6.8878e-05 -1.2371e-06 1.2371e-06  0.3100  0.0000  0.0000  0.9799  10963.3      245     '1T'
    101  5.8436 -0.1716  0.1716  0.4476 -0.0673  0.0673 6.8261e-05 -1.2592e-06 1.2592e-06  0.3100  0.0000  0.0000  1.0676  10876.3      238     '1T'
    102  6.1489 -0.2493  0.2493  0.3535 -0.0628  0.0628 6.8543e-05 -1.1861e-06 1.1861e-06  0.3100  0.0000  0.0000  0.8579  10714.2      234     '1T'
    103  6.6893 -0.2836  0.2836  0.4857 -0.0755  0.0755 6.4718e-05 -1.2183e-06 1.2183e-06  0.3100  0.0000  0.0000  0.9360  10571.9      234     '1T'
    104  5.8104 -0.2280  0.2280  0.4993 -0.0714  0.0714 6.4370e-05 -1.2471e-06 1.2471e-06  0.3100  0.0000  0.0000  0.9452  10523.3      235     '1T'
    105  6.1781 -0.2510  0.2510  0.5550 -0.0764  0.0764 6.1165e-05 -1.1678e-06 1.1678e-06  0.3100  0.0000  0.0000  1.0062  10504.1      231     '1T'
    106  6.3859 -0.2902  0.2902  0.3456 -0.0650  0.0650 6.3009e-05 -1.1234e-06 1.1234e-06  0.3100  0.0000  0.0000  1.0610  10321.6      236     '1T'
    107  6.0400 -0.3478  0.3478  0.5352 -0.0764  0.0764 5.9225e-05 -1.1870e-06 1.1870e-06  0.3100  0.0000  0.0000  0.9822  10130.8      231     '1T'
    108  6.5406 -0.2427  0.2427  0.4115 -0.0575  0.0575 8.8018e-05 -1.3408e-06 1.3408e-06  0.3100  0.0000  0.0000  0.9809  14794.3      292     '1T'
    109  6.7028 -0.2508  0.2508  0.3652 -0.0580  0.0580 8.4796e-05 -1.2794e-06 1.2794e-06  0.3100  0.0000  0.0000  0.9610  14333.3      281     '1T'
    110  6.4915 -0.2552  0.2552  0.2778 -0.0524  0.0524 8.5068e-05 -1.2437e-06 1.2437e-06  0.3100  0.0000  0.0000  1.1201  14252.3      285     '1T'
    111  6.5306 -0.2553  0.2553  0.2147 -0.0501  0.0501 8.6821e-05 -1.2341e-06 1.2341e-06  0.3100  0.0000  0.0000  0.9409  14418.3      286     '1T'
    112  6.4594 -0.2535  0.2535  0.3883 -0.0598  0.0598 7.8921e-05 -1.2613e-06 1.2613e-06  0.3100  0.0000  0.0000  0.9171  13679.6      281     '1T'
    113  6.6246 -0.2556  0.2556  0.3528 -0.0602  0.0602 7.7937e-05 -1.2523e-06 1.2523e-06  0.3100  0.0000  0.0000  1.1513  13590.6      274     '1T'
    114  6.9177 -0.2584  0.2584  0.3814 -0.0616  0.0616 7.7309e-05 -1.1991e-06 1.1991e-06  0.3100  0.0000  0.0000  0.9135  13613.9      285     '1T'
    115  6.3572 -0.2578  0.2578  0.3348 -0.0578  0.0578 7.5638e-05 -1.1918e-06 1.1918e-06  0.3100  0.0000  0.0000  1.1317  13367.8      275     '1T'
    116  6.5231 -0.2665  0.2665  0.2689 -0.0570  0.0570 7.4413e-05 -1.1640e-06 1.1640e-06  0.3100  0.0000  0.0000  1.0089  13068.8      275     '1T'
    117  6.3897 -0.2650  0.2650  0.2928 -0.0567  0.0567 7.2648e-05 -1.1456e-06 1.1456e-06  0.3100  0.0000  0.0000  1.0841  12953.6      272     '1T'
    118  6.8284 -0.2731  0.2731  0.3115 -0.0599  0.0599 7.1106e-05 -1.1235e-06 1.1235e-06  0.3100  0.0000  0.0000  1.0229  12837.9      270     '1T'
    119  6.2470 -0.2584  0.2584  0.4191 -0.0622  0.0622 6.9298e-05 -1.1384e-06 1.1384e-06  0.3100  0.0000  0.0000  1.0377  12856.7      269     '1T'
    120  6.4882 -0.2742  0.2742  0.2527 -0.0551  0.0551 7.1786e-05 -1.1049e-06 1.1049e-06  0.3100  0.0000  0.0000  0.9094  12605.0      259     '1T'
    121  6.6290 -0.2661  0.2661  0.3703 -0.0629  0.0629 6.8482e-05 -1.1183e-06 1.1183e-06  0.3100  0.0000  0.0000  1.0173  12787.6      272     '1T'
    122  6.1390 -0.2340  0.2340  0.3365 -0.0584  0.0584 6.8654e-05 -1.1122e-06 1.1122e-06  0.3100  0.0000  0.0000  0.9555  12585.2      264     '1T'
    123  6.7864 -0.2796  0.2796  0.2966 -0.0613  0.0613 6.6265e-05 -1.0644e-06 1.0644e-06  0.3100  0.0000  0.0000  0.9414  12231.2      266     '1T'
    124  6.3089 -0.2772  0.2772  0.3340 -0.0611  0.0611 6.4195e-05 -1.0814e-06 1.0814e-06  0.3100  0.0000  0.0000  0.8964  11808.8      259     '1T'
    125  7.0045 -0.2907  0.2907  0.3110 -0.0635  0.0635 6.1665e-05 -1.0146e-06 1.0146e-06  0.3100  0.0000  0.0000  1.0133  11626.7      256     '1T'
    126  6.8192 -0.2823  0.2823  0.3865 -0.0681  0.0681 6.0887e-05 -1.0508e-06 1.0508e-06  0.3100  0.0000  0.0000  1.0230  11597.1      258     '1T'
    127  6.5579 -0.2855  0.2855  0.3074 -0.0627  0.0627 6.1764e-05 -1.0481e-06 1.0481e-06  0.3100  0.0000  0.0000  1.0646  11489.6      254     '1T'
    128  6.9827 -0.2889  0.2889  0.2706 -0.0622  0.0622 6.1925e-05 -1.0274e-06 1.0274e-06  0.3100  0.0000  0.0000  0.9012  11648.6      258     '1T'
    129  7.0183 -0.2856  0.2856  0.3606 -0.0681  0.0681 6.1083e-05 -1.0575e-06 1.0575e-06  0.3100  0.0000  0.0000  0.9646  11732.1      258     '1T'
    130  7.0970 -0.2955  0.2955  0.2394 -0.0624  0.0624 6.2464e-05 -1.0193e-06 1.0193e-06  0.3100  0.0000  0.0000  0.8840  11672.6      255     '1T'
    131  6.6204 -0.2922  0.2922  0.2481 -0.0602  0.0602 6.1616e-05 -1.0112e-06 1.0112e-06  0.3100  0.0000  0.0000  1.0770  11577.2      257     '1T'
    132  6.7330 -0.2875  0.2875  0.3222 -0.0645  0.0645 6.0378e-05 -1.0332e-06 1.0332e-06  0.3100  0.0000  0.0000  1.0188  11490.5      259     '1T'
    133  6.9386 -0.2959  0.2959  0.3176 -0.0667  0.0667 5.7828e-05 -1.0042e-06 1.0042e-06  0.3100  0.0000  0.0000  1.0371  11092.2      256     '1T'
    134  7.2912 -0.3327  0.3327  0.2958 -0.0693  0.0693 5.7895e-05 -9.9742e-07 9.9742e-07  0.3100  0.0000  0.0000  1.1623  11102.3      254     '1T'
    135  6.6942 -0.2921  0.2921  0.3038 -0.0643  0.0643 5.8252e-05 -1.0104e-06 1.0104e-06  0.3100  0.0000  0.0000  1.1142  11106.3      253     '1T'
    136  6.8308 -0.3025  0.3025  0.2995 -0.0665  0.0665 5.6131e-05 -9.9458e-07 9.9458e-07  0.3100  0.0000  0.0000  1.0471  10677.3      248     '1T'
    137  7.3098 -0.3519  0.3519  0.3363 -0.0728  0.0728 5.5298e-05 -9.9128e-07 9.9128e-07  0.3100  0.0000  0.0000  0.9916  10742.9      248     '1T'
    138  7.5136 -0.4345  0.4345  0.2772 -0.0710  0.0710 5.5377e-05 -9.4846e-07 9.4846e-07  0.3100  0.0000  0.0000  1.0509  10677.3      254     '1T'
    139  6.7295 -0.3153  0.3153  0.1957 -0.0631  0.0631 5.3803e-05 -9.1630e-07 9.1630e-07  0.3100  0.0000  0.0000  1.0216  10290.8      241     '1T'
    140  6.7088 -0.3172  0.3172  0.2088 -0.0619  0.0619 5.2962e-05 -9.1301e-07 9.1301e-07  0.3100  0.0000  0.0000  1.0692  10254.8      244     '1T'
    141  7.3185 -0.5117  0.5117  0.1562 -0.0665  0.0665 5.2514e-05 -9.5132e-07 9.5132e-07  0.3100  0.0000  0.0000  1.1446  10174.7      237     '1T'
    142  6.6688 -0.3091  0.3091  0.3489 -0.0701  0.0701 5.0167e-05 -9.0766e-07 9.0766e-07  0.3100  0.0000  0.0000  1.0002  10079.3      236     '1T'
    143  7.4252 -0.2203  0.2203  0.1568 -0.0566  0.0566 6.7752e-05 -9.8106e-07 9.8106e-07  0.3100  0.0000  0.0000  1.0947  13285.6      288     '1T'
    144  7.9080 -0.4040  0.4040  0.2516 -0.0641  0.0641 6.5530e-05 -9.9395e-07 9.9395e-07  0.3100  0.0000  0.0000  0.8113  13136.3      290     '1T'
    145  7.2914 -0.2911  0.2911  0.2976 -0.0637  0.0637 6.3791e-05 -1.0103e-06 1.0103e-06  0.3100  0.0000  0.0000  0.9687  12911.1      280     '1T'
    146  6.9006 -0.2843  0.2843  0.2308 -0.0600  0.0600 6.3191e-05 -1.0067e-06 1.0067e-06  0.3100  0.0000  0.0000  0.9209  12677.9      282     '1T'
    147  7.7428 -0.6206  0.6206  0.2209 -0.0636  0.0636 6.1647e-05 -9.4589e-07 9.4589e-07  0.3100  0.0000  0.0000  0.8909  12583.8      276     '1T'
    148  6.9451 -0.2860  0.2860  0.3034 -0.0635  0.0635 5.9466e-05 -9.7262e-07 9.7262e-07  0.3100  0.0000  0.0000  1.0264  12432.7      274     '1T'
    149  7.3174 -0.3853  0.3853  0.2559 -0.0646  0.0646 5.8461e-05 -9.8916e-07 9.8916e-07  0.3100  0.0000  0.0000  1.0606  12163.3      272     '1T'
    150  7.4248 -0.2418  0.2418  0.1428 -0.0598  0.0598 5.8276e-05 -8.9376e-07 8.9376e-07  0.3100  0.0000  0.0000  1.0355  11920.0      266     '1T'
    151  7.3324 -0.4080  0.4080  0.1358 -0.0606  0.0606 5.9380e-05 -1.0086e-06 1.0086e-06  0.3100  0.0000  0.0000  0.9262  12053.4      276     '1T'
    152  7.3306 -0.4242  0.4242  0.2064 -0.0643  0.0643 5.7437e-05 -9.9157e-07 9.9157e-07  0.3100  0.0000  0.0000  0.9155  11887.7      271     '1T'
    153  7.2714 -0.3014  0.3014  0.2733 -0.0684  0.0684 5.4780e-05 -9.4456e-07 9.4456e-07  0.3100  0.0000  0.0000  1.1495  11610.3      268     '1T'
    154  6.9820 -0.3141  0.3141  0.1683 -0.0614  0.0614 5.5151e-05 -9.0438e-07 9.0438e-07  0.3100  0.0000  0.0000  1.1829  11384.9      258     '1T'
    155  6.9879 -0.3102  0.3102  0.3219 -0.0704  0.0704 5.2135e-05 -9.0931e-07 9.0931e-07  0.3100  0.0000  0.0000  1.1675  11063.5      264     '1T'
    156  7.5010 -0.3925  0.3925  0.3044 -0.0760  0.0760 5.0382e-05 -8.9418e-07 8.9418e-07  0.3100  0.0000  0.0000  1.0830  10808.1      261     '1T'
    157  7.4970 -0.4125  0.4125  0.1822 -0.0700  0.0700 5.1972e-05 -9.0174e-07 9.0174e-07  0.3100  0.0000  0.0000  1.0398  10808.6      257     '1T'
    158  7.0394 -0.3233  0.3233  0.2033 -0.0667  0.0667 5.0890e-05 -8.9667e-07 8.9667e-07  0.3100  0.0000  0.0000  0.7504  10490.5      253     '1T'
    159  7.3958 -0.2560  0.2560  0.2823 -0.0747  0.0747 4.8901e-05 -8.7573e-07 8.7573e-07  0.3100  0.0000  0.0000  1.1128  10457.3      252     '1T'
    160  8.0881 -0.5057  0.5057  0.1320 -0.0726  0.0726 4.8734e-05 -8.3788e-07 8.3788e-07  0.3100  0.0000  0.0000  0.8666  10104.2      254     '1T'
    161  7.2709 -0.3604  0.3604  0.2779 -0.0766  0.0766 4.7209e-05 -8.7788e-07 8.7788e-07  0.3100  0.0000  0.0000  0.9808  10085.5      246     '1T'
    162  6.8957 -0.2940  0.2940  0.3215 -0.0685  0.0685 5.7253e-05 -9.9002e-07 9.9002e-07  0.3100  0.0000  0.0000  1.0635  12217.3      278     '1T'
    163  7.5063 -0.3147  0.3147  0.2634 -0.0712  0.0712 5.4875e-05 -9.5187e-07 9.5187e-07  0.3100  0.0000  0.0000  0.9686  11840.0      276     '1T'
    164  7.3794 -0.2459  0.2459  0.3508 -0.0772  0.0772 5.3166e-05 -9.4570e-07 9.4570e-07  0.3100  0.0000  0.0000  0.9897  11675.1      273     '1T'
    165  7.1842 -0.3146  0.3146  0.1473 -0.0641  0.0641 5.5426e-05 -9.4536e-07 9.4536e-07  0.3100  0.0000  0.0000  0.9719  11686.7      271     '1T'
    166  6.8293 -0.3108  0.3108  0.2526 -0.0673  0.0673 5.3718e-05 -9.3683e-07 9.3683e-07  0.3100  0.0000  0.0000  1.2025  11600.8      272     '1T'
    167  7.2022 -0.3063  0.3063  0.2986 -0.0730  0.0730 5.3815e-05 -9.5362e-07 9.5362e-07  0.3100  0.0000  0.0000  1.0510  11834.8      279     '1T'
    168  7.4569 -0.4860  0.4860  0.3359 -0.0803  0.0803 5.2700e-05 -9.9742e-07 9.9742e-07  0.3100  0.0000  0.0000  0.9197  11722.0      277     '1T'
    169  6.9568 -0.3147  0.3147  0.2650 -0.0690  0.0690 5.2651e-05 -9.2186e-07 9.2186e-07  0.3100  0.0000  0.0000  1.0808  11401.0      276     '1T'
    170  7.1980 -0.3260  0.3260  0.1355 -0.0657  0.0657 5.2599e-05 -9.0947e-07 9.0947e-07  0.3100  0.0000  0.0000  0.9896  11293.6      276     '1T'
    171  6.7807 -0.3170  0.3170  0.2570 -0.0705  0.0705 5.0569e-05 -9.3173e-07 9.3173e-07  0.3100  0.0000  0.0000  0.9814  10994.3      264     '1T'
    172  7.0845 -0.3252  0.3252  0.2103 -0.0709  0.0709 5.0398e-05 -9.1146e-07 9.1146e-07  0.3100  0.0000  0.0000  1.0466  11030.4      269     '1T'
    173  7.0640 -0.3369  0.3369  0.2011 -0.0713  0.0713 4.9207e-05 -8.8150e-07 8.8150e-07  0.3100  0.0000  0.0000  1.1187  10770.8      263     '1T'
    174  7.4382 -0.6144  0.6144  0.2285 -0.0792  0.0792 4.7029e-05 -1.0707e-06 1.0707e-06  0.3100  0.0000  0.0000  0.9596  10679.0      275     '1T'
    175  7.5250 -0.4012  0.4012  0.1580 -0.0728  0.0728 4.7897e-05 -8.4822e-07 8.4822e-07  0.3100  0.0000  0.0000  1.0054  10819.5      273     '1T'
    176  7.1402 -0.3317  0.3317  0.2922 -0.0798  0.0798 4.4839e-05 -8.6555e-07 8.6555e-07  0.3100  0.0000  0.0000  0.9720  10432.1      261     '1T'
    177  7.2692 -0.3985  0.3985  0.1763 -0.0736  0.0736 4.5769e-05 -8.4866e-07 8.4866e-07  0.3100  0.0000  0.0000  1.0071  10434.3      258     '1T'
    178  7.3417 -0.3097  0.3097  0.1139 -0.0709  0.0709 4.4971e-05 -8.1121e-07 8.1121e-07  0.3100  0.0000  0.0000  1.0301  10282.2      259     '1T'
    179  7.7414 -0.5771  0.5771  0.1295 -0.0748  0.0748 4.2869e-05 -7.6490e-07 7.6490e-07  0.3100  0.0000  0.0000  0.9953   9955.6      259     '1T'
    180  7.4175 -0.2720  0.2720  0.1557 -0.0711  0.0711 4.9595e-05 -8.6138e-07 8.6138e-07  0.3100  0.0000  0.0000  1.0871  11622.5      290     '1T'
    181  7.5480 -0.4125  0.4125  0.1575 -0.0704  0.0704 4.9441e-05 -8.4715e-07 8.4715e-07  0.3100  0.0000  0.0000  1.0365  11620.2      284     '1T'
    182  7.5055 -0.4271  0.4271  0.2137 -0.0790  0.0790 4.7034e-05 -8.5480e-07 8.5480e-07  0.3100  0.0000  0.0000  1.0135  11214.2      284     '1T'
    183  7.4828 -0.4517  0.4517  0.1175 -0.0773  0.0773 4.6689e-05 -8.5836e-07 8.5836e-07  0.3100  0.0000  0.0000  0.9995  11066.0      279     '1T'
    184  6.8282 -0.3449  0.3449  0.0562 -0.0562  0.0654 4.7095e-05 -8.3110e-07 8.3110e-07  0.3100  0.0000  0.0000  0.9226  10923.1      276     '1T'
    185  6.8295 -0.3281  0.3281  0.2746 -0.0772  0.0772 4.4607e-05 -8.6694e-07 8.6694e-07  0.3100  0.0000  0.0000  1.0607  11041.0      277     '1T'
    186  6.9297 -0.3236  0.3236  0.4007 -0.0856  0.0856 4.3801e-05 -8.8920e-07 8.8920e-07  0.3100  0.0000  0.0000  1.0664  11053.8      279     '1T'
    187  6.5757 -0.3461  0.3461  0.0605 -0.0605  0.0646 4.6496e-05 -8.3039e-07 8.3039e-07  0.3100  0.0000  0.0000  0.9826  10853.5      273     '1T'
    188  7.2523 -0.3855  0.3855  0.1811 -0.0766  0.0766 4.3656e-05 -8.3353e-07 8.3353e-07  0.3100  0.0000  0.0000  1.0279  10751.8      283     '1T'
    189  7.1516 -0.3554  0.3554  0.0972 -0.0731  0.0731 4.4221e-05 -8.3373e-07 8.3373e-07  0.3100  0.0000  0.0000  1.0279  10686.2      277     '1T'
    190  7.3597 -0.2646  0.2646  0.1560 -0.0808  0.0808 4.1537e-05 -7.9798e-07 7.9798e-07  0.3100  0.0000  0.0000  1.0685  10320.5      277     '1T'
    191  6.9227 -0.3607  0.3607  0.1428 -0.0755  0.0755 4.1525e-05 -8.0958e-07 8.0958e-07  0.3100  0.0000  0.0000  0.8821  10116.6      276     '1T'
    192  6.6159 -0.3571  0.3571  0.1481 -0.0748  0.0748 4.1494e-05 -8.2684e-07 8.2684e-07  0.3100  0.0000  0.0000  0.8268  10075.2      272     '1T'
    193  7.3185 -0.3362  0.3362  0.2186 -0.0853  0.0853 3.9945e-05 -8.1910e-07 8.1910e-07  0.3100  0.0000  0.0000  0.9972   9921.3      268     '1T'
    194  6.5852 -0.3351  0.3351  0.1788 -0.0715  0.0715 4.7558e-05 -8.8496e-07 8.8496e-07  0.3100  0.0000  0.0000  0.9009  11525.0      296     '1T'
    195  6.7807 -0.3445  0.3445  0.1788 -0.0745  0.0745 4.5396e-05 -8.7188e-07 8.7188e-07  0.3100  0.0000  0.0000  1.0420  11101.8      289     '1T'
    196  6.9639 -0.3557  0.3557  0.1395 -0.0741  0.0741 4.5632e-05 -8.5774e-07 8.5774e-07  0.3100  0.0000  0.0000  1.0606  11089.0      289     '1T'
    197  7.4097 -0.3156  0.3156  0.2439 -0.0852  0.0852 4.3383e-05 -8.5758e-07 8.5758e-07  0.3100  0.0000  0.0000  0.9554  10957.8      291     '1T'
    198  6.9164 -0.3657  0.3657  0.1053 -0.0749  0.0749 4.3283e-05 -8.4273e-07 8.4273e-07  0.3100  0.0000  0.0000  1.1030  10527.8      285     '1T'
    199  7.3061 -0.3822  0.3822  0.2257 -0.0863  0.0863 4.1279e-05 -8.5569e-07 8.5569e-07  0.3100  0.0000  0.0000  0.9656  10438.6      289     '1T'
    200  7.3874 -0.2963  0.2963  0.1759 -0.0824  0.0824 4.1279e-05 -8.0057e-07 8.0057e-07  0.3100  0.0000  0.0000  1.0576  10304.9      288     '1T'
    201  7.3736 -0.2850  0.2850  0.1477 -0.0825  0.0825 4.5744e-05 -8.8061e-07 8.8061e-07  0.3100  0.0000  0.0000  0.9999  11279.9      303     '1T'
    202  7.5328 -0.5299  0.5299  0.1440 -0.0816  0.0816 4.4891e-05 -8.6191e-07 8.6191e-07  0.3100  0.0000  0.0000  0.9803  11078.1      294     '1T'
    203  6.9438 -0.3649  0.3649  0.1116 -0.0776  0.0776 4.4641e-05 -8.9488e-07 8.9488e-07  0.3100  0.0000  0.0000  0.9914  10817.2      292     '1T'
    204  7.2244 -0.3957  0.3957  0.1569 -0.0838  0.0838 4.3232e-05 -8.8042e-07 8.8042e-07  0.3100  0.0000  0.0000  0.9450  10597.8      303     '1T'
    205  6.6748 -0.3737  0.3737  0.0554 -0.0554  0.0723 4.5455e-05 -8.7192e-07 8.7192e-07  0.3100  0.0000  0.0000  1.0456  10749.6      301     '1T'
    206  7.7793 -0.6733  0.6733  0.0969 -0.0894  0.0894 4.3319e-05 -8.6489e-07 8.6489e-07  0.3100  0.0000  0.0000  1.0183  10531.1      302     '1T'
    207  6.6282 -0.3846  0.3846  0.0592 -0.0592  0.0772 4.3181e-05 -8.8104e-07 8.8104e-07  0.3100  0.0000  0.0000  1.1220  10383.0      294     '1T'
    208  6.9164 -0.3860  0.3860  0.0000 -0.0000  0.0326 4.3830e-05 -6.1624e-07 6.1624e-07  0.3100  0.0000  0.0000  0.9465  10305.4      297     '1T'
    209  6.9748 -0.3844  0.3844  0.2182 -0.0908  0.0908 4.0208e-05 -8.7882e-07 8.7882e-07  0.3100  0.0000  0.0000  0.9430  10025.4      293     '1T'
    210  6.2172 -0.3116  0.3116  0.1852 -0.0780  0.0780 4.5581e-05 -9.4171e-07 9.4171e-07  0.3100  0.0000  0.0000  0.9732  11090.8      304     '1T'
    211  6.6722 -0.3738  0.3738  0.2160 -0.0871  0.0871 4.3169e-05 -9.2056e-07 9.2056e-07  0.3100  0.0000  0.0000  0.9578  10661.6      306     '1T'
    212  6.0349 -0.4848  0.4848  0.1126 -0.0731  0.0731 4.3670e-05 -9.2859e-07 9.2859e-07  0.3100  0.0000  0.0000  1.1528  10396.1      303     '1T'
    213  6.2938 -0.3727  0.3727  0.1694 -0.0802  0.0802 4.3579e-05 -9.2826e-07 9.2826e-07  0.3100  0.0000  0.0000  1.0563  10633.1      313     '1T'
    214  5.7527 -0.2751  0.2751  0.2206 -0.0803  0.0803 4.3670e-05 -9.8896e-07 9.8896e-07  0.3100  0.0000  0.0000  1.0729  10628.1      309     '1T'
    215  6.4084 -0.3826  0.3826  0.1955 -0.0861  0.0861 4.1939e-05 -9.4405e-07 9.4405e-07  0.3100  0.0000  0.0000  1.0514  10365.4      312     '1T'
    216  5.7942 -0.3442  0.3442  0.1674 -0.0821  0.0821 4.1528e-05 -1.0856e-06 1.0856e-06  0.3100  0.0000  0.0000  1.0524   9973.8      308     '1T'
    217  6.2994 -0.3782  0.3782  0.1896 -0.0866  0.0866 4.4015e-05 -9.9387e-07 9.9387e-07  0.3100  0.0000  0.0000  0.9071  10734.0      321     '1T'
    218  6.9315 -0.3979  0.3979  0.1846 -0.0921  0.0921 4.4192e-05 -9.4526e-07 9.4526e-07  0.3100  0.0000  0.0000  1.1609  10915.2      330     '1T'
    219  6.1768 -0.3189  0.3189  0.1221 -0.0803  0.0803 4.4009e-05 -9.3458e-07 9.3458e-07  0.3100  0.0000  0.0000  1.0437  10524.9      321     '1T'
    220  5.6091 -0.2854  0.2854  0.0550 -0.0550  0.0752 4.3084e-05 -9.9543e-07 9.9543e-07  0.3100  0.0000  0.0000  1.3794  10159.2      319     '1T'
    221  6.2988 -0.3841  0.3841  0.1891 -0.0852  0.0852 4.4687e-05 -1.0111e-06 1.0111e-06  0.3100  0.0000  0.0000  1.1171  10915.8      331     '1T'
    222  5.8994 -0.3956  0.3956  0.1495 -0.0838  0.0838 4.2784e-05 -1.2347e-06 1.2347e-06  0.3100  0.0000  0.0000  1.0492  10189.1      315     '1T'
    223  5.7255 -0.2851  0.2851  0.1044 -0.0806  0.0806 4.3044e-05 -1.0677e-06 1.0677e-06  0.3100  0.0000  0.0000  1.2153  10088.7      319     '1T'
    224  5.4850 -0.2815  0.2815  0.1248 -0.0815  0.0815 4.3329e-05 -1.0608e-06 1.0608e-06  0.3100  0.0000  0.0000  1.1150  10000.0      321     '1T'
    225  6.1225 -0.4788  0.4788  0.2119 -0.0924  0.0924 4.2957e-05 -1.0211e-06 1.0211e-06  0.3100  0.0000  0.0000  0.9665  10293.4      338     '1T'
    226  6.1819 -0.3885  0.3885  0.2573 -0.0959  0.0959 4.1164e-05 -9.9538e-07 9.9538e-07  0.3100  0.0000  0.0000  1.1104   9983.7      332     '1T'
    227  6.1430 -0.8943  0.8943  0.0752 -0.0752  0.0926 4.3326e-05 -1.2315e-06 1.2315e-06  0.3100  0.0000  0.0000  1.1966   9971.2      327     '1T'
    228  6.2164 -0.3394  0.3394  0.2498 -0.0963  0.0963 4.2956e-05 -1.0321e-06 1.0321e-06  0.3100  0.0000  0.0000  1.3338  10255.4      338     '1T'
    229  6.9714 -0.4451  0.4451  0.0900 -0.0900  0.0980 4.2806e-05 -1.0235e-06 1.0235e-06  0.3100  0.0000  0.0000  1.1551  10045.0      338     '1T'
    230  5.2774 -0.2851  0.2851  0.1032 -0.0805  0.0805 4.6777e-05 -1.2030e-06 1.2030e-06  0.3100  0.0000  0.0000  1.2335  10475.1      344     '1T'
    231  5.7557 -0.4461  0.4461  0.2185 -0.0915  0.0915 4.4399e-05 -1.2730e-06 1.2730e-06  0.3100  0.0000  0.0000  1.0495  10343.8      343     '1T'
    232  5.6096 -0.2851  0.2851  0.2112 -0.0908  0.0908 4.6062e-05 -1.1959e-06 1.1959e-06  0.3100  0.0000  0.0000  1.1798  10500.8      354     '1T'
    233  5.8467 -0.2343  0.2343  0.2519 -0.0989  0.0989 4.4691e-05 -1.1368e-06 1.1368e-06  0.3100  0.0000  0.0000  1.2665  10414.3      356     '1T'
    234  5.8100 -0.2063  0.2063  0.0477 -0.0477  0.0888 4.6286e-05 -1.1446e-06 1.1446e-06  0.3100  0.0000  0.0000  1.1110  10278.8      357     '1T'
    235  5.1393 -0.2970  0.2970  0.1684 -0.0907  0.0907 4.6970e-05 -1.3455e-06 1.3455e-06  0.3100  0.0000  0.0000  1.1742  10239.7      362     '1T'
    236  5.7589 -0.4226  0.4226  0.2567 -0.1013  0.1013 4.5920e-05 -1.3323e-06 1.3323e-06  0.3100  0.0000  0.0000  1.1433  10127.2      359     '1T'
    237  5.3431 -0.3194  0.3194  0.0000 -0.0000  0.0475 5.1695e-05 -9.7571e-07 9.7571e-07  0.3100  0.0000  0.0000  1.1053  10327.7      373     '1T'
    238  5.5097 -0.3199  0.3199  0.1410 -0.0954  0.0954 4.9759e-05 -1.4029e-06 1.4029e-06  0.3100  0.0000  0.0000  1.2418  10131.4      374     '1T'
    239  4.9476 -0.2984  0.2984  0.2095 -0.0923  0.0923 5.1934e-05 -1.4893e-06 1.4893e-06  0.3100  0.0000  0.0000  1.1871  10326.5      376     '1T'
    240  4.6995 -0.5161  0.5161  0.2501 -0.1008  0.1008 5.1285e-05 -2.0431e-06 2.0431e-06  0.3100  0.0000  0.0000  1.3194  10038.3      384     '1T'
    241  4.9570 -0.3229  0.3229  0.2467 -0.0972  0.0972 5.0593e-05 -1.4922e-06 1.4922e-06  0.3100  0.0000  0.0000  1.3893   9855.3      378     '1T'
    242  4.5640 -0.3064  0.3064  0.2709 -0.0981  0.0981 5.4619e-05 -1.8780e-06 1.8780e-06  0.3100  0.0000  0.0000  1.3314   9843.7      389     '1T'
    243  4.3775 -0.2210  0.2210  0.2874 -0.0988  0.0988 5.8981e-05 -2.0398e-06 2.0398e-06  0.3100  0.0000  0.0000  1.5018  10207.1      393     '1T'
    244  4.8264 -0.2735  0.2735  0.2359 -0.1001  0.1001 5.9717e-05 -1.8360e-06 1.8360e-06  0.3100  0.0000  0.0000  1.3690   9859.0      403     '1T'
    245  4.2675 -0.2259  0.2259  0.3145 -0.1009  0.1009 6.2208e-05 -2.2104e-06 2.2104e-06  0.3100  0.0000  0.0000  1.3891   9975.7      401     '1T'
    246  3.6226 -0.1194  0.1194  0.2959 -0.0907  0.0907 6.7805e-05 -2.4157e-06 2.4157e-06  0.3100  0.0000  0.0000  1.7273  10122.8      404     '1T'
    247  3.5442 -0.1666  0.1666  0.3294 -0.0983  0.0983 7.0444e-05 -2.9432e-06 2.9432e-06  0.3100  0.0000  0.0000  1.6345  10052.3      422     '1T'
    248  2.5557 -0.1165  0.1165  0.4721 -0.0976  0.0976 6.7929e-05 -3.6022e-06 3.6022e-06  0.3100  0.0000  0.0000  2.1192  10005.8      437     '1T'
    249  0.6485 -0.0192  0.0192  0.1080 -0.0125  0.0125 4.4173e-04 -3.5677e-05 3.5677e-05  0.3100  0.0000  0.0000  2.1856   9877.6      444     '1T'
    250  0.6485 -0.0192  0.0192  0.1080 -0.0125  0.0125 4.4173e-04 -3.5677e-05 3.5677e-05  0.3100  0.0000  0.0000  2.1856   9877.6      444     '1T'
    251  0.6485 -0.0192  0.0192  0.1080 -0.0125  0.0125 4.4173e-04 -3.5677e-05 3.5677e-05  0.3100  0.0000  0.0000  2.1856   9877.6      444     '1T'
