# 
# Extracted radial surface brightness profile
#  
# SB [counts/s/cm^2/arcsec^2] vs. R [arcsec]
#  
# Date       : Tue Aug 16 15:05:32 2016
# Input file : cygnus_tot_img.fits
# Exp. file  : cygnus_tot_filt_wedgeA_emap.fits
# Bgd. file  : cygnus_tot_all_bmap.fits
# Binmap file: cygA_sn100_radial_binmap.fits
# Exp. time  :            1
# Sky X      :        4067.6845
# Sky Y      :        4029.3591
# X Centroid :       2641.62
# Y Centroid :       2734.39
# Min. counts:        10000
# Pixel scale:       0.49200000
#  
        Radius1      Radius2   SB              SBError         BGRD            BGRDError           AREA    
        0.000        0.492     5.47929E-05     4.82556E-07     1.48375E-08     7.94082E-09     9.68256E-01
        0.492        0.984     5.27471E-05     3.13472E-07     1.55222E-08     5.37744E-09     2.17858E+00
        0.984        1.476     2.97935E-05     1.71744E-07     1.25874E-08     3.53011E-09     4.11509E+00
        1.476        1.968     9.64469E-06     8.55322E-08     1.44762E-08     3.31369E-09     5.32541E+00
        1.968        2.460     5.83648E-06     5.79148E-08     1.19285E-08     2.61823E-09     7.01986E+00
        2.460        3.444     3.98676E-06     3.01725E-08     1.11852E-08     1.59817E-09     1.76707E+01
        3.444        4.428     2.60114E-06     2.11377E-08     1.05467E-08     1.34596E-09     2.34802E+01
        4.428        5.412     2.11827E-06     1.96321E-08     1.09294E-08     1.41018E-09     2.22699E+01
        5.412        6.396     1.90876E-06     1.71378E-08     1.08739E-08     1.29351E-09     2.63850E+01
        6.396        7.380     1.86241E-06     1.57066E-08     9.90038E-09     1.14517E-09     3.05001E+01
        7.380        8.364     1.78311E-06     1.40972E-08     9.71853E-09     1.04074E-09     3.63096E+01
        8.364        9.348     1.76786E-06     1.33409E-08     9.24636E-09     9.64822E-10     4.01826E+01
        9.348       10.332     1.78113E-06     1.28255E-08     9.24860E-09     9.24197E-10     4.40556E+01
       10.332       10.824     1.76043E-06     1.69957E-08     9.35337E-09     1.23884E-09     2.46905E+01
       10.824       11.316     1.75040E-06     1.69878E-08     8.99235E-09     1.21760E-09     2.46905E+01
       11.316       11.808     1.71965E-06     1.62470E-08     9.12626E-09     1.18359E-09     2.63850E+01
       11.808       12.300     1.68636E-06     1.57056E-08     8.63709E-09     1.12399E-09     2.78374E+01
       12.300       12.792     1.69559E-06     1.58932E-08     9.05929E-09     1.16171E-09     2.73532E+01
       12.792       13.284     1.69514E-06     1.49179E-08     8.85413E-09     1.07815E-09     3.07421E+01
       13.284       13.776     1.65262E-06     1.47174E-08     8.98697E-09     1.08531E-09     3.09842E+01
       13.776       14.268     1.62891E-06     1.44056E-08     8.36878E-09     1.03255E-09     3.17104E+01
       14.268       14.760     1.66329E-06     1.40549E-08     8.35728E-09     9.96265E-10     3.41310E+01
       14.760       15.252     1.63066E-06     1.40272E-08     8.86393E-09     1.03420E-09     3.34048E+01
       15.252       15.744     1.59454E-06     1.34313E-08     8.58789E-09     9.85698E-10     3.55834E+01
       15.744       16.236     1.56314E-06     1.32694E-08     8.46113E-09     9.76261E-10     3.58255E+01
       16.236       16.728     1.57197E-06     1.28470E-08     8.45719E-09     9.42312E-10     3.82461E+01
       16.728       17.220     1.53188E-06     1.24166E-08     8.03817E-09     8.99434E-10     3.99406E+01
       17.220       17.712     1.49341E-06     1.23490E-08     7.95820E-09     9.01465E-10     3.92144E+01
       17.712       18.204     1.48718E-06     1.18921E-08     8.16341E-09     8.81076E-10     4.21191E+01
       18.204       18.696     1.49397E-06     1.20998E-08     7.88026E-09     8.78775E-10     4.09088E+01
       18.696       19.188     1.44301E-06     1.14273E-08     8.36635E-09     8.70115E-10     4.40556E+01
       19.188       19.680     1.44883E-06     1.14088E-08     8.17108E-09     8.56784E-10     4.45398E+01
       19.680       20.172     1.41578E-06     1.12406E-08     8.09134E-09     8.49770E-10     4.47818E+01
       20.172       20.664     1.41489E-06     1.07881E-08     7.74871E-09     7.98361E-10     4.86549E+01
       20.664       21.156     1.39298E-06     1.08780E-08     7.86719E-09     8.17497E-10     4.72025E+01
       21.156       21.648     1.34908E-06     1.05403E-08     8.07339E-09     8.15385E-10     4.86549E+01
       21.648       22.140     1.36663E-06     1.04494E-08     7.56936E-09     7.77668E-10     5.03493E+01
       22.140       22.632     1.31231E-06     1.02005E-08     7.44073E-09     7.68092E-10     5.05914E+01
       22.632       23.124     1.31503E-06     9.90117E-09     8.21675E-09     7.82652E-10     5.39803E+01
       23.124       23.616     1.22741E-06     9.66195E-09     7.58143E-09     7.59356E-10     5.27700E+01
       23.616       24.108     1.23513E-06     9.40300E-09     7.30622E-09     7.23198E-10     5.61588E+01
       24.108       24.600     1.19472E-06     9.35604E-09     7.30402E-09     7.31544E-10     5.49485E+01
       24.600       25.092     1.15166E-06     8.98445E-09     7.08722E-09     7.04803E-10     5.73692E+01
       25.092       25.584     1.14778E-06     8.88316E-09     6.75931E-09     6.81692E-10     5.85795E+01
       25.584       26.076     1.10487E-06     8.71521E-09     7.42112E-09     7.14260E-10     5.85795E+01
       26.076       26.568     1.10061E-06     8.48582E-09     7.07652E-09     6.80436E-10     6.14843E+01
       26.568       27.060     1.07413E-06     8.43966E-09     7.07430E-09     6.84919E-10     6.07581E+01
       27.060       27.552     1.03806E-06     8.15579E-09     6.95891E-09     6.67767E-10     6.26946E+01
       27.552       28.044     1.02606E-06     7.98252E-09     6.93793E-09     6.56401E-10     6.48732E+01
       28.044       28.536     9.83572E-07     7.78215E-09     6.70183E-09     6.42382E-10     6.51152E+01
       28.536       29.028     9.82577E-07     7.68742E-09     6.64901E-09     6.32376E-10     6.68097E+01
       29.028       29.520     9.35313E-07     7.52160E-09     6.29920E-09     6.17269E-10     6.65676E+01
       29.520       30.012     9.03262E-07     7.23629E-09     6.61479E-09     6.19252E-10     6.92303E+01
       30.012       30.504     8.69727E-07     7.09940E-09     6.48358E-09     6.12968E-10     6.94724E+01
       30.504       30.996     8.50188E-07     6.95615E-09     6.41484E-09     6.04233E-10     7.04406E+01
       30.996       31.488     8.27814E-07     6.81657E-09     6.47888E-09     6.03045E-10     7.16509E+01
       31.488       31.980     7.82057E-07     6.56473E-09     5.92516E-09     5.71409E-10     7.31033E+01
       31.980       32.472     7.62405E-07     6.37355E-09     6.03352E-09     5.66988E-10     7.52819E+01
       32.472       32.964     7.41710E-07     6.34729E-09     6.07109E-09     5.74255E-10     7.40716E+01
       32.964       33.456     7.08696E-07     6.05325E-09     6.07831E-09     5.60596E-10     7.77025E+01
       33.456       33.948     6.74121E-07     5.91676E-09     6.07476E-09     5.61668E-10     7.77025E+01
       33.948       34.440     6.55034E-07     5.84805E-09     5.94353E-09     5.57060E-10     7.74605E+01
       34.440       34.932     6.52065E-07     5.72097E-09     5.69093E-09     5.34461E-10     8.01232E+01
       34.932       35.424     6.14191E-07     5.55562E-09     5.93265E-09     5.46016E-10     8.08494E+01
       35.424       35.916     5.99112E-07     5.40355E-09     5.50580E-09     5.18007E-10     8.30280E+01
       35.916       36.408     5.77608E-07     5.28185E-09     5.80106E-09     5.29326E-10     8.42383E+01
       36.408       36.900     5.61270E-07     5.21238E-09     5.25526E-09     5.04368E-10     8.39962E+01
       36.900       37.392     5.46510E-07     5.09291E-09     5.35693E-09     5.04226E-10     8.54486E+01
       37.392       37.884     5.28603E-07     5.00018E-09     5.39527E-09     5.05159E-10     8.61748E+01
       37.884       38.376     5.13646E-07     4.81920E-09     5.43570E-09     4.95759E-10     8.98057E+01
       38.376       38.868     4.99291E-07     4.80889E-09     5.10409E-09     4.86213E-10     8.76272E+01
       38.868       39.360     4.92737E-07     4.70577E-09     5.22619E-09     4.84636E-10     9.02899E+01
       39.360       39.852     4.91728E-07     4.66790E-09     5.26810E-09     4.83155E-10     9.15002E+01
       39.852       40.344     4.70164E-07     4.57593E-09     5.16021E-09     4.79389E-10     9.12581E+01
       40.344       40.836     4.65186E-07     4.46100E-09     4.97298E-09     4.61240E-10     9.44050E+01
       40.836       41.328     4.54488E-07     4.41105E-09     4.87726E-09     4.56950E-10     9.44050E+01
       41.328       41.820     4.34777E-07     4.25904E-09     4.72551E-09     4.44021E-10     9.68256E+01
       41.820       42.312     4.31246E-07     4.23381E-09     4.88753E-09     4.50727E-10     9.70677E+01
       42.312       43.296     4.03673E-07     2.86791E-09     4.83278E-09     3.13797E-10     1.97282E+02
       43.296       44.280     3.85471E-07     2.75773E-09     4.58482E-09     3.00758E-10     2.03092E+02
       44.280       45.264     3.62064E-07     2.64569E-09     4.53373E-09     2.96056E-10     2.06723E+02
       45.264       46.248     3.50493E-07     2.58002E-09     4.47684E-09     2.91587E-10     2.09627E+02
       46.248       47.232     3.37764E-07     2.49017E-09     4.34074E-09     2.82295E-10     2.15921E+02
       47.232       48.216     3.17449E-07     2.37938E-09     4.34799E-09     2.78465E-10     2.21489E+02
       48.216       49.200     3.03940E-07     2.30609E-09     4.25474E-09     2.72846E-10     2.25120E+02
       49.200       50.184     2.93408E-07     2.24486E-09     4.16132E-09     2.67343E-10     2.28508E+02
       50.184       51.168     2.81648E-07     2.17212E-09     4.36273E-09     2.70340E-10     2.34318E+02
       51.168       52.152     2.67574E-07     2.09838E-09     4.23887E-09     2.64111E-10     2.37707E+02
       52.152       53.136     2.56061E-07     2.02643E-09     4.17227E-09     2.58670E-10     2.43032E+02
       53.136       54.120     2.44937E-07     1.95121E-09     4.03561E-09     2.50456E-10     2.50052E+02
       54.120       55.104     2.32209E-07     1.89251E-09     3.95290E-09     2.46920E-10     2.51504E+02
       55.104       56.088     2.19265E-07     1.83667E-09     4.04181E-09     2.49365E-10     2.51989E+02
       56.088       57.072     2.01383E-07     1.74190E-09     3.97917E-09     2.44854E-10     2.58040E+02
       57.072       58.056     2.02327E-07     1.74394E-09     4.03160E-09     2.46175E-10     2.58766E+02
       58.056       59.040     1.90421E-07     1.68205E-09     4.05751E-09     2.45534E-10     2.61913E+02
       59.040       60.024     1.83792E-07     1.62635E-09     3.87522E-09     2.36156E-10     2.70385E+02
       60.024       61.008     1.75437E-07     1.57243E-09     3.83571E-09     2.32506E-10     2.76195E+02
       61.008       61.992     1.69469E-07     1.54113E-09     3.95588E-09     2.35460E-10     2.77405E+02
       61.992       62.976     1.63359E-07     1.47977E-09     3.86193E-09     2.27523E-10     2.90235E+02
       62.976       63.960     1.55279E-07     1.43759E-09     3.79783E-09     2.24825E-10     2.92413E+02
       63.960       64.944     1.47343E-07     1.38848E-09     3.90004E-09     2.25897E-10     2.97255E+02
       64.944       65.928     1.42829E-07     1.34954E-09     3.80618E-09     2.20305E-10     3.05485E+02
       65.928       66.912     1.40417E-07     1.33834E-09     3.80089E-09     2.20190E-10     3.05243E+02
       66.912       67.896     1.36798E-07     1.31119E-09     3.79216E-09     2.18308E-10     3.10326E+02
       67.896       68.880     1.33995E-07     1.28610E-09     3.72406E-09     2.14406E-10     3.15894E+02
       68.880       69.864     1.31072E-07     1.26019E-09     3.75336E-09     2.13252E-10     3.22429E+02
       69.864       70.848     1.28192E-07     1.24277E-09     3.69988E-09     2.11132E-10     3.24608E+02
       70.848       71.832     1.23571E-07     1.20852E-09     3.67191E-09     2.08325E-10     3.31870E+02
       71.832       73.308     1.19367E-07     9.65971E-10     3.59460E-09     1.67628E-10     5.01799E+02
       73.308       74.784     1.13275E-07     9.31365E-10     3.53605E-09     1.64555E-10     5.11723E+02
       74.784       76.260     1.10202E-07     9.07113E-10     3.59183E-09     1.63766E-10     5.23826E+02
       76.260       77.736     1.08423E-07     8.87282E-10     3.57248E-09     1.61059E-10     5.38108E+02
       77.736       79.212     1.02304E-07     8.58425E-10     3.57683E-09     1.60511E-10     5.41497E+02
       79.212       80.688     9.89877E-08     8.33066E-10     3.49098E-09     1.56445E-10     5.55053E+02
       80.688       82.164     9.74961E-08     8.19759E-10     3.46643E-09     1.54573E-10     5.63283E+02
       82.164       83.640     9.34387E-08     7.92850E-10     3.50150E-09     1.53481E-10     5.76354E+02
       83.640       85.116     9.01070E-08     7.71754E-10     3.52622E-09     1.52670E-10     5.85795E+02
       85.116       86.592     8.74799E-08     7.52712E-10     3.40810E-09     1.48570E-10     5.96688E+02
       86.592       88.068     8.50693E-08     7.35216E-10     3.40602E-09     1.47113E-10     6.06128E+02
       88.068       89.544     8.38304E-08     7.23133E-10     3.40197E-09     1.45674E-10     6.15811E+02
       89.544       91.020     8.15397E-08     7.06880E-10     3.38791E-09     1.44088E-10     6.25735E+02
       91.020       92.496     8.04072E-08     6.95158E-10     3.46777E-09     1.44365E-10     6.36870E+02
       92.496       93.972     7.78163E-08     6.77483E-10     3.38444E-09     1.41288E-10     6.47763E+02
       93.972       95.448     7.54647E-08     6.66395E-10     3.38964E-09     1.41233E-10     6.48005E+02
       95.448       96.924     7.26893E-08     6.52612E-10     3.35830E-09     1.40275E-10     6.49700E+02
       96.924       98.400     7.10956E-08     6.43511E-10     3.38515E-09     1.40418E-10     6.52605E+02
       98.400       99.876     6.98982E-08     6.32207E-10     3.39038E-09     1.39236E-10     6.63982E+02
       99.876      101.352     6.80677E-08     6.18567E-10     3.30395E-09     1.36280E-10     6.74148E+02
      101.352      102.828     6.70874E-08     6.05793E-10     3.28509E-09     1.34053E-10     6.91577E+02
      102.828      104.304     6.57032E-08     5.90795E-10     3.25367E-09     1.31471E-10     7.11668E+02
      104.304      105.780     6.38079E-08     5.74520E-10     3.26018E-09     1.29864E-10     7.31517E+02
      105.780      107.256     6.27309E-08     5.67265E-10     3.30093E-09     1.30126E-10     7.39263E+02
      107.256      108.732     6.14830E-08     5.57625E-10     3.18064E-09     1.26830E-10     7.51125E+02
      108.732      110.208     5.89424E-08     5.44225E-10     3.17359E-09     1.26282E-10     7.57176E+02
      110.208      111.684     5.83155E-08     5.37179E-10     3.20559E-09     1.25945E-10     7.70006E+02
      111.684      113.160     5.72848E-08     5.28403E-10     3.18313E-09     1.24558E-10     7.83803E+02
      113.160      114.636     5.50427E-08     5.16497E-10     3.14452E-09     1.23451E-10     7.90581E+02
      114.636      116.112     5.50053E-08     5.14901E-10     3.13524E-09     1.22930E-10     7.97117E+02
      116.112      117.588     5.39131E-08     5.05474E-10     3.15715E-09     1.22321E-10     8.13819E+02
      117.588      119.064     5.17443E-08     4.93610E-10     3.16436E-09     1.22066E-10     8.20597E+02
      119.064      120.540     5.07937E-08     4.85647E-10     3.02735E-09     1.18563E-10     8.33184E+02
      120.540      122.016     5.01853E-08     4.81196E-10     3.09176E-09     1.19436E-10     8.39962E+02
      122.016      123.492     4.88969E-08     4.71362E-10     2.97689E-09     1.16304E-10     8.53034E+02
      123.492      125.460     4.78472E-08     4.01130E-10     3.07389E-09     1.01672E-10     1.15247E+03
      125.460      127.428     4.66259E-08     3.92759E-10     3.06330E-09     1.00671E-10     1.17111E+03
      127.428      129.396     4.51277E-08     3.83030E-10     3.04253E-09     9.94555E-11     1.19071E+03
      129.396      131.364     4.37608E-08     3.74640E-10     2.97791E-09     9.77300E-11     1.20403E+03
      131.364      133.332     4.23902E-08     3.63935E-10     2.98391E-09     9.65570E-11     1.23114E+03
      133.332      135.300     4.14091E-08     3.57387E-10     2.94162E-09     9.52541E-11     1.24058E+03
      135.300      137.268     3.99404E-08     3.47939E-10     2.98797E-09     9.51670E-11     1.25994E+03
      137.268      139.236     3.84285E-08     3.37847E-10     2.93296E-09     9.33353E-11     1.28270E+03
      139.236      141.204     3.83137E-08     3.34940E-10     2.92211E-09     9.24993E-11     1.29795E+03
      141.204      143.172     3.71532E-08     3.27116E-10     2.85266E-09     9.06417E-11     1.31610E+03
      143.172      145.140     3.58408E-08     3.18525E-10     2.90096E-09     9.06203E-11     1.33595E+03
      145.140      147.108     3.49315E-08     3.13228E-10     2.86541E-09     8.97108E-11     1.34588E+03
      147.108      149.076     3.36693E-08     3.05832E-10     2.88416E-09     8.95108E-11     1.36209E+03
      149.076      151.044     3.28032E-08     3.00972E-10     2.90879E-09     8.96240E-11     1.37129E+03
      151.044      153.012     3.23934E-08     2.96962E-10     2.89082E-09     8.87122E-11     1.39138E+03
      153.012      154.980     3.12533E-08     2.90180E-10     2.89407E-09     8.83026E-11     1.40518E+03
      154.980      156.948     3.08433E-08     2.86768E-10     2.90672E-09     8.80345E-11     1.41971E+03
      156.948      158.916     2.98247E-08     2.81503E-10     2.90735E-09     8.78908E-11     1.42479E+03
      158.916      160.884     2.93135E-08     2.76937E-10     2.85805E-09     8.64734E-11     1.44803E+03
      160.884      163.344     2.84353E-08     2.43696E-10     2.84818E-09     7.71264E-11     1.81669E+03
      163.344      165.804     2.74055E-08     2.38146E-10     2.81867E-09     7.63743E-11     1.83194E+03
      165.804      168.264     2.67930E-08     2.34110E-10     2.83741E-09     7.61849E-11     1.84961E+03
      168.264      170.724     2.62221E-08     2.28946E-10     2.78135E-09     7.45637E-11     1.88786E+03
      170.724      173.184     2.53550E-08     2.21756E-10     2.79016E-09     7.35629E-11     1.94184E+03
      173.184      175.644     2.51639E-08     2.17700E-10     2.78417E-09     7.24131E-11     1.99751E+03
      175.644      178.104     2.45331E-08     2.12921E-10     2.78680E-09     7.17622E-11     2.03382E+03
      178.104      180.564     2.35439E-08     2.06836E-10     2.75381E-09     7.07382E-11     2.06771E+03
      180.564      183.024     2.32465E-08     2.04992E-10     2.75225E-09     7.05347E-11     2.07957E+03
      183.024      185.484     2.25869E-08     2.01436E-10     2.75719E-09     7.03789E-11     2.09482E+03
      185.484      187.944     2.25141E-08     2.00508E-10     2.73583E-09     6.98955E-11     2.11128E+03
      187.944      190.404     2.18648E-08     1.96470E-10     2.75252E-09     6.97091E-11     2.13985E+03
      190.404      192.864     2.13302E-08     1.92109E-10     2.78693E-09     6.94407E-11     2.18705E+03
      192.864      195.324     2.11369E-08     1.89183E-10     2.73549E-09     6.80579E-11     2.23764E+03
      195.324      197.784     2.03580E-08     1.84951E-10     2.74683E-09     6.79367E-11     2.25846E+03
      197.784      200.244     2.03726E-08     1.85251E-10     2.69694E-09     6.74022E-11     2.25604E+03
      200.244      202.704     2.02540E-08     1.85302E-10     2.74202E-09     6.81806E-11     2.24829E+03
      202.704      205.164     1.97079E-08     1.82802E-10     2.75172E-09     6.83067E-11     2.25095E+03
      205.164      208.116     1.89546E-08     1.62230E-10     2.75326E-09     6.18298E-11     2.75009E+03
      208.116      211.068     1.87219E-08     1.60016E-10     2.73788E-09     6.11922E-11     2.79414E+03
      211.068      214.020     1.81080E-08     1.57045E-10     2.74680E-09     6.11652E-11     2.80818E+03
      214.020      216.972     1.76969E-08     1.54330E-10     2.73676E-09     6.06906E-11     2.84619E+03
      216.972      219.924     1.72843E-08     1.51483E-10     2.69346E-09     5.97988E-11     2.88492E+03
      219.924      222.876     1.70401E-08     1.48136E-10     2.73546E-09     5.93525E-11     2.97230E+03
      222.876      225.828     1.67319E-08     1.45176E-10     2.73272E-09     5.86708E-11     3.03960E+03
      225.828      228.780     1.64245E-08     1.43348E-10     2.77462E-09     5.89180E-11     3.06744E+03
      228.780      231.732     1.59884E-08     1.40147E-10     2.70941E-09     5.76923E-11     3.12892E+03
      231.732      234.684     1.58490E-08     1.39064E-10     2.72469E-09     5.76596E-11     3.15071E+03
      234.684      237.636     1.51647E-08     1.34868E-10     2.73761E-09     5.73030E-11     3.20420E+03
      237.636      240.588     1.47391E-08     1.31915E-10     2.71414E-09     5.66076E-11     3.26205E+03
      240.588      243.540     1.44827E-08     1.29844E-10     2.69980E-09     5.60613E-11     3.31821E+03
      243.540      246.492     1.42839E-08     1.28180E-10     2.74060E-09     5.61463E-11     3.36178E+03
      246.492      249.936     1.40294E-08     1.17029E-10     2.70607E-09     5.13979E-11     3.97203E+03
      249.936      253.380     1.34712E-08     1.13925E-10     2.70955E-09     5.10936E-11     4.03956E+03
      253.380      256.824     1.33082E-08     1.12551E-10     2.68272E-09     5.05334E-11     4.10758E+03
      256.824      260.268     1.30602E-08     1.10919E-10     2.68773E-09     5.03181E-11     4.16616E+03
      260.268      263.712     1.25964E-08     1.08610E-10     2.67856E-09     5.00837E-11     4.20610E+03
      263.712      267.156     1.24380E-08     1.07621E-10     2.64767E-09     4.96539E-11     4.24120E+03
      267.156      270.600     1.22439E-08     1.06445E-10     2.66129E-09     4.96261E-11     4.28018E+03
      270.600      274.536     1.19406E-08     9.89432E-11     2.64050E-09     4.65282E-11     4.84540E+03
      274.536      278.472     1.18294E-08     9.88122E-11     2.61697E-09     4.64759E-11     4.83257E+03
      278.472      282.408     1.14390E-08     9.61737E-11     2.61544E-09     4.59870E-11     4.95626E+03
      282.408      286.344     1.10792E-08     9.37672E-11     2.62128E-09     4.56093E-11     5.07221E+03
      286.344      290.280     1.11481E-08     9.35294E-11     2.65137E-09     4.56125E-11     5.15040E+03
      290.280      294.216     1.07404E-08     9.05439E-11     2.64198E-09     4.49069E-11     5.30362E+03
      294.216      298.152     1.04767E-08     8.86267E-11     2.63896E-09     4.44804E-11     5.41279E+03
      298.152      302.088     1.03800E-08     8.80737E-11     2.62565E-09     4.42962E-11     5.43942E+03
      302.088      306.024     1.02100E-08     8.74536E-11     2.65710E-09     4.46138E-11     5.43603E+03
      306.024      310.452     1.00709E-08     8.18826E-11     2.63635E-09     4.18947E-11     6.12277E+03
      310.452      314.880     9.74523E-09     8.05391E-11     2.59963E-09     4.15974E-11     6.13874E+03
      314.880      319.308     9.52244E-09     7.89653E-11     2.60238E-09     4.12807E-11     6.26171E+03
      319.308      323.736     9.36144E-09     7.69921E-11     2.58181E-09     4.04331E-11     6.50644E+03
      323.736      328.164     9.20015E-09     7.53150E-11     2.60791E-09     4.00987E-11     6.71316E+03
      328.164      332.592     9.03824E-09     7.46350E-11     2.60826E-09     4.00937E-11     6.74971E+03
      332.592      337.020     8.79341E-09     7.35831E-11     2.61209E-09     4.01046E-11     6.79304E+03
      337.020      341.940     8.58080E-09     6.89093E-11     2.59200E-09     3.78732E-11     7.59742E+03
      341.940      346.860     8.58637E-09     6.84417E-11     2.58999E-09     3.75894E-11     7.75549E+03
      346.860      351.780     8.35207E-09     6.74059E-11     2.58688E-09     3.75136E-11     7.84142E+03
      351.780      356.700     8.18440E-09     6.69527E-11     2.58120E-09     3.75998E-11     7.85304E+03
      356.700      362.112     8.07336E-09     6.35895E-11     2.56619E-09     3.58511E-11     8.67582E+03
      362.112      367.524     7.80652E-09     6.31615E-11     2.56163E-09     3.61811E-11     8.59182E+03
      367.524      372.936     7.62081E-09     6.16327E-11     2.55733E-09     3.57030E-11     8.93797E+03
      372.936      378.348     7.56904E-09     6.12381E-11     2.56880E-09     3.56752E-11     9.11056E+03
      378.348      384.252     7.32603E-09     5.79663E-11     2.57245E-09     3.43491E-11     9.99434E+03
      384.252      390.156     7.09422E-09     5.65946E-11     2.53847E-09     3.38539E-11     1.03371E+04
      390.156      396.060     7.04613E-09     5.60862E-11     2.55598E-09     3.37800E-11     1.06465E+04
      396.060      402.456     6.83021E-09     5.32652E-11     2.52943E-09     3.24144E-11     1.16537E+04
      402.456      408.852     6.74982E-09     5.30267E-11     2.52787E-09     3.24508E-11     1.18265E+04
      408.852      415.740     6.56000E-09     4.99036E-11     2.53988E-09     3.10518E-11     1.31656E+04
      415.740      422.628     6.51728E-09     4.97039E-11     2.55218E-09     3.11038E-11     1.33704E+04
      422.628      430.008     6.35397E-09     4.76103E-11     2.56559E-09     3.02532E-11     1.44800E+04
      430.008      437.880     6.08104E-09     4.50596E-11     2.56217E-09     2.92484E-11     1.57402E+04
      437.880      445.752     6.07750E-09     4.52739E-11     2.57329E-09     2.94598E-11     1.58721E+04
      445.752      454.116     5.91091E-09     4.34814E-11     2.58252E-09     2.87407E-11     1.70573E+04
      454.116      462.480     5.85171E-09     4.31054E-11     2.58714E-09     2.86616E-11     1.74954E+04
      462.480      471.828     5.65119E-09     4.04162E-11     2.61599E-09     2.74982E-11     1.96716E+04
      471.828      481.668     5.43355E-09     3.88468E-11     2.58150E-09     2.67762E-11     2.13793E+04
      481.668      492.000     5.37223E-09     3.79817E-11     2.56789E-09     2.62594E-11     2.33316E+04
      492.000      503.316     5.15935E-09     3.62500E-11     2.56503E-09     2.55597E-11     2.60037E+04
      503.316      515.124     5.13024E-09     3.62554E-11     2.56304E-09     2.56261E-11     2.75595E+04
      515.124      528.900     4.92858E-09     3.41546E-11     2.55436E-09     2.45884E-11     3.25709E+04
      528.900      545.136     4.79509E-09     3.25587E-11     2.52689E-09     2.36353E-11     3.89140E+04
      545.136      563.340     4.69616E-09     3.19282E-11     2.50745E-09     2.33303E-11     4.57259E+04
      563.340      585.480     4.52402E-09     3.02328E-11     2.50300E-09     2.24878E-11     5.82140E+04
      585.480      613.032     4.43115E-09     2.89309E-11     2.51537E-09     2.17974E-11     7.68224E+04
      613.032      655.344     4.25365E-09     2.69380E-11     2.53724E-09     2.08049E-11     1.19907E+05
      655.344      750.792     4.06363E-09     2.42550E-11     2.60999E-09     1.94385E-11     2.85115E+05
      750.792      945.624     3.78986E-09     1.73239E-11     2.99538E-09     1.54014E-11     7.10097E+05
      945.624     1253.124     3.65092E-09     1.40587E-11     3.10876E-09     1.29730E-11     1.04957E+06
     1253.124     1562.592     3.48543E-09     4.75276E-11     3.27941E-09     4.61016E-11     1.40472E+05
