Bin |     Volume (cm^3) | Temperature (kT) |  fkT (kT) |         n (cm^-3) |        fn (cm^-3) |     P (erg cm^-3) |    fP (erg cm^-3) |             Yparm 
  0 | 5.77914175167e+64 |             64.0 |   90.5097 |    0.620637124635 |    0.738066078941 | 6.36397136919e-08 | 1.17590856327e-07 | 0.000254848060531 
  1 |  1.9290453649e+65 |             64.0 |   90.5097 |    0.517020250752 |    0.614844164774 | 5.30149090745e-08 | 9.79587781043e-08 | 0.000326453118091 
  2 | 4.92325911281e+65 |             64.0 |   90.5097 |    0.410493099228 |    0.488161309483 | 4.20916865435e-08 | 7.77752942777e-08 | 0.000316692885819 
  3 | 7.43520750731e+65 |             2.47 |   0.59397 |    0.182336690118 |   0.0948455026584 | 7.21575066732e-10 | 4.13507904622e-10 | 6.59256863337e-06 
  4 | 1.09123613116e+66 |             1.95 |   0.19799 |    0.147031312413 |   0.0685388788218 | 4.59361875939e-10 | 2.19152834279e-10 | 4.77003494988e-06 
  5 | 3.60025543752e+66 |             3.08 |  0.127279 |    0.157344993738 |   0.0216062693359 | 7.76451133266e-10 | 1.11343980513e-10 | 8.51872455207e-06 
  6 |  5.8415748807e+66 |             3.15 |  0.127279 |    0.124754060428 |   0.0169621722442 | 6.29615990826e-10 | 8.93058839722e-11 | 8.79874154144e-06 
  7 | 6.02519578063e+66 |           4.8812 |  0.187242 |    0.114291610931 |   0.0212879622781 | 8.93822813365e-10 | 1.69977475197e-10 | 1.38080441309e-05 
  8 | 7.69175950402e+66 |           4.6877 |  0.182716 |    0.107931290914 |   0.0190128530181 | 8.10620636466e-10 | 1.46250346289e-10 | 1.25014640738e-05 
  9 | 9.40672723409e+66 |           4.4897 |  0.165463 |    0.102355787836 |   0.0179491173773 | 7.36275256228e-10 | 1.31933792135e-10 | 1.20727016554e-05 
 10 | 1.25937157319e+67 |           4.3947 | 0.0977222 |   0.0950564074545 |   0.0156298341771 | 6.69300467359e-10 | 1.11052810448e-10 | 1.29305253234e-05 
 11 | 1.45563168013e+67 |           4.3666 |   0.11837 |   0.0930263298114 |   0.0146381527866 | 6.50818356761e-10 |  1.0391802412e-10 | 1.22495034001e-05 
 12 | 1.67767754792e+67 |           4.1573 | 0.0956008 |    0.091110979185 |   0.0142587471367 | 6.06865671999e-10 | 9.59934993075e-11 | 1.21808363757e-05 
 13 | 8.57393089669e+66 |           3.9192 |  0.124875 |   0.0928824656685 |   0.0174848963497 | 5.83232409052e-10 | 1.11353640146e-10 |  1.2239000555e-05 
 14 | 8.59825772234e+66 |           4.0378 |  0.127562 |   0.0932785056471 |   0.0169716343517 | 6.03443840706e-10 | 1.11436872761e-10 | 1.27483728739e-05 
 15 | 9.33644920357e+66 |           4.0878 |  0.122047 |   0.0889658702347 |   0.0166002568914 | 5.82671218438e-10 | 1.10104373327e-10 | 1.25509206296e-05 
 16 | 1.03416719139e+67 |            4.084 |  0.121764 |   0.0859070345403 |   0.0158204373577 | 5.62114729831e-10 | 1.04865607664e-10 | 1.28756974535e-05 
 17 | 1.01020577732e+67 |           4.1132 |  0.123037 |   0.0861790916804 |   0.0157375752326 | 5.67926654949e-10 | 1.05093933392e-10 | 1.28911239925e-05 
 18 | 1.17102256993e+67 |           3.9821 |  0.114976 |    0.085199146105 |   0.0150120948657 |  5.4357302698e-10 | 9.70549870197e-11 | 1.18467420913e-05 
 19 | 1.22791822104e+67 |           3.9917 |  0.121057 |   0.0830301271168 |   0.0144222661423 | 5.31011690748e-10 | 9.36315960255e-11 | 1.23291344988e-05 
 20 | 1.27536510648e+67 |           4.1389 |  0.113137 |   0.0786069948451 |   0.0141944548183 | 5.21262640064e-10 | 9.51993436521e-11 | 1.23471508648e-05 
 21 | 1.39317679222e+67 |           4.1307 |  0.109602 |   0.0798343366516 |   0.0136404203878 | 5.28352638277e-10 | 9.13558885036e-11 | 1.28415381277e-05 
 22 | 1.37468512586e+67 |           4.1373 |  0.114834 |    0.079623815326 |   0.0137153751999 | 5.27801343596e-10 | 9.20876415289e-11 | 1.29833013473e-05 
 23 | 1.49251658576e+67 |           4.1027 |  0.115966 |   0.0787080529274 |   0.0130148648416 | 5.17367862538e-10 | 8.67908630102e-11 | 1.30006156312e-05 
 24 | 1.52076429863e+67 |           4.2819 |  0.095318 |    0.075555852577 |   0.0127933915737 | 5.18340468361e-10 | 8.85225230889e-11 | 1.32068854122e-05 
 25 | 1.68187558967e+67 |           4.0802 |  0.109602 |   0.0753713922612 |   0.0125598819992 | 4.92718084695e-10 | 8.31663994144e-11 | 1.31218893079e-05 
 26 | 1.75325809581e+67 |           4.4588 |  0.163625 |   0.0736142122822 |   0.0120831617396 | 5.25884219567e-10 | 8.84504826413e-11 | 1.41033361719e-05 
 27 | 1.72063615088e+67 |            4.467 |  0.165322 |   0.0727043301903 |   0.0121895576943 | 5.20339414444e-10 | 8.93399418184e-11 | 1.39776426845e-05 
 28 | 1.90306763622e+67 |           4.3588 |  0.190636 |   0.0718058490948 |   0.0118160282545 | 5.01461101935e-10 | 8.53828690473e-11 | 1.31030635939e-05 
 29 | 1.87272293887e+67 |            4.411 |  0.170554 |   0.0715785846165 |   0.0115452177771 | 5.05860344017e-10 | 8.39040466928e-11 | 1.34569572093e-05 
 30 | 2.00933281796e+67 |           4.8248 |  0.163483 |   0.0693780115454 |   0.0111353327017 | 5.36304767938e-10 | 8.79754282442e-11 |  1.4178623543e-05 
 31 | 2.11519081848e+67 |           4.5456 |  0.161927 |   0.0693243969909 |   0.0109215356151 | 5.04879577761e-10 | 8.15480017592e-11 | 1.41280783431e-05 
 32 |  2.1616484093e+67 |           4.5971 |  0.161786 |   0.0668253552558 |     0.01083748854 | 4.92193302175e-10 |  8.1679923662e-11 | 1.40289361922e-05 
 33 |  2.3623510856e+67 |            4.388 |  0.148068 |   0.0669902079115 |   0.0105635418266 | 4.70964788685e-10 | 7.59467888827e-11 | 1.36050163898e-05 
 34 | 2.28370917676e+67 |           4.4581 |  0.159806 |   0.0662027715437 |   0.0105721187684 | 4.72864221239e-10 | 7.73921508274e-11 | 1.36706865179e-05 
 35 | 2.36105141855e+67 |           4.7689 |  0.164897 |   0.0652079174268 |   0.0101925042705 | 4.98229033029e-10 | 7.97598122095e-11 | 1.44168831595e-05 
 36 | 2.49457106004e+67 |           4.6846 |  0.161786 |   0.0646973655054 |  0.00994125830637 | 4.85589840646e-10 | 7.64760864212e-11 | 1.44205444447e-05 
 37 | 2.58556485944e+67 |           4.7261 |   0.16221 |    0.062007495532 |  0.00975360349741 | 4.69523773972e-10 | 7.55924741452e-11 | 1.44652615305e-05 
 38 | 2.75933956356e+67 |           4.6469 |  0.155139 |   0.0618520329147 |  0.00958252003278 | 4.60498070144e-10 | 7.29810546628e-11 |  1.4262256824e-05 
 39 | 2.71681808005e+67 |           4.9157 |  0.169564 |   0.0597233298977 |  0.00917565891502 | 4.70370280458e-10 | 7.40648951073e-11 | 1.38701554888e-05 
 40 |  2.9088203704e+67 |           4.9054 |  0.161362 |   0.0586995018293 |  0.00915491580657 | 4.61338094422e-10 | 7.35343637238e-11 | 1.37535452946e-05 
 41 | 2.90123170542e+67 |           5.0445 |  0.168857 |   0.0572939635301 |  0.00893923515095 |  4.6306022212e-10 | 7.38925350624e-11 | 1.42018657345e-05 
 42 | 3.04640052957e+67 |           5.0404 |  0.167301 |   0.0555060412556 |  0.00860376915367 | 4.48245308121e-10 | 7.10558228681e-11 | 1.38450747711e-05 
 43 | 3.11237826733e+67 |           4.9033 |  0.165463 |   0.0555815236886 |  0.00858284609404 | 4.36645903202e-10 | 6.90176606111e-11 | 1.35412185471e-05 
 44 | 3.19840688709e+67 |           4.9735 |  0.168574 |   0.0531723532927 |  0.00830638285843 | 4.23700012915e-10 | 6.77288641159e-11 | 1.35941191167e-05 
 45 | 3.32117634234e+67 |           5.1529 |  0.168999 |   0.0538408987233 |  0.00820277838689 |  4.4450282598e-10 | 6.92723330565e-11 | 1.40850482488e-05 
 46 | 3.32768210996e+67 |            5.278 |  0.168716 |   0.0518390281642 |  0.00810582966372 | 4.38365856015e-10 | 6.99629005135e-11 | 1.41730862908e-05 
 47 | 3.48850353351e+67 |           5.0702 |  0.164332 |   0.0501143419619 |  0.00800243281249 | 4.07096729246e-10 | 6.63321692281e-11 | 1.33929344047e-05 
 48 | 3.60499523511e+67 |           5.0283 |  0.167443 |   0.0501926490988 |  0.00777404131926 | 4.04363339852e-10 | 6.40606092989e-11 | 1.33331021044e-05 
 49 | 3.73073613615e+67 |           5.0352 |  0.168009 |   0.0483202141782 |  0.00752757291677 | 3.89812785431e-10 |  6.2104363391e-11 | 1.34057267668e-05 
 50 | 3.85154350252e+67 |           5.3157 |  0.169706 |   0.0474963171173 |   0.0073792162649 | 4.04511521391e-10 | 6.41596473197e-11 | 1.40655995465e-05 
 51 |  3.8241877595e+67 |           5.1382 |  0.173241 |   0.0466860082074 |  0.00736076810369 | 3.84333484516e-10 | 6.19661534257e-11 | 1.33115711744e-05 
 52 | 4.01273063425e+67 |           5.1173 |  0.176635 |   0.0457543682098 |  0.00704225037567 | 3.75131848194e-10 | 5.91722737839e-11 | 1.31376262698e-05 
 53 | 4.00613791082e+67 |           5.0991 |   0.17607 |   0.0447997857457 |  0.00707240556095 | 3.65999058903e-10 | 5.91451118781e-11 | 1.20830223911e-05 
 54 | 4.18379468176e+67 |           5.1191 |   0.17607 |   0.0427873347682 |  0.00680176349381 | 3.50929073161e-10 | 5.70768830603e-11 | 1.20497200259e-05 
 55 | 4.28091312257e+67 |           5.2144 |  0.176635 |   0.0419681116509 |  0.00669740147516 | 3.50618033223e-10 | 5.71993855086e-11 | 1.21347179967e-05 
 56 | 4.40421760865e+67 |           5.3373 |  0.308864 |   0.0406494256263 |  0.00665665761968 | 3.47605393511e-10 | 6.03727784248e-11 | 1.21646428003e-05 
 57 | 4.57373497962e+67 |           5.2779 |  0.187808 |   0.0402279357862 |  0.00628075663394 | 3.40172668282e-10 | 5.44728306078e-11 | 1.20761010756e-05 
 58 |  4.5221441389e+67 |           5.3167 |  0.186959 |   0.0382633791279 |  0.00620682321213 | 3.25938729167e-10 | 5.40995914354e-11 | 1.16504179434e-05 
 59 | 4.80916399167e+67 |           5.3524 |  0.180736 |   0.0378589141681 |    0.006071941515 | 3.24658811644e-10 | 5.32114424254e-11 | 1.18270946926e-05 
 60 |   4.802365199e+67 |           5.1777 |  0.196293 |   0.0367130194539 |  0.00591187842057 |  3.0455622759e-10 | 5.03833513659e-11 | 1.11213324865e-05 
 61 | 4.80567851118e+67 |             5.35 |  0.203788 |   0.0352797137072 |  0.00587586304215 | 3.02405245004e-10 |  5.1666268542e-11 | 1.10691222144e-05 
 62 |  5.0683669015e+67 |            5.644 |  0.281146 |   0.0351044308427 |  0.00558682297973 | 3.17438383006e-10 |  5.2936739686e-11 | 1.18861556491e-05 
 63 | 5.14620217604e+67 |           5.4217 |  0.257811 |   0.0341297469055 |  0.00552405266928 | 2.96468832916e-10 | 5.00128425964e-11 | 1.12087499033e-05 
 64 | 5.30120050053e+67 |           5.6193 |   0.28751 |   0.0333610408711 |  0.00546333679734 | 3.00353222015e-10 | 5.15317766465e-11 | 1.14115087079e-05 
 65 | 5.43668806321e+67 |           5.7566 |    0.3025 |   0.0326119338401 |  0.00529491442334 | 3.00782864897e-10 | 5.13295573632e-11 | 1.16403038527e-05 
 66 | 5.40020205836e+67 |           5.4212 |  0.327108 |   0.0320973736396 |  0.00531203904733 | 2.78788852478e-10 | 4.91097537043e-11 | 1.07552660898e-05 
 67 | 5.54180663445e+67 |            5.667 |  0.294439 |   0.0312976726838 |  0.00521197177811 | 2.84168369811e-10 | 4.95720589915e-11 | 1.10803796737e-05 
 68 | 5.68868337359e+67 |           5.5049 |  0.353978 |    0.030221995663 |  0.00514439112431 | 2.66552686698e-10 | 4.85020917378e-11 | 1.01311045021e-05 
 69 | 5.95527118697e+67 |           5.6639 |  0.291752 |   0.0293631520385 |  0.00491481504803 | 2.66457982931e-10 | 4.66640529863e-11 | 1.02218384879e-05 
 70 | 5.81142843334e+67 |           5.5051 |  0.364301 |   0.0292478549642 |  0.00493089232238 | 2.57970299485e-10 | 4.67216277429e-11 | 9.91767785562e-06 
 71 | 6.03348958349e+67 |           5.2914 |  0.215102 |   0.0288589051132 |  0.00483714258637 | 2.44658851411e-10 | 4.21969591596e-11 | 9.47864059647e-06 
 72 | 6.11669449277e+67 |           5.5645 |  0.236032 |   0.0282933541378 |   0.0048011264962 | 2.52244127318e-10 | 4.41205682638e-11 | 9.79637232906e-06 
 73 | 6.22105369893e+67 |           5.4377 |  0.202798 |   0.0276495063857 |  0.00472665702188 | 2.40886855649e-10 | 4.21479628225e-11 | 9.58162278596e-06 
 74 | 6.48318912328e+67 |           5.7366 |  0.314663 |    0.027353306193 |   0.0045158849371 | 2.51405562584e-10 | 4.37365933022e-11 | 1.00905568285e-05 
 75 | 6.52936162905e+67 |           5.8213 |   0.31141 |   0.0265956471634 |  0.00454173917032 |  2.4805103244e-10 |  4.4389425638e-11 | 1.00651918663e-05 
 76 | 6.67909339119e+67 |           5.4492 |  0.295571 |   0.0259340498933 |   0.0044549578575 | 2.26419379116e-10 | 4.07872724324e-11 | 9.18243740888e-06 
 77 | 6.74785783327e+67 |            5.616 |  0.325269 |   0.0256303523128 |  0.00435638961197 | 2.30617458455e-10 | 4.14112875556e-11 | 9.46388915433e-06 
 78 | 1.56999712617e+68 |           5.7019 |  0.231365 |    0.023398269057 |  0.00330248996159 | 2.13753788301e-10 | 3.13917549783e-11 | 8.84962576487e-06 
 79 |  1.6373958818e+68 |           5.3734 |  0.109319 |   0.0227207805694 |  0.00315068736799 | 1.95606340624e-10 |  2.7415067327e-11 | 8.26826304873e-06 
 80 | 1.68145269682e+68 |            5.508 |  0.302076 |   0.0214932771924 |  0.00311668243199 | 1.89673673776e-10 | 2.94054709329e-11 |  8.1202136036e-06 
 81 | 1.72929551228e+68 |           5.2997 |  0.168999 |   0.0211085842561 |  0.00307342511088 | 1.79234194214e-10 | 2.67151768541e-11 |  7.4763239275e-06 
 82 | 1.80291414436e+68 |           5.5084 |  0.283974 |   0.0205788498966 |  0.00296681810225 | 1.81617234806e-10 | 2.78071385071e-11 | 7.69530769694e-06 
 83 | 1.86355016355e+68 |           5.3683 |  0.117238 |   0.0196034707523 |  0.00280661268474 |  1.6860879967e-10 | 2.44188120508e-11 | 7.24109748059e-06 
 84 | 1.92563560451e+68 |           5.8402 |   0.25074 |   0.0188789520686 |  0.00275640977877 | 1.76650996977e-10 | 2.68837999335e-11 | 7.79496905063e-06 
 85 | 1.96251953341e+68 |           5.3444 |  0.269408 |   0.0189500037034 |  0.00281433045053 | 1.62262716236e-10 | 2.54485402665e-11 | 7.18367276437e-06 
 86 | 2.02045752843e+68 |            5.687 |  0.247487 |   0.0179422460643 |  0.00267257355319 |  1.6348221533e-10 | 2.53693577224e-11 | 7.26138937922e-06 
 87 | 2.08996585243e+68 |           6.0759 |  0.267145 |   0.0174623627601 |    0.002539038335 | 1.69990292771e-10 | 2.58220352468e-11 | 7.77216997991e-06 
 88 | 2.15340573885e+68 |           5.9402 |  0.261347 |   0.0166638271517 |  0.00250509978429 | 1.58593835259e-10 |   2.484171933e-11 | 7.31548272396e-06 
 89 | 2.23890502155e+68 |           5.5478 |  0.240699 |   0.0164453529357 |   0.0023935007641 | 1.46175467862e-10 | 2.21999359785e-11 |  6.8691325712e-06 
 90 | 2.25959093045e+68 |           5.4216 |  0.302925 |   0.0158044612533 |  0.00246680446136 | 1.37283281252e-10 | 2.27591097417e-11 | 6.22901748593e-06 
 91 | 2.30381360584e+68 |           5.7762 |  0.279731 |   0.0152223859823 |  0.00232339987317 | 1.40875487278e-10 | 2.25582779655e-11 | 6.53906939654e-06 
 92 | 2.35476325302e+68 |           5.7033 |  0.292035 |   0.0146251701674 |  0.00225936590371 |  1.3364036015e-10 | 2.17499226549e-11 | 6.19120431354e-06 
 93 | 2.40534769716e+68 |           5.8103 |  0.283408 |   0.0142368436163 |  0.00225128942467 | 1.32532611217e-10 | 2.19319117178e-11 | 6.32458398191e-06 
 94 | 2.45717110999e+68 |           5.4885 |  0.315652 |   0.0137785940504 |  0.00216742395281 | 1.21162737165e-10 | 2.02932363612e-11 | 5.83726769026e-06 
 95 | 2.51846142865e+68 |           5.9874 |  0.303773 |   0.0136502348075 |  0.00211824647469 | 1.30944991558e-10 | 2.13785418863e-11 | 6.22180771658e-06 
 96 | 2.61817225567e+68 |           5.4099 |  0.629749 |   0.0133974426204 |  0.00247508323255 | 1.16123910178e-10 | 2.53566628856e-11 | 5.71106737082e-06 
 97 | 2.66099255511e+68 |           5.8813 |  0.305329 |   0.0127810988316 |  0.00204867050825 | 1.20434805881e-10 | 2.02916646514e-11 | 6.01674165104e-06 
 98 | 2.81354778959e+68 |           5.8309 |  0.303914 |    0.012517047937 |   0.0020008074827 | 1.16935941331e-10 | 1.96603959018e-11 | 5.92114582386e-06 
 99 | 2.83516597644e+68 |           5.8851 |  0.322158 |   0.0122249682522 |  0.00194423330263 | 1.15268879476e-10 | 1.93876846091e-11 | 5.82781259197e-06 
100 | 2.91931958634e+68 |           5.9437 |  0.322299 |   0.0116406083386 |  0.00188823554343 |   1.108518739e-10 | 1.89595017215e-11 | 5.49487689655e-06 
101 | 3.02578138327e+68 |           5.6518 |  0.322441 |   0.0113899331614 |  0.00187126701619 | 1.03137943006e-10 | 1.79372412136e-11 | 5.19626956261e-06 
102 | 3.03334757209e+68 |           5.9052 |  0.333613 |   0.0113985995927 |  0.00182581733111 | 1.07844152657e-10 |    1.83173227e-11 | 5.46279043273e-06 
103 | 3.10856928151e+68 |           6.3734 |  0.332623 |   0.0109330504858 |  0.00181181635435 |  1.1164082494e-10 | 1.93967930059e-11 | 5.69710890562e-06 
104 | 3.20859111382e+68 |            5.581 |   0.25272 |   0.0107376032592 |  0.00175992111085 | 9.60129596329e-11 | 1.63263088233e-11 | 5.00009595916e-06 
105 | 3.28286874892e+68 |           5.9812 |  0.321734 |   0.0103363893407 |  0.00173060364277 | 9.90530135667e-11 | 1.74191622928e-11 | 5.17905671314e-06 
106 | 3.32685530864e+68 |           6.0838 |  0.342098 |   0.0104291234003 |  0.00168484132418 | 1.01656046641e-10 | 1.73890799747e-11 | 5.37237350479e-06 
107 | 3.40659163209e+68 |           5.8348 |  0.334037 |   0.0100022051741 |  0.00170178797329 | 9.35044346652e-11 |    1.67854181e-11 | 4.95731868509e-06 
108 | 5.77105660412e+68 |           6.2344 |   0.28553 |  0.00936031874367 |  0.00139514956327 | 9.34965917638e-11 | 1.45786547256e-11 | 5.05078027588e-06 
109 | 5.95939972156e+68 |           6.3508 |  0.295005 |  0.00904270048738 |  0.00134354478775 | 9.20104337381e-11 | 1.43232567781e-11 | 5.04526313261e-06 
110 | 6.18857940491e+68 |           6.1826 |  0.302925 |  0.00888736076502 |  0.00129683271528 | 8.80348145813e-11 | 1.35507640843e-11 | 4.76263531246e-06 
111 | 6.38302465399e+68 |           6.2309 |  0.304197 |  0.00883722244727 |  0.00127501855465 | 8.82220302758e-11 | 1.34374828521e-11 | 4.81394397587e-06 
112 | 6.50207404987e+68 |             6.18 |  0.299248 |  0.00835702135283 |   0.0012779394947 | 8.27466590336e-11 | 1.32726821377e-11 | 4.60470636264e-06 
113 | 6.71400879641e+68 |            6.337 |  0.303066 |  0.00816715360377 |  0.00125212212959 | 8.29210736061e-11 | 1.33169707482e-11 | 4.64961791339e-06 
114 |  6.8704953516e+68 |            6.554 |   0.30349 |  0.00803317412829 |  0.00120772098317 | 8.43536936968e-11 | 1.32697984736e-11 | 4.77569489039e-06 
115 | 7.11844233316e+68 |           6.0936 |  0.305187 |  0.00781427367369 |  0.00118789326741 | 7.62909526778e-11 | 1.22106388601e-11 | 4.40621485811e-06 
116 | 7.29907740944e+68 |           6.1981 |   0.31537 |  0.00764985234935 |  0.00115903262692 | 7.59665023328e-11 | 1.21414250151e-11 | 4.44771828527e-06 
117 | 7.46363779457e+68 |           6.0982 |  0.313531 |  0.00748022314764 |  0.00113651650379 | 7.30847388203e-11 | 1.17227493142e-11 | 4.15904884089e-06 
118 |  7.6669619437e+68 |           6.4551 |  0.322865 |  0.00729279460452 |  0.00110633856208 |  7.5423634057e-11 | 1.20478468808e-11 | 4.37475230097e-06 
119 | 7.86637969724e+68 |           6.0212 |  0.303349 |  0.00711549158216 |  0.00110191429526 |  6.8643349664e-11 | 1.11785815557e-11 |  4.0422815459e-06 
120 | 8.06977116704e+68 |           6.1641 |  0.324562 |  0.00715218712765 |   0.0010738249317 | 7.06348535837e-11 | 1.12383212585e-11 |  4.2145069147e-06 
121 | 8.26931679706e+68 |           6.2471 |  0.312117 |   0.0068989484595 |  0.00106871146832 | 6.90512973704e-11 |  1.1239271268e-11 | 4.15650319039e-06 
122 | 8.47135715499e+68 |           5.8567 |   0.31339 |  0.00682985593075 |  0.00106151220747 | 6.40877478579e-11 | 1.05344707405e-11 | 3.89874534133e-06 
123 | 8.56906309559e+68 |           6.4657 |  0.330926 |  0.00666204303775 |  0.00101942728279 | 6.90134100448e-11 | 1.11355143388e-11 | 4.25610765821e-06 
124 | 8.61282775255e+68 |            6.029 |  0.327108 |  0.00654561340475 |  0.00102771460786 | 6.32275151538e-11 | 1.05032374032e-11 | 3.90774961638e-06 
125 | 8.74822074532e+68 |           6.6331 |  0.345917 |  0.00635964805543 | 0.000982501008815 | 6.75865257238e-11 | 1.10202810405e-11 | 4.25966826291e-06 
126 | 8.95306294894e+68 |           6.4738 |  0.331492 |  0.00624489767991 |  0.00099185227597 | 6.47731638166e-11 | 1.08091001012e-11 | 3.99495682395e-06 
127 | 9.14561565951e+68 |           6.2551 |  0.337714 |  0.00622740848717 |  0.00098107446957 |  6.2409699082e-11 | 1.03934593867e-11 | 3.88676896751e-06 
128 | 9.46414053006e+68 |           6.6294 |  0.344927 |  0.00613155493833 |  0.00095466101941 | 6.51261381475e-11 | 1.06911005504e-11 |  4.1167705307e-06 
129 | 9.80586872811e+68 |           6.6336 |  0.337573 |  0.00597594376789 | 0.000949322330334 | 6.35135358546e-11 | 1.05946337183e-11 | 4.04488518424e-06 
130 | 1.01332353556e+69 |           6.6893 |  0.373777 |  0.00595079795182 | 0.000925073357966 | 6.37773360838e-11 | 1.05354403142e-11 | 4.07866209677e-06 
131 | 1.03313312529e+69 |           6.2908 |  0.346199 |  0.00585386106956 | 0.000907956749893 | 5.90009206799e-11 | 9.71023547576e-12 | 3.83159958922e-06 
132 | 1.05609500895e+69 |           6.3886 |  0.339977 |  0.00572625980536 | 0.000905400501763 | 5.86120929786e-11 | 9.77819870067e-12 | 3.84340002173e-06 
133 | 1.07526097152e+69 |           6.5375 |  0.350159 |  0.00555934834499 | 0.000884840544108 | 5.82299042493e-11 | 9.77874036566e-12 | 3.87367409539e-06 
134 | 1.09506857035e+69 |           6.9156 |  0.745291 |  0.00550327200402 | 0.000871754482964 | 6.09763362304e-11 | 1.16824841528e-11 |  4.0458892529e-06 
135 |  1.1231692886e+69 |           6.3531 |  0.347048 |  0.00546399392819 | 0.000869729921534 | 5.56168490245e-11 | 9.35961770058e-12 | 3.63668308075e-06 
136 | 1.13892979301e+69 |           6.4932 |  0.359352 |  0.00532173686905 | 0.000855631868984 |  5.5363387908e-11 | 9.41392720176e-12 | 3.65381704965e-06 
137 | 1.15560897439e+69 |           6.9616 |  0.646437 |  0.00524156635006 |  0.00083243809269 | 5.84629378811e-11 |  1.0755377299e-11 |  3.8800484047e-06 
138 | 1.19188594179e+69 |           7.1927 |  0.538815 |  0.00515702677833 | 0.000811180942229 |  5.9429465008e-11 | 1.03540096887e-11 | 4.01121531456e-06 
139 | 1.20791309578e+69 |           6.4102 |  0.375049 |  0.00505415473355 | 0.000796415255456 | 5.19075599972e-11 | 8.72502916709e-12 | 3.52989647004e-06 
140 |  1.2383970927e+69 |           6.3688 |  0.378444 |  0.00495818950874 | 0.000786853933644 | 5.05930937369e-11 | 8.57338968148e-12 | 3.49690229386e-06 
141 | 1.25133411225e+69 |           7.0873 |  0.511804 |  0.00490415471236 | 0.000759258521579 | 5.56872101825e-11 | 9.51321992669e-12 | 3.85074134977e-06 
142 | 1.28146226219e+69 |           6.3149 |   0.36218 |  0.00474301591707 | 0.000770107937366 | 4.79878781346e-11 | 8.26344405791e-12 | 3.36048148008e-06 
143 | 1.89025502747e+69 |           7.0618 |  0.407293 |   0.0045335270327 | 0.000656376934733 | 5.12934742942e-11 | 7.99397653013e-12 | 3.61135440447e-06 
144 | 1.94298443864e+69 |           7.5004 |  0.498369 |  0.00439404054148 | 0.000655026984074 | 5.28030466743e-11 | 8.61796623566e-12 |  3.6921672029e-06 
145 | 1.99019001868e+69 |           6.9291 |  0.666802 |  0.00428708273665 | 0.000648834501313 |  4.7593669382e-11 |  8.5359140787e-12 | 3.36880336059e-06 
146 | 2.02861111156e+69 |           6.5494 |  0.339128 |  0.00423008346582 | 0.000644909683247 |  4.4387525559e-11 | 7.14688658488e-12 | 3.17545798658e-06 
147 | 2.08253584936e+69 |           7.3807 |    0.5094 |  0.00412196217895 | 0.000620395168772 | 4.87429775398e-11 | 8.07084483798e-12 | 3.50519121718e-06 
148 | 2.11271944833e+69 |           6.5563 |  0.337573 |  0.00401760612895 |  0.00061969774849 |  4.2202354306e-11 | 6.86261750967e-12 | 3.06578772501e-06 
149 |  2.1681721347e+69 |           6.8788 |  0.471075 |  0.00393237704907 | 0.000598851034481 | 4.33389437854e-11 | 7.23659312718e-12 |  3.1939690443e-06 
150 |  2.2236080579e+69 |           7.0434 |  0.536411 |  0.00388067441554 | 0.000585416919281 | 4.37925305596e-11 | 7.40043216611e-12 | 3.26422884007e-06 
151 | 2.26359067229e+69 |           6.9456 |  0.629608 |  0.00388019073851 | 0.000580031680151 | 4.31790753737e-11 | 7.54868694214e-12 | 3.16420605692e-06 
152 | 2.31510536938e+69 |           6.9469 |  0.633143 |  0.00377292787088 | 0.000573643334201 | 4.19933030448e-11 | 7.44399659281e-12 | 3.11913341294e-06 
153 |  2.3663435497e+69 |           6.8447 |  0.312824 |  0.00364588027942 | 0.000575977478278 | 3.99822569185e-11 | 6.57541831865e-12 | 3.00212314118e-06 
154 | 2.39952302132e+69 |           6.5256 |   0.37307 |  0.00363587463876 |  0.00056403694326 | 3.80136734907e-11 | 6.28480645109e-12 | 2.87258049813e-06 
155 | 2.44009291496e+69 |           6.5963 |  0.365291 |  0.00349964943799 | 0.000556597076717 | 3.69858363158e-11 | 6.22875251854e-12 | 2.81650367191e-06 
156 | 2.46932326116e+69 |           7.1111 |  0.463579 |  0.00341763685624 |  0.00054501666949 | 3.89379609691e-11 | 6.70831220651e-12 | 2.98955195087e-06 
157 | 2.52859295327e+69 |           7.1289 |  0.470933 |  0.00343300381039 | 0.000535143231053 | 3.92109445619e-11 | 6.63847887392e-12 | 3.05559479971e-06 
158 | 2.56696094874e+69 |           6.6334 |  0.454811 |  0.00337218329558 | 0.000548306714884 | 3.58391622804e-11 | 6.32424259126e-12 | 2.80937398724e-06 
159 | 2.60713624373e+69 |           7.0331 |  0.811759 |  0.00328266248499 | 0.000524470203916 | 3.69899313492e-11 | 7.29068570096e-12 | 2.85283193174e-06 
160 | 2.63933682371e+69 |           7.5769 |  0.596798 |    0.003255149651 | 0.000516027528346 | 3.95160028576e-11 | 6.99496381072e-12 | 3.08554875992e-06 
161 | 2.69349584097e+69 |           6.8206 |  0.534856 |  0.00316927441269 | 0.000522912991816 | 3.46332238619e-11 |  6.3268492886e-12 | 2.71482642866e-06 
162 | 3.66004990968e+69 |           6.5423 |  0.347472 |  0.00299667833069 | 0.000475753903288 | 3.14109513577e-11 | 5.25847061864e-12 | 2.50132769366e-06 
163 | 3.71929126755e+69 |           7.1679 |  0.515481 |  0.00291019946337 | 0.000457971562376 | 3.34214426328e-11 | 5.78262471419e-12 | 2.69181838196e-06 
164 | 3.78631746768e+69 |           7.0394 |  0.634982 |  0.00283507154491 | 0.000462768803239 | 3.19749715008e-11 | 5.96320781561e-12 |  2.6115422861e-06 
165 | 3.89169487196e+69 |           6.7982 |  0.385797 |  0.00285919474833 |  0.00045834414357 | 3.11421201499e-11 | 5.29584122401e-12 |  2.5668135518e-06 
166 | 4.01754301892e+69 |           6.4248 |  0.365857 |  0.00276915405516 | 0.000441947974807 | 2.85047487741e-11 | 4.83017136905e-12 | 2.30774570841e-06 
167 | 4.16021477472e+69 |           6.8005 |  0.496248 |  0.00272288339271 | 0.000449019226064 | 2.96674606937e-11 | 5.34992937194e-12 | 2.42206986983e-06 
168 | 4.27316601536e+69 |           7.1451 |  0.512794 |  0.00265790505208 | 0.000424122340171 | 3.04269397185e-11 | 5.32370324179e-12 | 2.52336006532e-06 
169 | 4.38410217507e+69 |           6.5688 |  0.372928 |  0.00262589460982 | 0.000418749392118 | 2.76359133271e-11 |  4.6780318585e-12 | 2.31717443336e-06 
170 | 4.44012376031e+69 |           6.7532 |  0.384666 |   0.0026099686656 | 0.000418166034035 | 2.82393958737e-11 |  4.8019071619e-12 | 2.39086872241e-06 
171 | 4.50881333273e+69 |           6.4395 |  0.376464 |   0.0025370334846 | 0.000416638220933 | 2.61751289528e-11 |  4.5628004411e-12 | 2.24322617312e-06 
172 |  4.5687104952e+69 |           6.7071 |  0.305046 |  0.00251686226679 | 0.000402481721541 | 2.70461043145e-11 | 4.49657558795e-12 | 2.33958779269e-06 
173 | 4.63918850472e+69 |           6.6619 |  0.587464 |  0.00246507341704 |  0.00040853551883 |  2.6311067179e-11 | 4.93937112866e-12 | 2.22389628207e-06 
174 | 4.77879053111e+69 |           7.0417 |  0.742886 |  0.00237493361884 | 0.000388919355618 | 2.67941188815e-11 | 5.21950753439e-12 | 2.30288212093e-06 
175 | 4.93206223439e+69 |           7.1638 |  0.527219 |   0.0023613536435 | 0.000376004819721 | 2.71028501818e-11 | 4.75431189023e-12 | 2.35080027943e-06 
176 | 5.01321503803e+69 |           6.7626 |  0.621971 |  0.00226518961672 | 0.000413315479586 | 2.45430624137e-11 | 5.01495798951e-12 | 2.15547290728e-06 
177 | 5.04552499972e+69 |            6.828 |  0.774706 |  0.00228282439529 | 0.000379242479822 | 2.49733333758e-11 | 5.02404476183e-12 | 2.21572883535e-06 
178 | 5.04567721888e+69 |           7.0653 |  0.498369 |  0.00226835077415 | 0.000360735571123 | 2.56774157769e-11 | 4.46713609302e-12 | 2.28638998136e-06 
179 | 5.07816686424e+69 |           7.3012 |  0.625365 |   0.0022016674228 | 0.000356313487954 | 2.57546972634e-11 | 4.71584446333e-12 |  2.3145107283e-06 
180 | 6.65224194086e+69 |           6.9477 |    0.6965 |  0.00206835917299 | 0.000328711036083 | 2.30238267483e-11 | 4.32618690629e-12 | 2.05298770528e-06 
181 | 6.81936931149e+69 |           7.1791 |   0.53924 |  0.00204042378605 | 0.000320642040501 | 2.34693399444e-11 | 4.08773476743e-12 | 2.11097098879e-06 
182 | 6.89594611044e+69 |           7.1184 |  0.461882 |  0.00197729274329 | 0.000318824276313 | 2.25508989939e-11 | 3.91953820917e-12 | 2.05371257673e-06 
183 |   7.042117758e+69 |           7.1734 |  0.598495 |  0.00194918919581 | 0.000312335269312 | 2.24021413071e-11 | 4.04713080616e-12 | 2.06137982396e-06 
184 | 7.17932101494e+69 |           6.4102 |   0.41394 |  0.00194301690796 | 0.000313157280803 | 1.99553183554e-11 | 3.46475930256e-12 | 1.85373969834e-06 
185 |  7.4290830408e+69 |           6.4806 |  0.388484 |  0.00185677842933 | 0.000312760314327 | 1.92790568306e-11 | 3.44692896566e-12 | 1.80522395344e-06 
186 | 7.66721536356e+69 |           6.5845 |  0.379575 |  0.00181054741121 | 0.000310906409129 | 1.91004318239e-11 | 3.45980240579e-12 | 1.77406622828e-06 
187 | 7.78622151931e+69 |           6.1951 |  0.414506 |  0.00185525515386 | 0.000300940121696 | 1.84146067528e-11 | 3.23115819704e-12 |  1.7256814611e-06 
188 | 7.98784624896e+69 |           6.7988 |  0.854751 |  0.00177102563417 | 0.000311408337211 | 1.92915714352e-11 | 4.17000064372e-12 | 1.81608629889e-06 
189 | 8.11279278902e+69 |           6.7071 |  0.290621 |  0.00177000142677 | 0.000287371376327 |  1.9020366691e-11 | 3.19616743785e-12 | 1.81846967848e-06 
190 | 8.28987263675e+69 |           6.8185 |  0.692823 |  0.00169438509789 | 0.000290160164707 | 1.85102150176e-11 |  3.6858275101e-12 | 1.78399351441e-06 
191 |  8.4790559821e+69 |           6.4948 |  0.429921 |  0.00167717373134 | 0.000283464380358 | 1.74523668251e-11 |  3.1678409701e-12 | 1.69383422978e-06 
192 | 8.69241293414e+69 |            6.226 |  0.425537 |  0.00165699900124 | 0.000283189609197 | 1.65288197729e-11 |  3.0423831703e-12 | 1.61790406151e-06 
193 | 8.84449801359e+69 |           6.9658 |  0.775272 |  0.00161011859072 | 0.000275645082705 | 1.79696387512e-11 | 3.66927979616e-12 |  1.7321497012e-06 
194 | 1.11323348028e+70 |           6.2657 |  0.399515 |  0.00156786901147 | 0.000258227369594 |  1.5739461047e-11 |  2.7797680016e-12 | 1.54417417154e-06 
195 |  1.1385620387e+70 |           6.4683 |  0.413516 |  0.00151388246845 | 0.000252934181537 | 1.56889109469e-11 | 2.80658586079e-12 | 1.54800954669e-06 
196 |  1.1671631982e+70 |           6.5806 |   0.42582 |  0.00149797415161 | 0.000247640527931 | 1.57935693341e-11 | 2.80383077001e-12 | 1.58075956521e-06 
197 | 1.19112690397e+70 |           7.0243 |  0.869034 |   0.0014454857474 | 0.000243637062931 | 1.62677453097e-11 | 3.40129788189e-12 | 1.64213324386e-06 
198 | 1.21012539057e+70 |           6.6075 |  0.472772 |  0.00143334063471 | 0.000243054957373 | 1.51738952932e-11 | 2.79275107279e-12 | 1.54195285924e-06 
199 | 1.22966974322e+70 |           6.9002 |  0.488752 |  0.00138913886989 | 0.000235725471119 |   1.535740468e-11 | 2.82394328083e-12 | 1.55186791972e-06 
200 | 1.25058564894e+70 |           6.9759 |  0.860266 |  0.00137740433254 | 0.000231366426301 | 1.53947341937e-11 | 3.20796883412e-12 | 1.57192568824e-06 
201 | 1.49823491206e+70 |           6.9106 |  0.531179 |  0.00132313781029 | 0.000220068346726 | 1.46497880189e-11 | 2.68421098951e-12 | 1.50717182699e-06 
202 |  1.5008883613e+70 |           7.2059 |  0.593263 |  0.00131123239118 |  0.00021755309503 | 1.51383452069e-11 | 2.80390707772e-12 |  1.5782280765e-06 
203 | 1.55046030785e+70 |           6.5575 |    0.4418 |  0.00128856961515 | 0.000220930170274 | 1.35380673701e-11 | 2.49392989309e-12 |  1.4273526611e-06 
204 | 1.59992903068e+70 |            6.796 |  0.655488 |  0.00124498292838 | 0.000219950551024 | 1.35558657656e-11 | 2.72857445407e-12 | 1.44339685378e-06 
205 | 1.63088374617e+70 |           6.2978 |   0.44873 |  0.00126453367011 | 0.000211444911197 | 1.27593855154e-11 | 2.31914260135e-12 | 1.33925555656e-06 
206 | 1.69229705061e+70 |           7.3904 |  0.674297 |  0.00121115316178 | 0.000206309402537 | 1.43409361157e-11 | 2.77120993724e-12 |   1.523735477e-06 
207 | 1.74050886211e+70 |           6.2488 |  0.461034 |  0.00119433248795 | 0.000206827244815 | 1.19572786464e-11 | 2.25078519306e-12 |  1.2872681726e-06 
208 |  1.7629730915e+70 |           6.5522 |  0.473054 |  0.00119620414281 | 0.000174124976319 | 1.25574925723e-11 | 2.04041190554e-12 | 1.36062148557e-06 
209 |  1.7710929278e+70 |           6.6423 |  0.501763 |  0.00114035365435 | 0.000204043125209 | 1.21358038021e-11 | 2.35704073979e-12 | 1.32897158326e-06 
210 | 2.10091906202e+70 |           5.9367 |  0.427234 |  0.00111994454496 | 0.000196814190519 | 1.06525137926e-11 | 2.02291115008e-12 | 1.15347499074e-06 
211 | 2.12119199388e+70 |           6.3533 |  0.443073 |  0.00108132184864 | 0.000190444420007 | 1.10068954329e-11 | 2.08499905709e-12 | 1.20920887678e-06 
212 | 2.17852298244e+70 |           5.7724 |  0.451417 |  0.00107424690946 | 0.000188104399791 | 9.93507194785e-12 | 1.90527880625e-12 | 1.10411464962e-06 
213 | 2.27268317474e+70 |           6.0312 |  0.445194 |  0.00105030253219 | 0.000185588513126 | 1.01491256879e-11 | 1.94354027878e-12 | 1.13613781862e-06 
214 | 2.36920387979e+70 |           5.5168 |   0.50841 |  0.00103008655127 | 0.000182808829691 | 9.10482167207e-12 | 1.82069640851e-12 |  1.0349538178e-06 
215 |  2.3984818403e+70 |           6.0995 |   0.45665 |  0.00100337023354 | 0.000181929564911 | 9.80541443494e-12 | 1.92349682459e-12 | 1.10239602308e-06 
216 | 2.42964988101e+70 |           5.5369 |  0.505157 | 0.000992783680354 | 0.000180051439321 | 8.80707725178e-12 | 1.78797284928e-12 |  9.9964996726e-07 
217 | 2.85082904202e+70 |           6.0797 |  0.453538 | 0.000942540829901 | 0.000171338870912 | 9.18105976897e-12 | 1.80403533081e-12 | 1.05538300529e-06 
218 | 2.92984546249e+70 |           6.5087 |  0.468246 | 0.000928445204645 | 0.000163252191158 | 9.68190947633e-12 | 1.83938873957e-12 | 1.12682399466e-06 
219 | 2.99190856121e+70 |           5.8772 |  0.465701 | 0.000921075188961 | 0.000163345680527 | 8.67313399573e-12 |  1.6846670253e-12 | 1.02019356827e-06 
220 | 3.01187003688e+70 |           5.3083 |  0.446467 | 0.000906773572752 | 0.000172218564564 | 7.71196070533e-12 |  1.6018874356e-12 | 9.00092784376e-07 
221 | 3.48380765419e+70 |           6.0417 |  0.460892 | 0.000859450572085 | 0.000156549331352 | 8.31937204272e-12 | 1.64290695697e-12 | 9.79681923428e-07 
222 | 3.47363797257e+70 |           5.7124 |  0.465983 | 0.000841635005618 | 0.000155201063347 | 7.70287571961e-12 | 1.55321841872e-12 | 9.20406406064e-07 
223 | 3.63256433155e+70 |           5.4053 |   1.05868 |  0.00082788327866 | 0.000210956766615 | 7.16967414648e-12 | 2.30426125314e-12 | 8.63312045569e-07 
224 | 3.73789358926e+70 |            5.245 |  0.348179 | 0.000816096620334 | 0.000154103186873 | 6.85800117729e-12 | 1.37268557536e-12 | 8.31696639894e-07 
225 | 4.27590734145e+70 |           5.8876 |  0.477863 | 0.000759597016439 | 0.000140763695642 | 7.16526135031e-12 |  1.4495943124e-12 | 8.69945407496e-07 
226 | 4.44674371881e+70 |           5.9739 |  0.487479 | 0.000729829706833 | 0.000136778241707 | 6.98537887841e-12 | 1.42785243279e-12 | 8.58211742662e-07 
227 | 4.62672639725e+70 |            5.945 |  0.513642 | 0.000733635461769 | 0.000134999323897 | 6.98783561867e-12 | 1.42054314571e-12 | 8.68651073613e-07 
228 | 5.27131421848e+70 |           6.0025 |  0.486065 | 0.000683749799913 | 0.000128706551957 | 6.57566800225e-12 |  1.3474538435e-12 | 8.25301142599e-07 
229 | 5.38350968125e+70 |           6.5199 |  0.532593 | 0.000675158456578 | 0.000126207134282 | 7.05272790529e-12 | 1.43874792835e-12 |  8.7835728565e-07 
230 | 6.23510375996e+70 |           5.0093 |  0.353271 | 0.000658387284767 | 0.000127882642141 | 5.28407520096e-12 | 1.09191529661e-12 | 6.70628167776e-07 
231 | 6.39313167905e+70 |           5.5979 |  0.453397 | 0.000632570228654 | 0.000119906739332 | 5.67341262365e-12 | 1.16948119101e-12 | 7.27851046973e-07 
232 |  7.1835299399e+70 |           5.4828 |  0.575444 | 0.000607818726435 | 0.000116671383523 | 5.33933258608e-12 | 1.16808899226e-12 | 6.93778686924e-07 
233 | 8.09295828341e+70 |           5.6807 |   0.44378 |  0.00056266461997 | 0.000107595908246 | 5.12108450119e-12 | 1.05784913066e-12 | 6.61492884059e-07 
234 | 8.25229823745e+70 |           5.6498 |  0.429638 | 0.000568065197408 | 0.000135222448097 |  5.1421144263e-12 | 1.28497346913e-12 | 6.77015881676e-07 
235 | 9.16713961006e+70 |           4.9314 |  0.366847 | 0.000542624890503 | 0.000110484515192 | 4.28726589664e-12 | 9.29372120021e-13 | 5.71105463566e-07 
236 | 9.48970357023e+70 |           5.6305 |  0.472489 | 0.000527841121628 | 0.000103089359976 | 4.76168502557e-12 | 1.01218516559e-12 | 6.34474620567e-07 
237 | 1.13214357741e+71 |           5.0718 |  0.395838 | 0.000513611148381 | 9.30314879992e-05 | 4.17356396582e-12 | 8.23157329606e-13 | 5.64048301418e-07 
238 | 1.26491018531e+71 |           5.2484 |  0.671751 | 0.000474646310795 |  0.00010587918949 |  3.9912372749e-12 | 1.02646938693e-12 | 5.47278899383e-07 
239 | 1.43182901368e+71 |           4.7462 |  0.365291 | 0.000456363610135 | 9.29289959267e-05 | 3.47030417488e-12 | 7.55447031745e-13 | 4.76183431955e-07 
240 | 1.67842170792e+71 |            4.621 |  0.377454 | 0.000419588818838 | 8.87368153281e-05 | 3.10649279399e-12 | 7.04276702998e-13 | 4.34496479596e-07 
241 | 1.83938833152e+71 |           4.8405 |  0.391171 | 0.000397974174763 | 8.13886304189e-05 | 3.08642407059e-12 | 6.78689532566e-13 | 4.33261561564e-07 
242 | 2.35429565171e+71 |           4.4714 |  0.377029 |  0.00036524685819 | 7.71403822714e-05 | 2.61661895616e-12 | 5.95047123223e-13 | 3.74341523125e-07 
243 | 3.07663274035e+71 |           4.1829 |  0.398808 | 0.000333692983061 | 7.93794330199e-05 | 2.23632564659e-12 | 5.73118694117e-13 | 3.23152125489e-07 
244 | 3.85746742073e+71 |           4.6744 |   0.40192 |  0.00029899509257 | 6.34413674156e-05 | 2.23923881113e-12 | 5.12655062332e-13 | 3.30462484127e-07 
245 | 5.49024798212e+71 |           4.1234 |   0.28355 | 0.000256389990113 | 5.70583508213e-05 | 1.69381918428e-12 | 3.94536677426e-13 |  2.5447917472e-07 
246 | 8.22099273007e+71 |           3.6429 |  0.273085 | 0.000217265959833 | 4.90537870628e-05 | 1.26808810863e-12 |  3.0167455248e-13 | 1.94709756408e-07 
247 | 1.62303066709e+72 |           3.5871 |   0.28751 |  0.00015715350963 | 3.69444331645e-05 | 9.03187804429e-13 | 2.24327451129e-13 | 1.43447479709e-07 
248 | 6.07954203602e+72 |            2.436 |  0.149341 | 8.17540779526e-05 | 2.15743106041e-05 | 3.19078264405e-13 | 8.64447731243e-14 | 5.43263464772e-08 
249 | 2.34315268202e+73 |           0.7927 | 0.0333754 | 8.31984454649e-05 | 2.69922794339e-05 | 1.05665827588e-13 | 3.45689029156e-14 |  2.0212633067e-08 
250 | 5.23133249396e+73 |              0.0 |       0.0 |               0.0 |               0.0 |               0.0 |               nan |               0.0 
251 | 1.04375708417e+73 |              0.0 |       0.0 |               0.0 |               0.0 |               0.0 |               nan |               0.0 
