 Bin |     Volume (cm^3) | Temperature (kT) |  fkT (kT) |         n (cm^-3) |        fn (cm^-3) |     P (erg cm^-3) |    fP (erg cm^-3) |             Yparm 
   0 | 2.40713266677e+65 |          79.7349 |   112.762 |    0.287666235488 |    0.137513334732 | 3.67491962232e-08 | 5.48599581425e-08 | 0.000504767347682 
   1 | 6.68344316536e+65 |          79.7945 |   112.846 |    0.258856261677 |    0.174004126605 | 3.30934570935e-08 | 5.18190883058e-08 | 0.000472994157842 
   2 | 1.53126011009e+66 |           1.8159 |  0.180595 |    0.215632448758 |   0.0623632839767 | 6.27359572195e-10 | 1.91867177982e-10 |   9.338463724e-06 
   3 | 2.31612348663e+66 |           1.9408 |  0.176777 |    0.168213620235 |   0.0495472768113 | 5.23061100587e-10 | 1.61265702374e-10 | 8.05401997201e-06 
   4 | 3.18065272473e+66 |           2.5837 |  0.173241 |    0.177425393051 |   0.0457889286477 | 7.34460331504e-10 | 1.95838366854e-10 |   1.167382261e-05 
   5 | 9.88535398325e+66 |             3.03 |  0.236174 |    0.085716957902 |   0.0224044489856 | 4.16121223606e-10 | 1.13497719747e-10 | 7.03610535268e-06 
   6 |  1.4852589159e+67 |           3.5389 |   0.26064 |    0.074339025147 |   0.0164266336694 | 4.21498111288e-10 |  9.8175303838e-11 | 7.50287771621e-06 
   7 | 1.35358360461e+67 |           3.5147 |   0.19898 |   0.0859350258058 |   0.0166294784624 | 4.83914859509e-10 | 9.75686648675e-11 | 9.02572498356e-06 
   8 |  1.7644455241e+67 |           3.8677 |  0.194454 |   0.0857249310171 |   0.0160483203179 | 5.31215121292e-10 | 1.02971147396e-10 | 1.03717553484e-05 
   9 | 2.15132215321e+67 |           4.1297 |  0.181726 |   0.0787812292011 |   0.0138752403402 | 5.21256842147e-10 | 9.46278169811e-11 | 1.05822910175e-05 
  10 | 2.77917719843e+67 |           3.8597 |  0.175928 |   0.0755012338926 |   0.0127092873267 | 4.66893779806e-10 |  8.1423559187e-11 | 9.82860752434e-06 
  11 | 3.22894671223e+67 |           3.9987 |   0.15924 |   0.0742592669218 |   0.0121427286925 | 4.75751277077e-10 | 8.00677107596e-11 | 1.03852463819e-05 
  12 | 3.73433508452e+67 |           4.2936 |  0.112289 |   0.0617977865599 |  0.00975605960193 |   4.251136046e-10 | 6.80276246733e-11 | 9.57635603197e-06 
  13 | 2.05513820723e+67 |           4.0075 |  0.145381 |   0.0605880385612 |   0.0115295597024 | 3.89019109809e-10 | 7.53613147721e-11 | 8.89597680311e-06 
  14 | 2.10919243229e+67 |           4.1752 |  0.150472 |   0.0602898726379 |   0.0110481449657 | 4.03303639976e-10 | 7.53212803246e-11 |  9.3582797696e-06 
  15 | 2.26989787841e+67 |           4.2112 |  0.142977 |   0.0577459341472 |   0.0108641127398 |  3.8961690872e-10 | 7.44851543797e-11 | 9.16994451499e-06 
  16 | 2.45643254969e+67 |           4.1994 |  0.141846 |   0.0562417708637 |   0.0104691568154 | 3.78404870974e-10 | 7.15886622954e-11 | 9.02991850717e-06 
  17 |  2.4993657997e+67 |           4.2323 |  0.143684 |   0.0553242808642 |   0.0102090042568 | 3.75148051203e-10 | 7.03879938721e-11 |  9.0733945556e-06 
  18 | 2.79596803128e+67 |           4.1016 |  0.134633 |   0.0558618418267 |  0.00991483961171 | 3.67095504545e-10 | 6.62601288121e-11 | 9.01251298323e-06 
  19 | 2.96707553499e+67 |           4.1044 |  0.140573 |   0.0541144237372 |   0.0094316411202 | 3.55855126415e-10 | 6.32083902077e-11 | 8.84803410791e-06 
  20 | 3.02506167694e+67 |           4.2736 |  0.133502 |   0.0516806983042 |  0.00939611049633 | 3.53861037989e-10 | 6.52785229664e-11 | 8.90799532189e-06 
  21 | 3.37023469592e+67 |           4.2643 |  0.129401 |   0.0519402193377 |  0.00895055533879 | 3.54864053709e-10 | 6.20925346029e-11 | 9.04182279769e-06 
  22 | 3.29769731904e+67 |           4.2574 |  0.133926 |   0.0520430209797 |  0.00904254339794 | 3.54991088464e-10 | 6.26829001156e-11 | 9.15244200201e-06 
  23 | 3.52043584939e+67 |           4.2453 |  0.136189 |   0.0519728383259 |  0.00862404579264 | 3.53504783474e-10 | 5.97445202872e-11 | 9.21986457147e-06 
  24 | 3.66687881043e+67 |           4.4295 |  0.131946 |   0.0492271129647 |  0.00847202277874 | 3.49357101235e-10 | 6.10185890555e-11 | 9.21505032682e-06 
  25 | 3.97266961004e+67 |           4.2098 |  0.128128 |   0.0496430681578 |  0.00832889584601 | 3.34834768305e-10 | 5.70939714314e-11 | 8.92999989707e-06 
  26 | 4.22783094719e+67 |           4.5681 |  0.129542 |   0.0480340058185 |  0.00786336944044 | 3.51556311646e-10 | 5.84083542841e-11 | 9.47778547696e-06 
  27 | 4.08867633969e+67 |           4.5984 |  0.131239 |   0.0477750944748 |  0.00797611547331 |  3.5198066291e-10 |  5.9616096623e-11 | 9.59012569941e-06 
  28 | 4.53666419732e+67 |           4.4982 |  0.127421 |   0.0470418871478 |  0.00770940591116 | 3.39026763795e-10 | 5.63848895501e-11 | 9.34632490391e-06 
  29 | 4.53522016823e+67 |           4.4947 |  0.131805 |   0.0466368061589 |  0.00752147093808 | 3.35845860236e-10 | 5.50524824039e-11 | 9.35261223989e-06 
  30 | 4.85223650788e+67 |            4.951 |  0.187666 |   0.0452746131361 |  0.00723831564456 |   3.591353755e-10 | 5.90087308493e-11 | 1.01007135106e-05 
  31 | 5.07092443143e+67 |           4.6534 | 0.0975807 |   0.0453917444219 |  0.00707372572541 | 3.38421344417e-10 | 5.32139853109e-11 | 9.61104527847e-06 
  32 | 5.08278629804e+67 |           4.6942 |  0.156836 |   0.0441790365252 |  0.00711722572548 | 3.32267853618e-10 | 5.46672589622e-11 | 9.52667363094e-06 
  33 | 5.65718802909e+67 |           4.4764 |  0.123319 |   0.0439182944143 |  0.00693986509808 | 3.14981347018e-10 | 5.05233514124e-11 | 9.11594718596e-06 
  34 | 5.47106658063e+67 |            4.575 |  0.128128 |   0.0433860155063 |  0.00690276899077 |   3.180177352e-10 | 5.13749211963e-11 | 9.28878526569e-06 
  35 | 5.65368694569e+67 |           4.9043 |  0.189222 |   0.0427349270987 |  0.00663022033721 |  3.3579212566e-10 | 5.36841246733e-11 | 9.89687036914e-06 
  36 | 6.01329504616e+67 |           4.8414 |  0.187383 |   0.0423280794527 |  0.00644617135825 | 3.28329598549e-10 | 5.15910956434e-11 | 9.76312395333e-06 
  37 | 5.99965527045e+67 |            4.858 |  0.186818 |   0.0412774538774 |  0.00644676332432 |   3.212779252e-10 | 5.16762467887e-11 | 9.63706875995e-06 
  38 |  6.6685784566e+67 |            4.752 |  0.196434 |   0.0403174950426 |  0.00623447887743 | 3.06959057624e-10 | 4.91332203845e-11 | 9.28679659158e-06 
  39 |  6.4878007053e+67 |           5.0848 |  0.194879 |   0.0392557007228 |   0.0059791194443 | 3.19806349854e-10 | 5.02287881757e-11 | 9.76770536028e-06 
  40 | 6.93082199177e+67 |           5.0546 |  0.184838 |   0.0385561442784 |  0.00596422924284 | 3.12241670863e-10 | 4.96317585904e-11 | 9.61570512661e-06 
  41 | 6.96591966551e+67 |           5.2074 |  0.193182 |   0.0374929965066 |  0.00581163013687 | 3.12810678432e-10 | 4.98567709553e-11 | 9.71179372302e-06 
  42 | 7.28327454424e+67 |           5.2362 |  0.192757 |   0.0364628924082 |  0.00561045718057 | 3.05898835214e-10 | 4.83962406588e-11 | 9.57343670795e-06 
  43 | 7.57746951405e+67 |           5.0827 |  0.190212 |   0.0361602775553 |  0.00553463575752 | 2.94467050215e-10 | 4.63983228914e-11 | 9.28849110918e-06 
  44 | 7.56504011534e+67 |           5.1329 |  0.193323 |   0.0350980436731 |  0.00543972112065 | 2.88639807665e-10 | 4.60372244322e-11 | 9.17552594286e-06 
  45 | 7.96968323999e+67 |           5.3576 |  0.194172 |   0.0353004808089 |  0.00532820220854 | 3.03013108555e-10 | 4.70363186946e-11 | 9.70625812684e-06 
  46 | 8.08205811557e+67 |           5.4776 |  0.192757 |   0.0337472720555 |  0.00525227268859 | 2.96168924421e-10 | 4.72579669189e-11 |   9.558647889e-06 
  47 | 8.24754735576e+67 |           5.2352 |  0.188232 |    0.033060113215 |  0.00525835579648 | 2.77298870842e-10 | 4.52184770941e-11 | 9.01620799854e-06 
  48 | 8.72729601131e+67 |           5.2083 |   0.19205 |   0.0327357769285 |  0.00503128148072 |  2.7316757472e-10 | 4.31755370414e-11 | 8.94700038353e-06 
  49 | 8.70738627835e+67 |           5.2066 |   0.19304 |   0.0321009965897 |  0.00497058518048 | 2.67783145237e-10 | 4.26361762295e-11 | 8.83403216115e-06 
  50 | 9.17982893382e+67 |           5.5228 |  0.194454 |   0.0312547232464 |  0.00482944050131 | 2.76557515082e-10 | 4.38286879811e-11 | 9.18850415172e-06 
  51 | 9.16639644193e+67 |           5.3229 |  0.198838 |   0.0306304877832 |  0.00479632306752 | 2.61223773224e-10 | 4.20519742463e-11 | 8.74003241308e-06 
  52 | 9.47190182917e+67 |           5.3382 |  0.203647 |   0.0302374209234 |   0.0046122226922 | 2.58612842042e-10 |  4.0662165031e-11 | 8.71264365704e-06 
  53 |  9.7673311575e+67 |           5.3056 |  0.203222 |   0.0291415837098 |  0.00457440073654 | 2.47718339992e-10 | 4.00256653228e-11 | 8.40928140301e-06 
  54 | 9.86681779368e+67 |            5.299 |   0.20195 |   0.0282718078574 |  0.00447142225412 |  2.4002582746e-10 | 3.90486705053e-11 | 8.20293902079e-06 
  55 | 1.03641038151e+68 |           5.4117 |  0.203222 |   0.0273901836794 |   0.0043530627375 | 2.37486612391e-10 | 3.87825479952e-11 | 8.17002683042e-06 
  56 | 1.04899311061e+68 |           5.6076 |  0.216799 |   0.0267690461689 |  0.00415295339754 | 2.40502964066e-10 | 3.84527931526e-11 | 8.32799867762e-06 
  57 | 1.07724324825e+68 |           5.5008 |  0.215668 |   0.0266309632719 |  0.00412044292486 | 2.34705482309e-10 | 3.74622594349e-11 | 8.17981083624e-06 
  58 |  1.0806206298e+68 |           5.5542 |  0.214253 |   0.0251590273857 |  0.00405449756612 | 2.23885449013e-10 |  3.7099443975e-11 | 7.85254704541e-06 
  59 | 1.13554125045e+68 |           5.5791 |  0.218072 |   0.0249972844913 |  0.00399071873016 |  2.2344337467e-10 | 3.67254783205e-11 |  7.8864674127e-06 
  60 | 1.15537818331e+68 |           5.3934 |  0.225708 |   0.0240593900231 |  0.00383267550696 | 2.07901561739e-10 | 3.42426082131e-11 | 7.38362557533e-06 
  61 |  1.1404122684e+68 |           5.5445 |  0.221749 |   0.0232854647293 |  0.00385802848375 | 2.06851074336e-10 | 3.52562650513e-11 | 7.39152256441e-06 
  62 | 1.19358638116e+68 |           5.7928 |  0.231365 |   0.0232788346299 |    0.003660841692 | 2.16052978964e-10 | 3.50552785663e-11 | 7.76727532061e-06 
  63 |  1.2360704261e+68 |           5.6597 |  0.237588 |   0.0224017415635 |  0.00357006175091 | 2.03135431375e-10 | 3.34770311995e-11 | 7.34675037126e-06 
  64 |  1.2422662157e+68 |           5.7925 |  0.237871 |    0.022132872872 |  0.00358443643946 | 2.05406568012e-10 | 3.43185260902e-11 | 7.47299443562e-06 
  65 | 1.29161766311e+68 |           5.8808 |  0.202515 |   0.0215324843695 |  0.00340453165223 | 2.02880836271e-10 | 3.28297977165e-11 | 7.42441691778e-06 
  66 | 1.26991054991e+68 |           5.6589 |  0.243952 |   0.0212406931762 |  0.00345904416176 | 1.92579999569e-10 | 3.24418727815e-11 | 7.08833827192e-06 
  67 | 1.32121651502e+68 |            5.831 |  0.324421 |    0.020638929425 |  0.00342824562837 |  1.9281494341e-10 | 3.37765510323e-11 | 7.13768629219e-06 
  68 |  1.3582270731e+68 |           5.7055 |  0.243528 |   0.0199007583744 |  0.00331748377665 | 1.81917231864e-10 | 3.13041352941e-11 | 6.77656554905e-06 
  69 | 1.40656890424e+68 |           5.8223 |  0.278459 |   0.0194095294081 |  0.00322376335216 | 1.81058982228e-10 | 3.12943195962e-11 | 6.78232524144e-06 
  70 | 1.39202832174e+68 |           5.6896 |  0.252579 |   0.0192081118908 |  0.00318123851813 | 1.75096273833e-10 | 3.00230479219e-11 | 6.59525778986e-06 
  71 | 1.42227848796e+68 |           5.5181 |  0.247487 |   0.0190943186766 |  0.00317358671274 | 1.68812347452e-10 | 2.90611834324e-11 | 6.39336615404e-06 
  72 | 1.47718439522e+68 |            5.786 |  0.240416 |   0.0185164588113 |  0.00313870443823 | 1.71651197989e-10 | 2.99578221009e-11 | 6.53608079158e-06 
  73 | 1.47510877752e+68 |           5.6829 |  0.249609 |   0.0182164990602 |  0.00310212969912 | 1.65861435187e-10 | 2.91693071103e-11 | 6.34945473489e-06 
  74 | 1.52089263122e+68 |           5.9133 |  0.416627 |   0.0181635761641 |  0.00306600335922 | 1.72084505309e-10 | 3.14765711083e-11 | 6.62260672944e-06 
  75 | 1.53612913396e+68 |            6.044 |  0.448164 |   0.0176394615287 |  0.00297384877572 | 1.70812749267e-10 | 3.14597394816e-11 |  6.6081502565e-06 
  76 | 1.58896784923e+68 |           5.6721 |  0.250881 |   0.0170949167251 |  0.00291411103515 | 1.55353616085e-10 | 2.73595310669e-11 | 6.04129641569e-06 
  77 | 1.59751740561e+68 |           5.7765 |  0.258942 |   0.0169663321434 |  0.00284391233531 | 1.57022993421e-10 | 2.72452878763e-11 | 6.13759705141e-06 
  78 | 3.38184284941e+68 |           5.8759 |   0.14425 |   0.0162205710957 |  0.00223665084749 | 1.52704211366e-10 |  2.1387456576e-11 | 6.02937350148e-06 
  79 | 3.53231086938e+68 |            5.665 |   0.19304 |   0.0157206377579 |  0.00219554911274 | 1.42685737665e-10 | 2.05121210643e-11 | 5.68986313561e-06 
  80 | 3.61294051058e+68 |           5.7301 |  0.190636 |   0.0149129655942 |   0.0021447183454 | 1.36910489054e-10 | 2.02098582622e-11 |   5.512839641e-06 
  81 | 3.75002975238e+68 |           5.5331 |  0.193606 |   0.0145553379385 |  0.00210014219489 | 1.29033154723e-10 | 1.91574024362e-11 | 5.24786293463e-06 
  82 | 3.89218225072e+68 |           5.7368 |  0.199687 |   0.0142431868387 |  0.00202268390901 | 1.30914390587e-10 |  1.9141555615e-11 | 5.37430285702e-06 
  83 | 4.03841537633e+68 |           5.6014 |   0.19997 |    0.013531034203 |   0.0019529689223 |  1.2143337456e-10 |  1.8054973698e-11 | 5.03098332557e-06 
  84 | 4.12248322841e+68 |           6.0682 |  0.305753 |   0.0131232711807 |  0.00188992177702 | 1.27588781627e-10 | 1.94665973765e-11 | 5.33379657152e-06 
  85 | 4.23139249781e+68 |           5.6705 |  0.215809 |   0.0131015055878 |   0.0018440798164 | 1.19029069608e-10 | 1.73553652811e-11 | 5.02016136001e-06 
  86 | 4.36706940175e+68 |           5.8659 |  0.198838 |   0.0123993494426 |  0.00181981327628 | 1.16531691511e-10 | 1.75532216654e-11 |   4.957734198e-06 
  87 | 4.49767193968e+68 |           6.3559 |  0.322016 |   0.0121033799267 |  0.00173009049056 | 1.23252064271e-10 | 1.86918939203e-11 | 5.28864029614e-06 
  88 | 4.62599861111e+68 |           6.1326 |  0.298682 |   0.0115659148495 |   0.0017074152309 | 1.13641016626e-10 | 1.76656562467e-11 | 4.91738005945e-06 
  89 | 4.80596440217e+68 |           5.7561 |  0.224577 |   0.0114200692037 |  0.00166099056316 | 1.05319205029e-10 | 1.58596951251e-11 | 4.59510332045e-06 
  90 | 4.87760820227e+68 |           5.6661 |  0.218779 |   0.0109418262013 |  0.00165323402368 |  9.9330939261e-11 | 1.54905290291e-11 | 4.37086143207e-06 
  91 | 4.93468498652e+68 |           5.9721 |  0.320744 |   0.0105757783897 |  0.00158574432891 | 1.01192864546e-10 |  1.6116942211e-11 | 4.48851144233e-06 
  92 | 5.13150307452e+68 |           5.8938 |  0.209869 |   0.0100738483644 |  0.00152928505719 | 9.51264480226e-11 | 1.48328522792e-11 | 4.25274747268e-06 
  93 | 5.15428134659e+68 |           6.0249 |  0.414647 |  0.00989032779283 |  0.00153935917771 | 9.54709004193e-11 | 1.62472331418e-11 |  4.3013300021e-06 
  94 | 5.28777064209e+68 |            5.717 |  0.240558 |  0.00954611486634 |  0.00149662253936 |  8.7439032099e-11 | 1.41936805776e-11 | 3.96962654277e-06 
  95 | 5.46130320179e+68 |           6.2749 |   0.36614 |  0.00942323765573 |  0.00143845407203 | 9.47365234707e-11 | 1.54819980202e-11 | 4.33336183636e-06 
  96 | 5.64514249321e+68 |           5.6997 |  0.254558 |  0.00926392896589 |  0.00142432821168 | 8.45975328004e-11 | 1.35445124384e-11 | 3.89834691387e-06 
  97 | 5.68469888502e+68 |           6.0448 |  0.732421 |  0.00889375066873 |   0.0014465473885 | 8.61345452598e-11 | 1.74696752452e-11 | 3.99824017976e-06 
  98 | 6.03399817092e+68 |           5.9809 |  0.302359 |  0.00868860584591 |  0.00136165421287 | 8.32582189834e-11 | 1.37100791163e-11 | 3.89262104981e-06 
  99 | 6.08719546453e+68 |           6.1574 |  0.351856 |  0.00847591358476 |  0.00131590193179 |  8.3616963011e-11 |  1.3833126532e-11 | 3.93721317185e-06 
 100 | 6.30163317464e+68 |           6.2187 |  0.389333 |  0.00805912044318 |  0.00128442071083 | 8.02967080615e-11 | 1.37492585235e-11 | 3.80855983441e-06 
 101 |  6.4957806274e+68 |           5.8436 |  0.242679 |  0.00790213756905 |  0.00127633042604 | 7.39836143576e-11 | 1.23382927621e-11 |  3.5333786875e-06 
 102 | 6.53304237383e+68 |           6.1489 |  0.352563 |  0.00789582946184 |  0.00123519168839 | 7.77867604494e-11 | 1.29602678823e-11 |  3.7403443923e-06 
 103 | 6.65947590528e+68 |           6.6893 |  0.401071 |  0.00759917525243 |    0.001239905386 | 8.14437253555e-11 | 1.41574090507e-11 | 3.94253479671e-06 
 104 |  6.9002520908e+68 |           5.8104 |  0.322441 |  0.00744531732325 |  0.00123239409585 | 6.93106125609e-11 | 1.21002973733e-11 | 3.37746917667e-06 
 105 | 7.04136009293e+68 |           6.1781 |  0.354968 |  0.00718451027933 |  0.00118055819692 | 7.11152276648e-11 | 1.23794036266e-11 | 3.48811467155e-06 
 106 | 7.14560722002e+68 |           6.3859 |  0.410405 |  0.00723861819428 |  0.00114942088878 |  7.4060779347e-11 | 1.26868051283e-11 | 3.65608770423e-06 
 107 | 7.34062292951e+68 |             6.04 |  0.491863 |  0.00692404725745 |  0.00116570950569 | 6.70050371241e-11 | 1.25311099133e-11 | 3.32889851597e-06 
 108 | 1.15470958265e+69 |           6.5406 |   0.34323 |  0.00673012783749 | 0.000987818314469 |   7.052634623e-11 | 1.09932633342e-11 | 3.53693586285e-06 
 109 | 1.18749272434e+69 |           6.7028 |  0.354685 |  0.00651397582141 | 0.000951522658162 | 6.99540532057e-11 | 1.08682833584e-11 | 3.54076025037e-06 
 110 | 1.23239980708e+69 |           6.4915 |  0.360907 |  0.00640444129986 | 0.000920902065788 | 6.66095956348e-11 |  1.0268882803e-11 | 3.40299865359e-06 
 111 | 1.28201285111e+69 |           6.5306 |  0.361049 |  0.00634366357319 | 0.000899415615976 |  6.6374876253e-11 | 1.01008881918e-11 | 3.42129897374e-06 
 112 | 1.29727802399e+69 |           6.4594 |  0.358503 |  0.00601248095011 | 0.000903907741926 | 6.22237810151e-11 | 9.97174564245e-12 | 3.23548193329e-06 
 113 | 1.34274879071e+69 |           6.6246 |  0.361473 |  0.00587284326127 | 0.000885295473992 | 6.23330760272e-11 | 9.99296601203e-12 | 3.26912591831e-06 
 114 | 1.37092509689e+69 |           6.9177 |  0.365433 |     0.00578871423 | 0.000857338408254 | 6.41585168286e-11 | 1.00885463516e-11 | 3.39340192767e-06 
 115 | 1.42017360253e+69 |           6.3572 |  0.364584 |  0.00562565709437 | 0.000839774002486 | 5.72993419431e-11 | 9.16292289595e-12 | 3.05589171252e-06 
 116 | 1.45120835631e+69 |           6.5231 |  0.376888 |  0.00551992875067 | 0.000820999773476 | 5.76896620248e-11 | 9.20506545791e-12 | 3.10195189986e-06 
 117 |  1.4978999046e+69 |           6.3897 |  0.374767 |  0.00536839397038 | 0.000801690154662 | 5.49585589564e-11 | 8.81755548689e-12 | 2.97957212433e-06 
 118 |  1.5321463859e+69 |           6.8284 |  0.386222 |   0.0052514222005 | 0.000784996770113 | 5.74521639348e-11 | 9.18232860159e-12 | 3.13949073051e-06 
 119 | 1.57197339723e+69 |            6.247 |  0.365433 |  0.00511813468857 | 0.000780110796563 | 5.12263868158e-11 | 8.36325846161e-12 | 2.82115953555e-06 
 120 | 1.60661475594e+69 |           6.4882 |  0.387777 |   0.0051527367478 | 0.000760216082421 | 5.35639614915e-11 |  8.5264374717e-12 | 2.97259803774e-06 
 121 | 1.65015666218e+69 |            6.629 |  0.376322 |  0.00496591826027 | 0.000754654238123 |  5.2742181743e-11 | 8.55604468338e-12 |  2.9491792638e-06 
 122 | 1.68753367855e+69 |            6.139 |  0.330926 |  0.00491677854189 |  0.00074421199703 | 4.83602758623e-11 | 7.77024454169e-12 | 2.72435006169e-06 
 123 | 1.69566780404e+69 |           6.7864 |  0.395414 |  0.00481887493532 | 0.000726295722635 | 5.23956933761e-11 | 8.46658098754e-12 | 2.97340233829e-06 
 124 | 1.71282231661e+69 |           6.3089 |   0.39202 |  0.00471920020163 | 0.000728397549965 | 4.77015542704e-11 | 7.93686873559e-12 | 2.72664622907e-06 
 125 | 1.73248109957e+69 |           7.0045 |  0.411112 |  0.00459895394702 | 0.000701527387226 | 5.16115245414e-11 | 8.43551826699e-12 | 2.97123259499e-06 
 126 | 1.77945910522e+69 |           6.8192 |  0.399232 |  0.00450912451231 | 0.000704445634847 | 4.92647350299e-11 | 8.21914446394e-12 | 2.85660165606e-06 
 127 | 1.82361166358e+69 |           6.5579 |  0.403758 |  0.00448616751117 | 0.000694970920067 | 4.71357873161e-11 | 7.85755707773e-12 | 2.75214115123e-06 
 128 | 1.88942741146e+69 |           6.9827 |  0.408566 |  0.00441308044272 | 0.000675983544128 | 4.93714307072e-11 | 8.09553476444e-12 | 2.90242643984e-06 
 129 | 1.96167903821e+69 |           7.0183 |  0.403899 |  0.00430150231751 | 0.000673065998438 | 4.83684962949e-11 | 8.06399070209e-12 | 2.86268734731e-06 
 130 | 2.02109423395e+69 |            7.097 |    0.4179 |  0.00428544145815 | 0.000651012288211 | 4.87282564785e-11 | 7.93908034629e-12 | 2.90321585616e-06 
 131 | 2.05679570812e+69 |           6.6204 |  0.413233 |  0.00421915159953 | 0.000642768221225 | 4.47527626642e-11 | 7.36793309721e-12 | 2.68390865934e-06 
 132 | 2.11047750216e+69 |            6.733 |  0.406586 |    0.004123091205 | 0.000641406382586 | 4.44776708259e-11 | 7.42216245104e-12 | 2.68474236163e-06 
 133 | 2.13492032968e+69 |           6.9386 |  0.418466 |  0.00401191942706 | 0.000628710527519 | 4.45999684012e-11 | 7.48901138747e-12 | 2.72089585816e-06 
 134 | 2.18530324562e+69 |           7.2912 |  0.470509 |  0.00396769805984 | 0.000619319317974 | 4.63498282164e-11 | 7.82865612934e-12 | 2.83352862165e-06 
 135 | 2.24849260598e+69 |           6.6942 |  0.413092 |  0.00392359017091 | 0.000614514840947 | 4.20816555122e-11 | 7.08397966342e-12 | 2.58905721854e-06 
 136 | 2.28096161647e+69 |           6.8308 |    0.4278 |  0.00382398650687 | 0.000605330151534 | 4.18502847667e-11 | 7.12446111363e-12 | 2.59072014805e-06 
 137 | 2.31055290325e+69 |           7.3098 |  0.497662 |  0.00377112296544 |  0.00060044282178 | 4.41658598573e-11 | 7.64802765066e-12 | 2.75074083484e-06 
 138 | 2.37968962931e+69 |           7.5136 |  0.614476 |  0.00371859175916 | 0.000578736411963 | 4.47648423116e-11 | 7.87020980083e-12 | 2.80484818047e-06 
 139 | 2.40898482067e+69 |           6.7295 |  0.445902 |  0.00364300830302 | 0.000565370638532 | 3.92783684458e-11 | 6.62809596386e-12 | 2.47573532877e-06 
 140 | 2.46153945421e+69 |           6.7088 |  0.448589 |  0.00357563137485 | 0.000558297660525 | 3.84333346081e-11 | 6.52807989205e-12 | 2.43672877737e-06 
 141 | 2.49498064166e+69 |           7.3185 |  0.723653 |  0.00353653451357 | 0.000566058295453 | 4.14677501701e-11 | 7.80172529473e-12 | 2.64440834242e-06 
 142 | 2.54914743385e+69 |           6.6688 |  0.437133 |  0.00341968053289 | 0.000547010388735 | 3.65379110327e-11 | 6.31627499125e-12 | 2.34342963249e-06 
 143 | 3.56279663071e+69 |           7.4252 |  0.311551 |  0.00336154934811 | 0.000481042796874 | 3.99906201769e-11 | 5.96364203228e-12 | 2.58429999803e-06 
 144 | 3.65842533568e+69 |            7.908 |  0.571342 |  0.00326247312072 | 0.000477822547165 | 4.13355856727e-11 |  6.7505534899e-12 | 2.69146580259e-06 
 145 | 3.74870030612e+69 |           7.2914 |  0.411678 |  0.00317989869497 | 0.000475900601647 | 3.71479368591e-11 | 5.94200275421e-12 |  2.4365702851e-06 
 146 |  3.8162959478e+69 |           6.9006 |  0.402061 |  0.00313675457708 | 0.000470826039094 | 3.46799038256e-11 |  5.5838628423e-12 | 2.29116262229e-06 
 147 |  3.9263903618e+69 |           7.7428 |  0.877661 |  0.00305445111498 |  0.00044994044105 | 3.78914937615e-11 |  7.0429112512e-12 | 2.52121072207e-06 
 148 | 3.98872230082e+69 |           6.9451 |  0.404465 |  0.00297640081548 | 0.000452674616368 | 3.31192429187e-11 | 5.39369415109e-12 | 2.22886362809e-06 
 149 | 4.07225516337e+69 |           7.3174 |  0.544896 |  0.00292071762528 | 0.000451801036262 | 3.42418215148e-11 | 5.87859930925e-12 | 2.31033389026e-06 
 150 | 4.17613764914e+69 |           7.4248 |  0.341957 |  0.00287959501622 | 0.000424086554925 | 3.42552121171e-11 | 5.28580126712e-12 | 2.32706200509e-06 
 151 | 4.27222881589e+69 |           7.3324 |  0.576999 |  0.00287386782215 | 0.000445413785714 |   3.376163126e-11 | 5.86846031669e-12 | 2.30926319633e-06 
 152 | 4.35498397872e+69 |           7.3306 |  0.599909 |  0.00279947462731 | 0.000437421234049 | 3.28796009808e-11 | 5.79946374405e-12 | 2.26391606711e-06 
 153 |   4.448718336e+69 |           7.2714 |  0.426244 |  0.00270500149734 | 0.000422404720606 | 3.15134562463e-11 | 5.25634642307e-12 |   2.184117224e-06 
 154 | 4.52040951751e+69 |            6.982 |  0.444204 |  0.00269253741052 |  0.00041003226536 | 3.01197994452e-11 | 4.97098171139e-12 | 2.10107436536e-06 
 155 |  4.6113346858e+69 |           6.9879 |  0.438689 |  0.00259194223786 | 0.000407074698352 | 2.90190024815e-11 |  4.9081643411e-12 | 2.03725559007e-06 
 156 | 4.66622435094e+69 |            7.501 |  0.555079 |  0.00253296299827 | 0.000401292575803 | 3.04409708935e-11 | 5.32286873313e-12 | 2.15060361857e-06 
 157 | 4.77131623241e+69 |            7.497 |  0.583363 |  0.00254413157273 | 0.000398522662342 |   3.055889062e-11 | 5.34493690258e-12 | 2.17242251901e-06 
 158 | 4.81605625286e+69 |           7.0394 |  0.457215 |  0.00250578844355 | 0.000395550549197 | 2.82611965166e-11 | 4.82404070737e-12 | 2.03999228502e-06 
 159 |  4.8787243824e+69 |           7.3958 |  0.362039 |  0.00244050489449 | 0.000388385872929 | 2.89184719336e-11 | 4.81493364753e-12 | 2.08128612856e-06 
 160 | 4.91695918804e+69 |           8.0881 |  0.715168 |  0.00242684297089 | 0.000378419986381 | 3.14484108479e-11 |  5.6373376726e-12 | 2.27699436723e-06 
 161 | 5.01610780718e+69 |           7.2709 |  0.509683 |  0.00236484627456 | 0.000383500203209 | 2.75487289417e-11 | 4.86701339041e-12 | 2.00650759012e-06 
 162 | 6.51801852477e+69 |           6.8957 |  0.415779 |  0.00228462686139 | 0.000357269242879 | 2.52408589148e-11 |   4.230396521e-12 | 1.85730529803e-06 
 163 | 6.63089096105e+69 |           7.5063 |  0.445053 |  0.00221755943434 | 0.000347323618405 | 2.66693037294e-11 | 4.46633496121e-12 | 1.97088248359e-06 
 164 | 6.73786205886e+69 |           7.3794 |  0.347755 |  0.00216535888221 | 0.000343436996886 | 2.56012645515e-11 | 4.23593480332e-12 | 1.90545258381e-06 
 165 | 6.93148184336e+69 |           7.1842 |  0.444912 |  0.00217980514195 | 0.000338545476831 | 2.50903412577e-11 | 4.19514783672e-12 | 1.88056271212e-06 
 166 | 7.23376089468e+69 |           6.8293 |  0.439538 |  0.00210064073953 | 0.000329898071645 | 2.29846800743e-11 |  3.9010259748e-12 | 1.73482610174e-06 
 167 |  7.5213515105e+69 |           7.2022 |  0.433174 |  0.00206194787766 | 0.000326415797271 | 2.37932270668e-11 | 4.02926317399e-12 | 1.80813834311e-06 
 168 |   7.699155067e+69 |           7.4569 |  0.687308 |  0.00201677628513 | 0.000329950620068 | 2.40949785992e-11 | 4.52455813852e-12 | 1.84342712194e-06 
 169 | 7.85987408246e+69 |           6.9568 |  0.445053 |  0.00199512205591 | 0.000313946865014 | 2.22376801695e-11 | 3.77739216016e-12 | 1.71266087165e-06 
 170 | 7.91468315343e+69 |            7.198 |  0.461034 |  0.00198721988246 |  0.00031074837338 | 2.29175536236e-11 | 3.87266519026e-12 | 1.77662174475e-06 
 171 | 8.03649977861e+69 |           6.7807 |  0.448306 |  0.00193367135309 |  0.00031213539788 | 2.10071772427e-11 | 3.66441083013e-12 | 1.64856504435e-06 
 172 | 8.15978630043e+69 |           7.0845 |  0.459902 |  0.00191576047809 | 0.000306380317501 | 2.17450743583e-11 | 3.75318783383e-12 |  1.7075292441e-06 
 173 | 8.35566823207e+69 |            7.064 |  0.476449 |  0.00187066833401 | 0.000297750166245 | 2.11718099183e-11 | 3.65994053933e-12 | 1.67313956502e-06 
 174 | 8.58926022438e+69 |           7.4382 |  0.868893 |  0.00180376077131 | 0.000323658841249 | 2.14959816104e-11 | 4.60249258713e-12 | 1.70936298614e-06 
 175 | 8.86363678871e+69 |            7.525 |  0.567382 |  0.00179193447896 | 0.000283582687216 | 2.16042467367e-11 | 3.78720477671e-12 | 1.72856550537e-06 
 176 | 9.01391980229e+69 |           7.1402 |  0.469095 |   0.0017192738322 | 0.000284066932378 | 1.96682595699e-11 | 3.49716200232e-12 | 1.58325188375e-06 
 177 | 9.05161700146e+69 |           7.2692 |  0.563564 |  0.00173339115263 | 0.000280695357042 | 2.01880177239e-11 | 3.62447918169e-12 | 1.63487129564e-06 
 178 | 9.07638219865e+69 |           7.3417 |  0.437982 |  0.00171586780531 | 0.000274057514051 | 2.01832433886e-11 | 3.44118323131e-12 | 1.64420453893e-06 
 179 | 9.15344635673e+69 |           7.7414 |  0.816143 |   0.0016682199223 | 0.000264997305855 | 2.06910862591e-11 | 3.94478762526e-12 | 1.69548157191e-06 
 180 | 1.15385120722e+70 |           7.4175 |  0.384666 |   0.0015981516713 | 0.000250468971391 | 1.89926708732e-11 | 3.13533531335e-12 | 1.56724473061e-06 
 181 | 1.17642564273e+70 |            7.548 |  0.583363 |  0.00158028470058 | 0.000245996743583 | 1.91107491465e-11 |  3.3213816331e-12 | 1.58782166932e-06 
 182 | 1.18730646451e+70 |           7.5055 |  0.604011 |  0.00153425829631 |  0.00024597008469 | 1.84496696077e-11 | 3.30956354065e-12 | 1.54328377369e-06 
 183 | 1.21378914668e+70 |           7.4828 |    0.6388 |   0.0015118531708 | 0.000243778030789 | 1.81252600391e-11 | 3.30693791508e-12 | 1.53637991241e-06 
 184 | 1.23762784224e+70 |           6.8282 |  0.487762 |  0.00150371770026 | 0.000237554380928 | 1.64506487431e-11 |  2.8521747611e-12 | 1.39441049186e-06 
 185 | 1.28558236236e+70 |           6.8295 |  0.464003 |  0.00143590433324 | 0.000238054291079 | 1.57117630558e-11 | 2.81505172031e-12 |  1.3404535425e-06 
 186 |  1.3284505576e+70 |           6.9297 |   0.45764 |  0.00139972673785 | 0.000237169307741 | 1.55406141885e-11 | 2.82613412752e-12 |  1.3344467704e-06 
 187 | 1.35449692394e+70 |           6.5757 |  0.489459 |  0.00142821216904 | 0.000226977853042 | 1.50468364566e-11 | 2.64060140582e-12 | 1.30024667022e-06 
 188 | 1.38704148867e+70 |           7.2523 |  0.545179 |   0.0013675751269 |  0.00022472289844 | 1.58904953064e-11 | 2.87142608193e-12 | 1.38175554108e-06 
 189 | 1.40206407322e+70 |           7.1516 |  0.502612 |  0.00136900267797 | 0.000223542560807 | 1.56862090766e-11 | 2.78854718457e-12 | 1.37243444424e-06 
 190 | 1.43194831702e+70 |           7.3597 |  0.374201 |  0.00131288850511 |  0.00021640325663 | 1.54809804641e-11 |   2.670370942e-12 | 1.36275978973e-06 
 191 | 1.45903897446e+70 |           6.9227 |  0.510107 |  0.00130045497221 | 0.000215937406636 | 1.44238540584e-11 |  2.6202805321e-12 | 1.29323878772e-06 
 192 | 1.49050305698e+70 |           6.6159 |  0.505016 |  0.00128617530091 | 0.000215911488976 |  1.3633256103e-11 | 2.51412489545e-12 | 1.22233864045e-06 
 193 | 1.52157794248e+70 |           7.3185 |  0.475459 |   0.0012489874026 | 0.000212692811969 | 1.46450423085e-11 | 2.66926141552e-12 | 1.31245847344e-06 
 194 | 1.84956135629e+70 |           6.5852 |  0.473903 |  0.00123609360236 | 0.000200520555963 | 1.30415980271e-11 | 2.31445748187e-12 | 1.17670481239e-06 
 195 | 1.89754271231e+70 |           6.7807 |  0.487197 |  0.00119230386716 | 0.000196500661156 | 1.29530484198e-11 | 2.32881315045e-12 | 1.17934452708e-06 
 196 | 1.94902472904e+70 |           6.9639 |  0.503036 |  0.00117950566312 | 0.000192309448149 | 1.31602171383e-11 | 2.34682836804e-12 | 1.20327991921e-06 
 197 | 1.98997213899e+70 |           7.4097 |  0.446326 |  0.00113817812685 | 0.000190302842361 | 1.35120532515e-11 | 2.40134611724e-12 | 1.24351806364e-06 
 198 | 2.02371920458e+70 |           6.9164 |  0.517178 |  0.00112734667894 | 0.000187068446129 | 1.24924632945e-11 | 2.27371252478e-12 | 1.15709684674e-06 
 199 | 2.05922862949e+70 |           7.3061 |  0.540512 |   0.0010914057686 | 0.000186869055486 | 1.27756305313e-11 | 2.38288702609e-12 | 1.19090607573e-06 
 200 | 2.09109420827e+70 |           7.3874 |  0.419031 |   0.0010830580362 | 0.000179367727956 | 1.28189910993e-11 | 2.24405105556e-12 |  1.2024572463e-06 
 201 | 2.44145284502e+70 |           7.3736 |  0.403051 |  0.00105515642134 | 0.000174100127165 | 1.24654199479e-11 | 2.16671263153e-12 | 1.17758134387e-06 
 202 | 2.46292130808e+70 |           7.5328 |  0.749392 |  0.00104070661949 | 0.000171489343255 | 1.25601624964e-11 | 2.41762803511e-12 | 1.20513416155e-06 
 203 | 2.53004557168e+70 |           6.9438 |  0.516047 |   0.0010239452574 | 0.000172404926874 | 1.13915923051e-11 | 2.09656787938e-12 |  1.0971781583e-06 
 204 | 2.59459863338e+70 |           7.2244 |  0.559604 | 0.000995042256343 | 0.000168865643715 | 1.15173828579e-11 | 2.14855748959e-12 | 1.11068543631e-06 
 205 | 2.65381195035e+70 |           6.6748 |  0.528492 |  0.00100885720727 | 0.000166163141263 | 1.07889317527e-11 | 1.97164692414e-12 | 1.04745650924e-06 
 206 | 2.74233571191e+70 |           7.7793 |   0.95219 | 0.000968841755331 | 0.000162798941298 | 1.20754652525e-11 | 2.51034678053e-12 | 1.18012260428e-06 
 207 | 2.82258006346e+70 |           6.6282 |  0.543907 | 0.000953448328992 | 0.000161959389217 | 1.01251918953e-11 | 1.91011006039e-12 | 9.95989975473e-07 
 208 | 2.86184124069e+70 |           6.9164 |  0.545886 | 0.000953974837405 | 0.000134518998593 | 1.05712784389e-11 | 1.70826432019e-12 | 1.04657742963e-06 
 209 |  2.8779764727e+70 |           6.9748 |  0.543624 | 0.000911143047066 | 0.000160190882739 | 1.01818999231e-11 | 1.95813217715e-12 | 1.02679076867e-06 
 210 | 3.33281374658e+70 |           6.2172 |  0.440669 | 0.000901488833856 |  0.00015409357306 | 8.97977943025e-12 | 1.66166419513e-12 | 9.01033461052e-07 
 211 | 3.35477466214e+70 |           6.6722 |  0.528633 | 0.000874436460285 | 0.000151853854947 | 9.34776572617e-12 | 1.78429116354e-12 | 9.44496579987e-07 
 212 | 3.43853002947e+70 |           6.0349 |  0.685611 | 0.000868718617137 | 0.000150645799714 | 8.39962143985e-12 | 1.74134189047e-12 | 8.58729008282e-07 
 213 | 3.58585681024e+70 |           6.2938 |  0.527077 | 0.000849798773673 | 0.000147492454536 | 8.56918507264e-12 | 1.65136325393e-12 | 8.77695786855e-07 
 214 | 3.73398799107e+70 |           5.7527 |   0.38905 | 0.000833641029206 | 0.000149188155371 |  7.6835388103e-12 | 1.46995309431e-12 | 7.92250571697e-07 
 215 | 3.78019680288e+70 |           6.4084 |  0.541078 | 0.000811943456214 | 0.000144867758055 | 8.33654108174e-12 |  1.6455521267e-12 | 8.65284584044e-07 
 216 | 3.82415260951e+70 |           5.7942 |  0.486772 | 0.000803298309065 | 0.000154453856949 | 7.45728641066e-12 | 1.56473780846e-12 | 7.79067672943e-07 
 217 | 4.40965460233e+70 |           6.2994 |  0.534856 | 0.000770144134464 | 0.000137623930627 |  7.7728749532e-12 | 1.53781770165e-12 | 8.17840247798e-07 
 218 | 4.54283249319e+70 |           6.9315 |  0.562716 | 0.000760295474681 | 0.000132234180213 | 8.44345364535e-12 | 1.62062379568e-12 | 8.94655857015e-07 
 219 | 4.60845938938e+70 |           6.1768 |  0.450993 |  0.00075329800696 | 0.000130545467314 | 7.45488305262e-12 | 1.40190329614e-12 | 7.98676104198e-07 
 220 | 4.62759804778e+70 |           5.6091 |  0.403617 | 0.000743796526443 | 0.000134449437335 | 6.68432890077e-12 | 1.30048305205e-12 |  7.1808915269e-07 
 221 |   5.232660549e+70 |           6.2988 |  0.543199 | 0.000712366134957 | 0.000127428695047 |  7.1890511996e-12 | 1.42762800298e-12 | 7.80131420108e-07 
 222 | 5.22193710235e+70 |           5.8994 |  0.559463 | 0.000697748344638 | 0.000140960147806 | 6.59503597447e-12 | 1.47183319492e-12 |  7.1899044231e-07 
 223 | 5.48952649575e+70 |           5.7255 |  0.403192 | 0.000682594559593 | 0.000127846436391 | 6.26162049918e-12 | 1.25292500455e-12 | 6.87569232977e-07 
 224 | 5.62477403848e+70 |            5.485 |  0.398101 | 0.000676566894114 | 0.000125891279054 | 5.94562998788e-12 | 1.18750857515e-12 | 6.66100713585e-07 
 225 | 6.30404649805e+70 |           6.1225 |  0.677125 | 0.000636328259147 | 0.000116669114999 |  6.2419529856e-12 | 1.33653299565e-12 | 6.95585796476e-07 
 226 | 6.59210691529e+70 |           6.1819 |  0.549422 | 0.000609144893126 | 0.000112645481195 | 6.03327439725e-12 | 1.23786257692e-12 | 6.77397832293e-07 
 227 | 6.88462654252e+70 |            6.143 |   1.26473 | 0.000611516314266 | 0.000122605083533 | 6.01864967084e-12 | 1.72961509886e-12 | 6.82647057648e-07 
 228 | 7.73518493825e+70 |           6.2164 |  0.479984 | 0.000574447715135 | 0.000105890497515 | 5.72136903699e-12 | 1.14342905333e-12 | 6.52864219682e-07 
 229 | 7.91099790911e+70 |           6.9714 |  0.629466 | 0.000567036012254 | 0.000104270084379 | 6.33346133005e-12 | 1.29746170671e-12 | 7.27704873955e-07 
 230 | 9.03085194758e+70 |           5.2774 |  0.403192 | 0.000554786354964 | 0.000105803468563 | 4.69090111526e-12 | 9.63718731052e-13 | 5.43433234295e-07 
 231 | 9.27473280347e+70 |           5.7557 |  0.630881 | 0.000533346973013 |     0.00010739769 | 4.91833929362e-12 | 1.12760221891e-12 | 5.75405128248e-07 
 232 | 1.02403224785e+71 |           5.6096 |  0.403192 | 0.000516997595725 | 9.90654158542e-05 |  4.6465532223e-12 | 9.50933500116e-13 | 5.49793674676e-07 
 233 | 1.14009056479e+71 |           5.8467 |   0.33135 | 0.000482630002045 | 9.15385054562e-05 | 4.52101172381e-12 | 8.94943688368e-13 | 5.37334823103e-07 
 234 | 1.16039352796e+71 |             5.81 |  0.291752 | 0.000486851068046 |   9.104490756e-05 | 4.53192535636e-12 | 8.77527354576e-13 | 5.44570853377e-07 
 235 | 1.27614454484e+71 |           5.1393 |  0.420021 | 0.000467664375024 | 9.41289823158e-05 | 3.85078028714e-12 | 8.36522487159e-13 | 4.65971161043e-07 
 236 | 1.32719727881e+71 |           5.7589 |  0.597647 | 0.000453426749294 | 9.18469460831e-05 | 4.18366767866e-12 | 9.52197113869e-13 | 5.10843105371e-07 
 237 | 1.55006141631e+71 |           5.3431 |    0.4517 | 0.000445167814892 | 7.27306357669e-05 | 3.81090005369e-12 | 7.01031652734e-13 | 4.71034917938e-07 
 238 | 1.71434126155e+71 |           5.5097 |  0.452407 | 0.000415299237395 | 8.29270392418e-05 |  3.6660599697e-12 | 7.91515862216e-13 | 4.56831653223e-07 
 239 |  1.9170107143e+71 |           4.9476 |  0.422001 | 0.000401224607156 | 8.07997975345e-05 | 3.18047967432e-12 | 6.95574519242e-13 | 4.00702047275e-07 
 240 | 2.20485454655e+71 |           4.6995 |  0.729876 | 0.000371774114386 | 8.82442254076e-05 | 2.79924752176e-12 | 7.94022816562e-13 | 3.56391476301e-07 
 241 |  2.4032753465e+71 |            4.957 |   0.45665 | 0.000353685616486 | 7.22342539643e-05 | 2.80896799517e-12 | 6.29344166632e-13 | 3.61756769724e-07 
 242 |  2.9904747818e+71 |            4.564 |  0.433315 | 0.000329439554062 | 7.26455745833e-05 | 2.40897272278e-12 | 5.78353073212e-13 | 3.15327966703e-07 
 243 | 3.82099531813e+71 |           4.3775 |  0.312541 | 0.000302859891497 | 6.69787416446e-05 |  2.1241169073e-12 | 4.93630990683e-13 | 2.81328355262e-07 
 244 | 4.71657007064e+71 |           4.8264 |  0.386787 | 0.000274289885447 | 5.71945498686e-05 | 2.12101422229e-12 | 4.73810212067e-13 | 2.88039350901e-07 
 245 | 6.55249152122e+71 |           4.2675 |  0.319471 | 0.000237516520344 | 5.32431382957e-05 | 1.62396938289e-12 | 3.83802194513e-13 | 2.22822677629e-07 
 246 | 9.56164431402e+71 |           3.6226 |  0.168857 | 0.000205276157443 | 4.60772618207e-05 |  1.1914323685e-12 | 2.73139906068e-13 | 1.67241058525e-07 
 247 |  1.8060880373e+72 |           3.5442 |  0.235608 | 0.000152239202905 | 3.70059773386e-05 |  8.6448051451e-13 | 2.17852585609e-13 | 1.25426959708e-07 
 248 | 6.43761384072e+72 |           2.5557 |  0.164756 |  7.9184304113e-05 | 2.16846735383e-05 | 3.24234692093e-13 | 9.12189530825e-14 | 5.03248824787e-08 
 249 | 2.41828743256e+73 |           0.6485 | 0.0271529 | 0.000104183377354 | 3.52104553962e-05 | 1.08247761039e-13 | 3.68637658951e-14 | 1.90155950303e-08 
 250 | 5.30836594362e+73 |           0.6485 | 0.0271529 | 7.03188831476e-05 | 2.37654025187e-05 | 7.30621511105e-14 | 2.48813094006e-14 | 1.50992684075e-08 
 251 | 1.04261797872e+73 |           0.6485 | 0.0271529 | 0.000158668160456 | 5.36244680141e-05 | 1.64858094963e-13 | 5.61424103402e-14 | 7.55343630167e-07 
