Radius1 | Radius2 |                SB |           SBError |              BGRD |         BGRDError | Bin
    0.0 |   4.428 | 3.04297175442e-06 | 2.97996356215e-08 | 2.23285816016e-09 | 8.07221207319e-10 |   0
  4.428 |    7.38 | 1.57926434238e-06 | 1.52512644976e-08 | 2.42333204898e-09 | 5.97427100339e-10 |   1
   7.38 |    9.84 |  1.3896767469e-06 | 1.29101005021e-08 | 2.64702720318e-09 | 5.63445532812e-10 |   2
   9.84 |  11.808 |  1.2555324034e-06 | 1.23926047994e-08 | 2.65066573758e-09 | 5.69411323584e-10 |   3
 11.808 |  13.776 | 1.17911538292e-06 | 1.08260946943e-08 | 2.85267789181e-09 | 5.32500512059e-10 |   4
 13.776 |  15.744 | 1.05571237914e-06 | 9.54045895179e-09 | 2.42884676833e-09 | 4.57611079706e-10 |   5
 15.744 |  17.712 | 9.44628248113e-07 | 8.39465444792e-09 | 2.35684931397e-09 | 4.19312958781e-10 |   6
 17.712 |  19.188 | 9.07788795589e-07 | 8.94403549943e-09 | 2.77144065602e-09 | 4.94189931248e-10 |   7
 19.188 |  20.664 | 9.17717000889e-07 | 8.75936112593e-09 |  2.4477745083e-09 | 4.52380385035e-10 |   8
 20.664 |   22.14 | 9.05133440203e-07 | 8.40910657236e-09 |  2.6729758205e-09 | 4.56973549376e-10 |   9
  22.14 |  23.616 | 8.90245631678e-07 | 8.13356840786e-09 | 2.52530189485e-09 | 4.33194431024e-10 |  10
 23.616 |  25.092 | 8.69900033245e-07 |  7.7319814912e-09 | 2.62748351877e-09 | 4.24938538075e-10 |  11
 25.092 |  26.568 | 8.27787643802e-07 | 7.36563645619e-09 | 2.52935031602e-09 | 4.07150801904e-10 |  12
 26.568 |  28.044 | 7.76508718729e-07 | 7.04977163789e-09 | 2.41385169482e-09 | 3.93058485535e-10 |  13
 28.044 |   29.52 | 7.33881935115e-07 | 6.67543118136e-09 | 2.65283195155e-09 | 4.01347999783e-10 |  14
  29.52 |  30.996 | 7.00460790622e-07 | 6.30124122121e-09 | 2.49021533488e-09 | 3.75709907175e-10 |  15
 30.996 |  32.472 | 6.69821800208e-07 | 6.13502238158e-09 | 2.51319985708e-09 | 3.75794146674e-10 |  16
 32.472 |  33.948 | 6.22875244847e-07 | 5.79284473345e-09 | 2.60693359247e-09 | 3.74762692957e-10 |  17
 33.948 |  35.424 | 5.67966931262e-07 | 5.40941802242e-09 | 2.51684023397e-09 | 3.60094783898e-10 |  18
 35.424 |    36.9 | 5.23373782607e-07 | 5.07363228723e-09 |  2.5533798843e-09 | 3.54381232639e-10 |  19
   36.9 |  38.376 | 4.78196738621e-07 | 4.75566912447e-09 | 2.55854007241e-09 | 3.47859947053e-10 |  20
 38.376 |  40.344 | 4.23373004035e-07 | 3.79531279556e-09 | 2.52632537604e-09 | 2.93177513165e-10 |  21
 40.344 |  42.312 | 3.91930616801e-07 | 3.51454305806e-09 | 2.45834130898e-09 | 2.78346230569e-10 |  22
 42.312 |   44.28 | 3.44391960136e-07 | 3.22977929809e-09 | 2.45357527981e-09 | 2.72612684031e-10 |  23
  44.28 |  46.248 | 3.16796128842e-07 | 3.01435338019e-09 | 2.57720386012e-09 | 2.71880861029e-10 |  24
 46.248 |  48.216 | 2.87932459628e-07 | 2.77806591163e-09 | 2.48542437693e-09 | 2.58105635843e-10 |  25
 48.216 |  50.676 | 2.44184983648e-07 |  2.2283835088e-09 | 2.46772376407e-09 | 2.24015849616e-10 |  26
 50.676 |  53.136 | 2.23010935887e-07 | 2.05579976976e-09 | 2.48876201622e-09 | 2.17174796514e-10 |  27
 53.136 |  55.596 | 2.08756560755e-07 | 1.93839104859e-09 |   2.404930905e-09 | 2.08052353248e-10 |  28
 55.596 |  58.056 | 1.98226761244e-07 |  1.8911465039e-09 | 2.38381011979e-09 | 2.07386196841e-10 |  29
 58.056 |  61.008 | 1.66679341972e-07 | 1.60843102967e-09 | 2.42328512125e-09 | 1.93938399264e-10 |  30
 61.008 |  64.452 | 1.39250200413e-07 | 1.33586862477e-09 |  2.4495069416e-09 | 1.77176110299e-10 |  31
 64.452 |  67.896 | 1.19141636852e-07 | 1.18581796673e-09 | 2.44727446418e-09 | 1.69952508283e-10 |  32
 67.896 |   71.34 | 1.11012515388e-07 | 1.06293124163e-09 | 2.36414584836e-09 | 1.55115903035e-10 |  33
  71.34 |  74.784 | 1.00289731962e-07 | 9.66219940084e-10 | 2.37745499249e-09 | 1.48766074337e-10 |  34
 74.784 |  78.228 | 9.34937770573e-08 | 9.13735811016e-10 |  2.3891946539e-09 | 1.46067991877e-10 |  35
 78.228 |  81.672 |  9.1106253717e-08 | 8.83568381724e-10 | 2.42482033871e-09 | 1.44147078954e-10 |  36
 81.672 |  85.116 | 8.87773876569e-08 | 8.51817435261e-10 | 2.42704824978e-09 | 1.40842769219e-10 |  37
 85.116 |   88.56 | 8.64857135124e-08 | 8.27609783722e-10 | 2.50757049207e-09 | 1.40922388506e-10 |  38
  88.56 |  92.004 | 8.44550228492e-08 | 8.03568185334e-10 | 2.42359434185e-09 | 1.36125649022e-10 |  39
 92.004 |  95.448 | 8.13572582968e-08 | 7.73235093426e-10 | 2.46515521006e-09 | 1.34597053531e-10 |  40
 95.448 |  98.892 | 8.08348538046e-08 |   7.563973337e-10 | 2.47850917647e-09 | 1.32448156817e-10 |  41
 98.892 | 102.336 | 7.63641291923e-08 | 7.23048690081e-10 | 2.44178579255e-09 | 1.29293480402e-10 |  42
102.336 |  105.78 | 7.47542811931e-08 | 7.03017147898e-10 | 2.47390361711e-09 | 1.27890788195e-10 |  43
 105.78 | 109.224 | 7.23118361483e-08 | 6.78842100252e-10 | 2.45984607888e-09 | 1.25203956864e-10 |  44
109.224 | 112.668 | 7.02952426727e-08 | 6.59305587224e-10 | 2.40019548852e-09 | 1.21827990185e-10 |  45
112.668 | 116.112 | 6.72814120491e-08 | 6.33970725178e-10 |  2.4615242568e-09 |  1.2126171418e-10 |  46
116.112 | 119.556 | 6.48032685786e-08 | 6.11733243048e-10 | 2.39078696023e-09 | 1.17498973337e-10 |  47
119.556 |   123.0 | 6.36434130304e-08 | 6.03771452152e-10 | 2.43878607519e-09 | 1.18190529235e-10 |  48
  123.0 | 126.444 | 6.13117312774e-08 | 5.93730633922e-10 | 2.40499400502e-09 | 1.17591160369e-10 |  49
126.444 | 129.888 | 5.83362497618e-08 |    5.66930076e-10 |  2.4016264935e-09 | 1.15030486742e-10 |  50
129.888 | 133.332 | 5.59968900976e-08 | 5.49527526182e-10 | 2.43417529297e-09 | 1.14573295527e-10 |  51
133.332 | 136.776 |  5.4876669073e-08 |  5.4279406952e-10 | 2.44133499928e-09 | 1.14486667512e-10 |  52
136.776 | 140.712 | 5.30410461204e-08 | 4.95435913471e-10 | 2.35221938703e-09 | 1.04332681099e-10 |  53
140.712 | 144.648 | 5.14239872595e-08 | 4.84203170709e-10 | 2.36556333815e-09 | 1.03851325194e-10 |  54
144.648 | 148.584 | 4.84649845392e-08 | 4.68742900601e-10 | 2.34285222082e-09 | 1.03060707672e-10 |  55
148.584 |  152.52 | 4.74460719346e-08 | 4.57439107409e-10 | 2.37246903613e-09 | 1.02290061535e-10 |  56
 152.52 | 156.456 | 4.59244750002e-08 | 4.38461487883e-10 | 2.35482414471e-09 |  9.9286135272e-11 |  57
156.456 | 160.392 |   4.533531021e-08 | 4.30431055239e-10 | 2.35215731204e-09 | 9.80434289045e-11 |  58
160.392 | 164.328 | 4.28993727913e-08 | 4.13220475709e-10 | 2.33244313155e-09 | 9.63522555609e-11 |  59
164.328 | 168.264 | 4.15121865374e-08 | 4.01492258344e-10 | 2.37073632179e-09 | 9.59469090026e-11 |  60
168.264 |   172.2 | 4.07278976032e-08 | 3.96581329348e-10 | 2.28698341253e-09 | 9.39761810487e-11 |  61
  172.2 | 176.136 |  3.9062193316e-08 | 3.79503138194e-10 | 2.31709615034e-09 | 9.24291765581e-11 |  62
176.136 | 180.072 | 3.74836366398e-08 | 3.66785900575e-10 | 2.24392234843e-09 | 8.97419871599e-11 |  63
180.072 | 184.008 |  3.5788233878e-08 | 3.55084517859e-10 | 2.27870942114e-09 | 8.95996031403e-11 |  64
184.008 | 187.944 | 3.53256252522e-08 | 3.48712345046e-10 | 2.31902715568e-09 | 8.93460378529e-11 |  65
187.944 | 192.372 | 3.40074465072e-08 | 3.20407257999e-10 | 2.26010672746e-09 | 8.25999528984e-11 |  66
192.372 | 196.308 | 3.33473805286e-08 | 3.33301714351e-10 | 2.29749847593e-09 | 8.74851433206e-11 |  67
196.308 | 200.736 | 3.25499587444e-08 | 3.07488273922e-10 | 2.27491378405e-09 | 8.12897548439e-11 |  68
200.736 | 205.164 | 3.05838927911e-08 |  2.9353414457e-10 | 2.26236039381e-09 | 7.98349670583e-11 |  69
205.164 | 209.592 | 2.89460523729e-08 | 2.81664311305e-10 | 2.24951256103e-09 | 7.85201953935e-11 |  70
209.592 |  214.02 | 2.78145247518e-08 | 2.72642313783e-10 | 2.26159763207e-09 |  7.7743684276e-11 |  71
 214.02 | 218.448 | 2.65155190677e-08 | 2.62782032134e-10 | 2.26201070328e-09 |  7.6752572532e-11 |  72
218.448 | 222.876 | 2.56525837953e-08 | 2.55079436053e-10 | 2.25048037464e-09 | 7.55522672915e-11 |  73
222.876 | 227.304 | 2.54441511854e-08 | 2.51210057821e-10 | 2.21499752872e-09 | 7.41190201527e-11 |  74
227.304 | 232.224 | 2.42764232126e-08 |  2.3050371762e-10 | 2.23656072033e-09 |  6.9964210668e-11 |  75
232.224 | 237.144 | 2.36756502333e-08 | 2.25136834699e-10 | 2.22893775872e-09 | 6.90787669194e-11 |  76
237.144 | 242.064 | 2.29242056894e-08 | 2.19626985643e-10 | 2.26248582201e-09 | 6.89972002315e-11 |  77
242.064 | 246.984 | 2.21883830123e-08 | 2.13725919387e-10 | 2.27284722441e-09 | 6.84036824307e-11 |  78
246.984 | 251.904 | 2.18054258366e-08 | 2.09006571336e-10 | 2.25672478723e-09 | 6.72383375786e-11 |  79
251.904 | 256.824 | 2.14610325452e-08 | 2.06123413318e-10 | 2.24414643459e-09 | 6.66542116698e-11 |  80
256.824 | 261.744 | 2.08824017734e-08 | 2.02283369215e-10 | 2.24920963343e-09 | 6.63872897421e-11 |  81
261.744 | 266.664 | 2.05796433211e-08 | 1.99088882051e-10 | 2.26464133643e-09 | 6.60431568191e-11 |  82
266.664 | 271.584 | 2.02763129318e-08 |  1.9495246402e-10 | 2.32552543294e-09 | 6.60229252501e-11 |  83
271.584 | 276.504 | 1.97464149763e-08 | 1.88687028639e-10 | 2.27723224643e-09 | 6.40769107299e-11 |  84
276.504 | 280.932 | 1.97222968547e-08 | 1.96368372479e-10 | 2.27341744125e-09 | 6.66702940164e-11 |  85
280.932 | 285.852 | 1.90968436345e-08 |   1.824133604e-10 | 2.29478594062e-09 | 6.32334587925e-11 |  86
285.852 | 290.772 | 1.84159678364e-08 | 1.77566408892e-10 |   2.329442744e-09 | 6.31523555702e-11 |  87
290.772 | 295.692 | 1.82940635266e-08 | 1.73912651878e-10 | 2.29616149918e-09 |  6.1613701002e-11 |  88
295.692 | 300.612 |  1.8059152619e-08 |  1.7213866599e-10 | 2.30499993197e-09 | 6.14985985112e-11 |  89
300.612 | 305.532 | 1.76624689187e-08 | 1.68039017827e-10 | 2.30058552808e-09 | 6.06462056674e-11 |  90
305.532 |  309.96 | 1.74773209364e-08 | 1.74177322648e-10 | 2.26953476145e-09 | 6.27657288969e-11 |  91
 309.96 |  314.88 | 1.67000736256e-08 | 1.60047095303e-10 | 2.32708044373e-09 | 5.97439991863e-11 |  92
 314.88 |   319.8 | 1.64098072143e-08 | 1.59209364875e-10 |  2.2960681846e-09 | 5.95537690374e-11 |  93
  319.8 |  324.72 | 1.60427607607e-08 | 1.56693784372e-10 | 2.29072200737e-09 | 5.92104546169e-11 |  94
 324.72 |  329.64 | 1.56485741893e-08 | 1.52261022541e-10 |  2.2998413735e-09 | 5.83714249201e-11 |  95
 329.64 |  334.56 |  1.5282852553e-08 | 1.49387869773e-10 | 2.28683498819e-09 | 5.77870488742e-11 |  96
 334.56 |  339.48 | 1.50129397407e-08 | 1.49589649864e-10 | 2.29496079452e-09 | 5.84865923895e-11 |  97
 339.48 |   344.4 | 1.50382473571e-08 | 1.48709427884e-10 | 2.29218670902e-09 | 5.80583773076e-11 |  98
  344.4 |  349.32 |  1.4683133951e-08 | 1.45531056863e-10 | 2.27975606897e-09 | 5.73443323965e-11 |  99
 349.32 | 354.732 | 1.42384217751e-08 | 1.35909668593e-10 | 2.32414717552e-09 | 5.49099754813e-11 | 100
354.732 | 360.144 | 1.38925772654e-08 |  1.3264321377e-10 | 2.32682303849e-09 | 5.42844313411e-11 | 101
360.144 | 365.064 | 1.36539510506e-08 | 1.35428514849e-10 | 2.32687329664e-09 | 5.59071429124e-11 | 102
365.064 | 369.984 | 1.37718585826e-08 | 1.35448208407e-10 | 2.33786292185e-09 | 5.58067222945e-11 | 103
369.984 | 374.904 | 1.36011175763e-08 | 1.33925143717e-10 | 2.34210053755e-09 | 5.55747589991e-11 | 104
374.904 | 379.824 |  1.3299439213e-08 | 1.31897448864e-10 | 2.34145747013e-09 | 5.53430237846e-11 | 105
379.824 | 384.744 | 1.36542505299e-08 | 1.32892422303e-10 | 2.33345735653e-09 | 5.49371610757e-11 | 106
384.744 | 389.664 | 1.31648882049e-08 | 1.30672109087e-10 | 2.34105547304e-09 | 5.51036238015e-11 | 107
389.664 | 394.584 | 1.30205693121e-08 | 1.29749608836e-10 | 2.35133217628e-09 | 5.51376242845e-11 | 108
394.584 | 399.504 | 1.28648404202e-08 | 1.28114209452e-10 | 2.38251082874e-09 |  5.5133114464e-11 | 109
399.504 | 404.424 | 1.25589909379e-08 | 1.25009135851e-10 | 2.38891131791e-09 | 5.45210711069e-11 | 110
404.424 | 409.344 | 1.25621593633e-08 | 1.24305787517e-10 | 2.41231746979e-09 | 5.44723901484e-11 | 111
409.344 | 414.264 | 1.25929744513e-08 | 1.24984528663e-10 | 2.41540448155e-09 | 5.47377628663e-11 | 112
414.264 | 419.676 | 1.19543740812e-08 |  1.1643506303e-10 | 2.43700442323e-09 | 5.25712770044e-11 | 113
419.676 | 425.088 | 1.18286449224e-08 | 1.14135776478e-10 |  2.4365912395e-09 | 5.18018932306e-11 | 114
425.088 | 430.008 |  1.2177521166e-08 | 1.19576724799e-10 | 2.40696003794e-09 | 5.31620395006e-11 | 115
430.008 | 434.928 |  1.2102395515e-08 | 1.18715651145e-10 | 2.39696246453e-09 | 5.28327165113e-11 | 116
434.928 | 439.848 | 1.16473663171e-08 | 1.16185163936e-10 | 2.40170862528e-09 | 5.27590518447e-11 | 117
439.848 |  445.26 | 1.13943170373e-08 | 1.10027753055e-10 | 2.41352525912e-09 | 5.06388722748e-11 | 118
 445.26 | 450.672 | 1.12185434321e-08 | 1.10985103161e-10 | 2.44028201568e-09 | 5.17626452584e-11 | 119
450.672 | 456.084 |  1.1088746689e-08 | 1.10246546233e-10 |  2.4545807936e-09 | 5.18695430518e-11 | 120
456.084 | 461.496 | 1.11621977076e-08 | 1.09180082042e-10 | 2.47402364015e-09 | 5.14008710948e-11 | 121
461.496 | 466.908 | 1.06311424672e-08 | 1.05447316081e-10 | 2.49179943912e-09 | 5.10507485544e-11 | 122
466.908 |  472.32 | 1.04810105164e-08 | 1.04602429316e-10 | 2.49530645012e-09 | 5.10389986157e-11 | 123
 472.32 | 478.224 | 1.03766461825e-08 | 1.00499459452e-10 | 2.47940068914e-09 | 4.91256809829e-11 | 124
478.224 | 484.128 | 1.05100225812e-08 |  1.0397042649e-10 | 2.46588115181e-09 | 5.03609694297e-11 | 125
484.128 | 490.524 | 1.01765518725e-08 | 9.84897342043e-11 | 2.48948802614e-09 | 4.87130894349e-11 | 126
490.524 |  496.92 | 1.01346511689e-08 | 9.84111191341e-11 | 2.49943939977e-09 | 4.88721094269e-11 | 127
 496.92 | 503.316 | 1.01163853868e-08 | 9.92552611634e-11 |  2.4790890584e-09 |  4.9134542726e-11 | 128
503.316 | 509.712 | 1.01962519766e-08 | 1.00115540308e-10 | 2.48273889169e-09 | 4.94022499764e-11 | 129
509.712 |   516.6 | 9.67133354295e-09 | 9.48253981563e-11 | 2.47948380069e-09 | 4.80133651346e-11 | 130
  516.6 |  523.98 | 9.62688547285e-09 | 9.45688951493e-11 | 2.46855473978e-09 | 4.78880103933e-11 | 131
 523.98 | 531.852 | 9.44788862384e-09 | 9.14109526084e-11 | 2.45295557999e-09 | 4.65774474651e-11 | 132
531.852 |  538.74 | 9.68600638794e-09 | 9.65173336561e-11 | 2.45618922716e-09 | 4.86030869194e-11 | 133
 538.74 |  546.12 | 9.50310160913e-09 | 9.26149453459e-11 | 2.45639287963e-09 | 4.70865971175e-11 | 134
 546.12 |   553.5 |  9.5502403853e-09 | 9.45026734585e-11 | 2.46435798294e-09 | 4.80052607171e-11 | 135
  553.5 | 561.372 | 9.39849921839e-09 | 9.33463954798e-11 | 2.46865351815e-09 | 4.78407914988e-11 | 136
561.372 | 569.736 | 9.57736753031e-09 | 9.40546724176e-11 | 2.42935795035e-09 | 4.73699634049e-11 | 137
569.736 |   578.1 |  9.7386122553e-09 | 9.66181542279e-11 | 2.42841538738e-09 | 4.82471542334e-11 | 138
  578.1 | 586.464 | 9.68624639802e-09 | 9.59335668444e-11 | 2.47453654037e-09 | 4.84886134582e-11 | 139
586.464 | 594.828 | 9.82192124482e-09 | 9.66882353479e-11 | 2.42884284243e-09 | 4.80811789633e-11 | 140
594.828 | 603.192 | 9.93729564368e-09 | 9.80197835011e-11 |  2.4248569481e-09 | 4.84197686556e-11 | 141
603.192 | 611.556 | 9.77889196122e-09 | 9.69425911768e-11 | 2.42145986875e-09 | 4.82401265887e-11 | 142
611.556 | 620.412 | 9.72878865772e-09 | 9.52470388002e-11 | 2.42809042918e-09 | 4.75832966391e-11 | 143
620.412 | 629.268 | 9.92812581357e-09 |  9.8832157868e-11 | 2.44970248782e-09 | 4.90931964232e-11 | 144
629.268 | 638.616 | 1.02445168596e-08 | 9.98424153914e-11 | 2.46458362785e-09 | 4.89712434788e-11 | 145
638.616 | 648.456 |  9.6985699894e-09 | 9.60663929711e-11 | 2.46900703057e-09 | 4.84706462494e-11 | 146
648.456 | 659.772 |  9.2908400947e-09 | 9.14492322586e-11 | 2.45585100084e-09 | 4.70168559072e-11 | 147
659.772 | 673.056 | 8.81517199648e-09 |  8.6548871468e-11 | 2.45168190992e-09 |  4.5643409611e-11 | 148
673.056 | 687.816 | 8.92892505288e-09 | 8.78740447776e-11 | 2.53676483507e-09 | 4.68383016585e-11 | 149
687.816 |  703.56 | 8.85606448644e-09 | 8.76901786503e-11 | 2.59223717529e-09 | 4.74425412945e-11 | 150
 703.56 | 719.796 | 8.70397153615e-09 | 8.70214164437e-11 | 2.67952748477e-09 | 4.82832541488e-11 | 151
719.796 | 736.524 | 8.88256745207e-09 |  8.8714629811e-11 | 2.74047035003e-09 | 4.92763507734e-11 | 152
736.524 | 758.172 | 8.05888809498e-09 | 8.00558912262e-11 | 2.81874118559e-09 |  4.7346003307e-11 | 153
758.172 | 782.772 |  7.8688071246e-09 | 7.84040722324e-11 | 2.87987363525e-09 |  4.7431940124e-11 | 154
782.772 | 809.832 | 7.50846753857e-09 | 7.47065548955e-11 | 2.88588791723e-09 | 4.63151187417e-11 | 155
809.832 | 840.828 | 6.93826020201e-09 | 6.91868114661e-11 | 2.89027564079e-09 |  4.4654747466e-11 | 156
840.828 | 876.252 | 6.12020889569e-09 | 6.10653815796e-11 | 2.90763800661e-09 | 4.20903119669e-11 | 157
876.252 | 922.008 | 4.69943362893e-09 | 4.67630407916e-11 | 2.92590820171e-09 | 3.68986362298e-11 | 158
922.008 | 973.668 | 3.87676335249e-09 | 3.87434623445e-11 | 2.92350821243e-09 | 3.36446435726e-11 | 159
973.668 | 1038.12 | 2.92728570538e-09 | 2.92556215987e-11 | 2.87682720034e-09 | 2.90023824363e-11 | 160
1038.12 |1115.364 | 2.31747654486e-09 | 2.31404249126e-11 | 2.89411226363e-09 | 2.58595717223e-11 | 161
115.364 |1252.632 | 1.49576806886e-09 |  1.4951242382e-11 | 2.84674577009e-09 |  2.0626211902e-11 | 162
252.632 |2381.772 | 8.67606926313e-10 | 1.11328906736e-11 | 3.18815933351e-09 | 2.13410824704e-11 | 163
    0.0 |   0.492 |  5.4792076276e-05 | 4.82552075123e-07 | 8.63261947518e-10 | 1.91538732971e-09 | 164
  0.492 |   0.984 | 6.61564152312e-05 | 4.32179923404e-07 | 1.99950593384e-09 | 2.37596458177e-09 | 165
  0.984 |   1.476 | 3.98290047004e-05 |  2.6034622944e-07 | 2.83123246268e-09 | 2.19502427303e-09 | 166
  1.476 |    2.46 | 9.36895142226e-06 |  7.2413965474e-08 | 2.62976707194e-09 | 1.21320858467e-09 | 167
   2.46 |   3.444 | 4.63744299243e-06 | 4.41606556274e-08 | 2.21629884953e-09 |  9.6540687116e-10 | 168
  3.444 |    4.92 | 2.52727429636e-06 | 2.16273626205e-08 | 2.74167386659e-09 | 7.12336623554e-10 | 169
   4.92 |   6.396 | 1.95246767718e-06 | 1.67242976995e-08 | 2.54310189478e-09 |  6.0358414445e-10 | 170
  6.396 |    7.38 | 1.88375773399e-06 | 1.86969200283e-08 | 2.77859382673e-09 | 7.18075432602e-10 | 171
   7.38 |   8.364 | 1.83114541614e-06 | 1.65648440923e-08 | 2.24834826431e-09 | 5.80440511095e-10 | 172
  8.364 |   9.348 | 1.82214680967e-06 | 1.60398900268e-08 | 2.23424837936e-09 | 5.61662504871e-10 | 173
  9.348 |  10.332 | 1.84062818778e-06 |  1.5247575162e-08 | 2.60409751831e-09 | 5.73517076228e-10 | 174
 10.332 |  11.316 | 1.80856039174e-06 | 1.43782524599e-08 | 2.20356589617e-09 | 5.01883151042e-10 | 175
 11.316 |    12.3 | 1.73535383558e-06 | 1.35544960167e-08 | 2.41956245913e-09 |  5.0612499628e-10 | 176
   12.3 |  13.284 | 1.75606053527e-06 | 1.30976121983e-08 |  2.5333525094e-09 | 4.97473802977e-10 | 177
 13.284 |  14.268 | 1.67890439016e-06 | 1.23091099799e-08 | 2.28585543086e-09 | 4.54190511663e-10 | 178
 14.268 |   14.76 | 1.71997312284e-06 | 1.67376963843e-08 | 2.49083953035e-09 | 6.36953496352e-10 | 179
  14.76 |  15.744 | 1.67171701306e-06 | 1.17802917749e-08 | 2.58449136147e-09 | 4.63193250141e-10 | 180
 15.744 |  16.236 | 1.61243784263e-06 | 1.58582156243e-08 | 2.57432809425e-09 | 6.33643188969e-10 | 181
 16.236 |  16.728 | 1.62900948347e-06 | 1.54819707092e-08 | 2.61892113478e-09 | 6.20762778703e-10 | 182
 16.728 |   17.22 | 1.61057422793e-06 | 1.50112669077e-08 | 2.18769836423e-09 | 5.53249080986e-10 | 183
  17.22 |  17.712 | 1.55746895087e-06 | 1.51710553118e-08 | 2.33631861355e-09 | 5.87586943835e-10 | 184
 17.712 |  18.204 | 1.54397177594e-06 | 1.43024560185e-08 | 2.44727844861e-09 | 5.69419875603e-10 | 185
 18.204 |  18.696 | 1.56674923245e-06 | 1.46434161491e-08 | 2.24532386145e-09 | 5.54347554431e-10 | 186
 18.696 |  19.188 | 1.51066948167e-06 | 1.38972705575e-08 | 2.65223212585e-09 | 5.82305060491e-10 | 187
 19.188 |   19.68 | 1.52744445627e-06 | 1.38246416933e-08 | 2.45269004461e-09 | 5.53977998088e-10 | 188
  19.68 |  20.172 | 1.47071060874e-06 | 1.35466114653e-08 | 2.40511550096e-09 | 5.47816422328e-10 | 189
 20.172 |  20.664 | 1.46041097314e-06 | 1.28523666938e-08 |  2.0681253017e-09 | 4.83653137503e-10 | 190
 20.664 |  21.156 | 1.43119077584e-06 | 1.30753326529e-08 | 2.52005044399e-09 | 5.48666693343e-10 | 191
 21.156 |  21.648 | 1.39905029265e-06 | 1.27451264894e-08 | 2.58230179024e-09 | 5.47559064348e-10 | 192
 21.648 |   22.14 | 1.40055257902e-06 | 1.25493579648e-08 | 2.43488012665e-09 | 5.23251636853e-10 | 193
  22.14 |  22.632 | 1.33941809079e-06 | 1.22095492954e-08 | 2.37725110657e-09 | 5.14374112338e-10 | 194
 22.632 |  23.124 | 1.34215678885e-06 | 1.17035306749e-08 | 2.61059343947e-09 | 5.16160648341e-10 | 195
 23.124 |  23.616 | 1.26166557762e-06 |  1.1652823942e-08 | 2.40444916541e-09 |  5.0870598877e-10 | 196
 23.616 |  24.108 | 1.24147542537e-06 | 1.11718505375e-08 | 2.32884394409e-09 | 4.83867291159e-10 | 197
 24.108 |    24.6 | 1.19753022717e-06 | 1.10422249011e-08 | 2.19691422965e-09 | 4.72955084503e-10 | 198
   24.6 |  25.092 | 1.16324334179e-06 | 1.06464697136e-08 | 2.14794239667e-09 | 4.57490061831e-10 | 199
 25.092 |  25.584 | 1.14444648016e-06 | 1.04504200197e-08 | 2.20639344211e-09 | 4.58857117816e-10 | 200
 25.584 |  26.076 | 1.10162076098e-06 | 1.03629574215e-08 | 2.68331597309e-09 | 5.11450459394e-10 | 201
 26.076 |  26.568 |  1.0940968358e-06 | 9.94146097552e-09 | 2.36068448899e-09 | 4.61786570928e-10 | 202
 26.568 |   27.06 | 1.06697620178e-06 | 9.93835456917e-09 | 2.49472085449e-09 | 4.80560518105e-10 | 203
  27.06 |  27.552 | 1.02416835058e-06 | 9.58440241549e-09 | 2.45811745924e-09 | 4.69548748428e-10 | 204
 27.552 |  28.044 | 1.00503155619e-06 | 9.33187026676e-09 | 2.59594921827e-09 | 4.74271418778e-10 | 205
 28.044 |  28.536 | 9.61277064941e-07 | 9.07176217199e-09 | 2.62850209855e-09 | 4.74374709864e-10 | 206
 28.536 |  29.028 | 9.69489485115e-07 | 8.93293116021e-09 | 2.32719168634e-09 | 4.37661671503e-10 | 207
 29.028 |   29.52 | 9.17053507845e-07 | 8.78713629925e-09 | 2.30100768326e-09 | 4.40158468453e-10 | 208
  29.52 |  30.012 | 8.74061127334e-07 | 8.40767369681e-09 | 2.53382615604e-09 | 4.52682142709e-10 | 209
 30.012 |  30.504 | 8.37759497365e-07 | 8.26336359422e-09 | 2.25073166262e-09 |  4.2831082969e-10 | 210
 30.504 |  30.996 | 8.18972385968e-07 | 8.06425530802e-09 | 2.49407459175e-09 | 4.45024940704e-10 | 211
 30.996 |  31.488 | 8.12602684669e-07 | 7.88100855323e-09 | 2.48703722422e-09 | 4.35997312825e-10 | 212
 31.488 |  32.472 | 7.42872137054e-07 | 5.29195946631e-09 | 2.19220194761e-09 | 2.87474780139e-10 | 213
 32.472 |  33.456 | 7.06223725723e-07 | 5.08560185356e-09 | 2.41249576053e-09 | 2.97238089742e-10 | 214
 33.456 |   34.44 | 6.50540128774e-07 | 4.86140626808e-09 | 2.50434506619e-09 |  3.0162819379e-10 | 215
  34.44 |  35.424 | 6.35540568981e-07 | 4.68124899297e-09 | 2.63437084575e-09 | 3.01389792932e-10 | 216
 35.424 |  36.408 | 6.00612995501e-07 | 4.49137068828e-09 | 2.53094232523e-09 |  2.9155645257e-10 | 217
 36.408 |  37.392 | 5.83113595752e-07 | 4.39811767408e-09 | 2.35108565599e-09 | 2.79270128679e-10 | 218
 37.392 |  38.376 |  5.5372764146e-07 | 4.20132505225e-09 | 2.58834702027e-09 |  2.8724298429e-10 | 219
 38.376 |   39.36 | 5.32841214043e-07 | 4.10624324859e-09 |  2.4171754627e-09 | 2.76566693525e-10 | 220
  39.36 |  40.344 | 5.18516525145e-07 | 3.98182220485e-09 | 2.73719086936e-09 | 2.89303119697e-10 | 221
 40.344 |  41.328 | 4.98084390224e-07 | 3.83440365463e-09 |  2.3703559727e-09 | 2.64516736519e-10 | 222
 41.328 |  42.312 | 4.68097406021e-07 |  3.6639000975e-09 | 2.42480329716e-09 | 2.63702208472e-10 | 223
 42.312 |  43.296 | 4.32918162466e-07 | 3.49313171341e-09 | 2.48993226221e-09 | 2.64914553905e-10 | 224
 43.296 |   44.28 | 4.08293817733e-07 | 3.32596194221e-09 | 2.41339777619e-09 | 2.55708583048e-10 | 225
  44.28 |  45.264 | 3.85470578053e-07 | 3.21656088793e-09 | 2.42983641917e-09 | 2.55378700446e-10 | 226
 45.264 |  46.248 | 3.70342083747e-07 |  3.1136518422e-09 | 2.45932359114e-09 | 2.53732648217e-10 | 227
 46.248 |  47.232 | 3.57601028055e-07 | 3.00422589929e-09 | 2.40327885219e-09 | 2.46283494894e-10 | 228
 47.232 |  48.216 | 3.34866300185e-07 | 2.86556438685e-09 | 2.42842337618e-09 | 2.44026309729e-10 | 229
 48.216 |    49.2 | 3.20856444537e-07 | 2.79257633943e-09 | 2.32997587443e-09 | 2.37971743789e-10 | 230
   49.2 |  50.184 | 3.06668233347e-07 | 2.68436841103e-09 |  2.4134969498e-09 | 2.38139325395e-10 | 231
 50.184 |  51.168 | 2.91002401142e-07 | 2.60141331981e-09 | 2.59583591361e-09 | 2.45696916725e-10 | 232
 51.168 |  52.152 | 2.75942656774e-07 | 2.49919203441e-09 | 2.51297789187e-09 | 2.38497883258e-10 | 233
 52.152 |  53.136 | 2.60078208709e-07 | 2.42799826578e-09 | 2.47288550328e-09 | 2.36754583391e-10 | 234
 53.136 |   54.12 | 2.36581388459e-07 | 2.30526481721e-09 | 2.39877056301e-09 |  2.3212659492e-10 | 235
  54.12 |  55.104 | 2.25654881741e-07 | 2.24955956847e-09 | 2.28213452097e-09 | 2.26227679786e-10 | 236
 55.104 |   56.58 | 2.08020598882e-07 | 1.74680653949e-09 | 2.30987697563e-09 | 1.84071287841e-10 | 237
  56.58 |  58.056 | 1.97420092675e-07 | 1.68754487486e-09 |  2.4255219488e-09 | 1.87051962861e-10 | 238
 58.056 |  59.532 | 1.87263262748e-07 |  1.6142192165e-09 | 2.42127522401e-09 | 1.83551649679e-10 | 239
 59.532 |  61.008 | 1.75921152221e-07 | 1.53762566372e-09 | 2.44791005934e-09 | 1.81379971835e-10 | 240
 61.008 |  62.484 | 1.66590899113e-07 | 1.46977242945e-09 | 2.47652094233e-09 | 1.79203082534e-10 | 241
 62.484 |   63.96 | 1.55870497001e-07 | 1.38581025877e-09 | 2.39189301718e-09 | 1.71669316473e-10 | 242
  63.96 |  65.436 | 1.43433993074e-07 | 1.31090632079e-09 | 2.48196817463e-09 | 1.72442265824e-10 | 243
 65.436 |  66.912 |  1.3698839599e-07 | 1.26724393498e-09 | 2.39740861405e-09 | 1.67644518993e-10 | 244
 66.912 |  68.388 | 1.32007080147e-07 | 1.23269034136e-09 | 2.50972233827e-09 | 1.69968407625e-10 | 245
 68.388 |  69.864 | 1.27650189995e-07 | 1.20468361117e-09 | 2.48007195641e-09 | 1.67916904501e-10 | 246
 69.864 |   71.34 |  1.2354673896e-07 | 1.17219878551e-09 | 2.38427320781e-09 | 1.62840948156e-10 | 247
  71.34 |  72.816 | 1.15892548502e-07 | 1.12235464428e-09 | 2.43147009891e-09 | 1.62568654742e-10 | 248
 72.816 |  74.292 | 1.11501527395e-07 | 1.09305455983e-09 |   2.369564092e-09 | 1.59343981826e-10 | 249
 74.292 |  75.768 | 1.07661260666e-07 | 1.06488788726e-09 |  2.4498166946e-09 | 1.60635283038e-10 | 250
 75.768 |  77.244 | 1.06174823931e-07 | 1.04562339069e-09 | 2.37044405016e-09 | 1.56235373304e-10 | 251
 77.244 |  79.212 | 9.91757964756e-08 | 8.65161726727e-10 | 2.45551143122e-09 | 1.36133633886e-10 | 252
 79.212 |   81.18 | 9.47428683606e-08 | 8.34444931668e-10 | 2.36406610631e-09 | 1.31811778416e-10 | 253
  81.18 |  83.148 | 9.23002537422e-08 |  8.1536558477e-10 | 2.35903271269e-09 |  1.3035206711e-10 | 254
 83.148 |  85.116 | 8.60533940584e-08 |  7.7505746682e-10 | 2.43409238666e-09 | 1.30352220857e-10 | 255
 85.116 |  87.084 | 8.29853481266e-08 | 7.52626443137e-10 | 2.29698600238e-09 | 1.25215453628e-10 | 256
 87.084 |  89.052 |  8.0994690938e-08 | 7.33642855573e-10 | 2.36360082127e-09 | 1.25326660333e-10 | 257
 89.052 |   91.02 | 7.88577159868e-08 | 7.14441382288e-10 | 2.36885422719e-09 | 1.23826517881e-10 | 258
  91.02 |  92.988 | 7.65992848542e-08 | 6.95991243761e-10 | 2.48070998615e-09 | 1.25250479411e-10 | 259
 92.988 |  94.956 | 7.32926115383e-08 | 6.76784615918e-10 | 2.40676905038e-09 |  1.2264153946e-10 | 260
 94.956 |  96.924 | 7.11404163977e-08 | 6.60985599558e-10 | 2.43360701006e-09 | 1.22252852936e-10 | 261
 96.924 |  98.892 | 6.75047557073e-08 | 6.38798726997e-10 | 2.44153525359e-09 | 1.21486597894e-10 | 262
 98.892 |  100.86 | 6.58824935382e-08 | 6.25657216333e-10 | 2.42801918805e-09 | 1.20109538295e-10 | 263
 100.86 | 102.828 | 6.37962659904e-08 | 6.05019902714e-10 | 2.34891266375e-09 | 1.16092853577e-10 | 264
102.828 | 104.796 | 6.32503993568e-08 | 5.92535341028e-10 | 2.38372102539e-09 | 1.15029795579e-10 | 265
104.796 | 106.764 |  6.0979785418e-08 | 5.76928664959e-10 | 2.40757726369e-09 | 1.14635542452e-10 | 266
106.764 | 108.732 | 5.87084131053e-08 | 5.61256277426e-10 | 2.35264142744e-09 | 1.12354098566e-10 | 267
108.732 |   110.7 | 5.75485455047e-08 | 5.53078262769e-10 | 2.40955889867e-09 |  1.1317179465e-10 | 268
  110.7 | 112.668 | 5.53836545229e-08 | 5.37584604723e-10 | 2.36499723428e-09 | 1.11089071255e-10 | 269
112.668 | 114.636 | 5.37096029616e-08 | 5.26068857811e-10 | 2.37217614357e-09 | 1.10557981172e-10 | 270
114.636 | 116.604 | 5.28086732367e-08 |  5.2013746148e-10 | 2.37713156609e-09 | 1.10355024327e-10 | 271
116.604 | 118.572 | 5.11266276627e-08 | 5.07860475044e-10 | 2.38328250054e-09 | 1.09649995369e-10 | 272
118.572 | 121.032 |  4.8321809542e-08 | 4.38210786624e-10 | 2.34215502613e-09 | 9.64760012717e-11 | 273
121.032 | 123.492 | 4.72909438289e-08 | 4.30338842045e-10 | 2.33266388339e-09 | 9.55757312691e-11 | 274
123.492 | 125.952 | 4.53182481793e-08 | 4.16893247992e-10 |   2.413397724e-09 |  9.6206131445e-11 | 275
125.952 | 128.412 | 4.34013924462e-08 | 4.04444308021e-10 | 2.34920286421e-09 | 9.40951338376e-11 | 276
128.412 | 130.872 | 4.18297291283e-08 | 3.92924042625e-10 | 2.35402984853e-09 | 9.32120518156e-11 | 277
130.872 | 133.332 | 4.00815042531e-08 | 3.78617685873e-10 | 2.32502100661e-09 | 9.11889772795e-11 | 278
133.332 | 135.792 | 3.83083020113e-08 | 3.66406728692e-10 | 2.27453274765e-09 |  8.9281833864e-11 | 279
135.792 | 138.252 | 3.68005271044e-08 |  3.5527649141e-10 | 2.32753206411e-09 | 8.93485041239e-11 | 280
138.252 | 140.712 | 3.61825401043e-08 |  3.4875431966e-10 | 2.30388941493e-09 | 8.80036925226e-11 | 281
140.712 | 143.172 | 3.49683351578e-08 | 3.39269078243e-10 | 2.28984498471e-09 | 8.68180123658e-11 | 282
143.172 | 145.632 | 3.35510201181e-08 | 3.28335533308e-10 | 2.29480042654e-09 | 8.58692108194e-11 | 283
145.632 | 148.092 | 3.20565677737e-08 | 3.18602950022e-10 | 2.30336789436e-09 | 8.54029609958e-11 | 284
148.092 | 151.044 | 3.07355582968e-08 | 2.82338395069e-10 | 2.33252303933e-09 | 7.77790022965e-11 | 285
151.044 | 153.996 | 2.96254978884e-08 | 2.74617317709e-10 | 2.32433691816e-09 | 7.69209501374e-11 | 286
153.996 | 156.948 | 2.84320830548e-08 | 2.68995490735e-10 | 2.35430927922e-09 | 7.74056073507e-11 | 287
156.948 |   159.9 | 2.74191698978e-08 | 2.63733936595e-10 |  2.3496170302e-09 | 7.72035720046e-11 | 288
  159.9 | 162.852 | 2.63528963994e-08 | 2.56254241393e-10 | 2.28542110032e-09 | 7.54640319965e-11 | 289
162.852 | 165.804 | 2.54450428498e-08 | 2.49405611279e-10 | 2.29393499419e-09 | 7.48850596705e-11 | 290
165.804 | 168.756 | 2.49980156433e-08 | 2.44286693458e-10 | 2.29038554042e-09 | 7.39437279725e-11 | 291
168.756 | 171.708 | 2.41399577139e-08 | 2.37795796281e-10 | 2.25952535383e-09 | 7.27519325618e-11 | 292
171.708 |  174.66 | 2.35391940067e-08 | 2.31319778957e-10 | 2.24322360606e-09 | 7.14090496451e-11 | 293
 174.66 | 177.612 | 2.27921443279e-08 |  2.2397849685e-10 | 2.26227950105e-09 | 7.05645973391e-11 | 294
177.612 | 180.564 | 2.19801583585e-08 |  2.1763128897e-10 | 2.27454034673e-09 | 7.00088209792e-11 | 295
180.564 | 184.008 | 2.12391425748e-08 |  1.9762220629e-10 | 2.26807613647e-09 | 6.45797079462e-11 | 296
184.008 | 187.452 | 2.08080731709e-08 | 1.94498186412e-10 | 2.23718028523e-09 | 6.37749484547e-11 | 297
187.452 | 190.896 | 2.04568625285e-08 | 1.91094146435e-10 | 2.28672845794e-09 | 6.38903370714e-11 | 298
190.896 |  194.34 | 1.97609841584e-08 | 1.85109886424e-10 | 2.27303835012e-09 | 6.27810687285e-11 | 299
 194.34 | 197.784 | 1.90951023311e-08 | 1.81198234994e-10 | 2.27748722666e-09 | 6.25778918073e-11 | 300
197.784 | 201.228 | 1.89166530201e-08 | 1.80010199506e-10 | 2.23852250113e-09 | 6.19235266496e-11 | 301
201.228 | 204.672 | 1.87663766267e-08 | 1.79342366735e-10 | 2.29059076697e-09 | 6.26565414055e-11 | 302
204.672 | 208.116 | 1.74164546328e-08 | 1.72267104225e-10 | 2.30964035168e-09 | 6.27328000068e-11 | 303
208.116 |  211.56 | 1.71985029099e-08 | 1.70749152525e-10 | 2.29316110588e-09 | 6.23491478911e-11 | 304
 211.56 | 215.496 | 1.63064197873e-08 | 1.55050179641e-10 |  2.2992534316e-09 | 5.82219007959e-11 | 305
215.496 | 219.432 | 1.63239115212e-08 | 1.53344068626e-10 |  2.2511828601e-09 | 5.69456105053e-11 | 306
219.432 | 223.368 | 1.57371692608e-08 | 1.47481619266e-10 | 2.29134122613e-09 | 5.62755163221e-11 | 307
223.368 | 227.304 | 1.50116071125e-08 | 1.41055241581e-10 |  2.3035900248e-09 | 5.52558446418e-11 | 308
227.304 |  231.24 | 1.45631568559e-08 | 1.37058840565e-10 | 2.31012141859e-09 | 5.45879368545e-11 | 309
 231.24 | 235.176 | 1.42161424457e-08 | 1.34548153189e-10 | 2.30147065916e-09 | 5.41364269902e-11 | 310
235.176 | 239.112 | 1.35669024461e-08 | 1.30470782912e-10 |  2.3127998161e-09 | 5.38693776547e-11 | 311
239.112 | 243.048 | 1.30967791112e-08 | 1.27606624529e-10 |  2.2967269403e-09 | 5.34374403247e-11 | 312
243.048 | 246.984 |  1.2737527071e-08 | 1.25332327669e-10 | 2.32380857664e-09 |  5.3532894168e-11 | 313
246.984 |  250.92 | 1.22429230712e-08 | 1.21730148512e-10 | 2.31275154277e-09 | 5.29078440899e-11 | 314
 250.92 | 255.348 | 1.18024123844e-08 | 1.11952750622e-10 | 2.30541985094e-09 | 4.94793960766e-11 | 315
255.348 | 259.776 | 1.15646955036e-08 | 1.09938282863e-10 |  2.3039618872e-09 | 4.90703870448e-11 | 316
259.776 | 264.204 | 1.11663914879e-08 | 1.07795923346e-10 | 2.30754837542e-09 | 4.90028483779e-11 | 317
264.204 | 268.632 | 1.09994172845e-08 | 1.06630426654e-10 | 2.29699803648e-09 | 4.87277810882e-11 | 318
268.632 |  273.06 | 1.05549945138e-08 | 1.04842575866e-10 |  2.2656731153e-09 |   4.857438254e-11 | 319
 273.06 | 277.488 | 1.05055520089e-08 | 1.04940778222e-10 | 2.28952928524e-09 | 4.89900554345e-11 | 320
277.488 | 282.408 | 1.01001568254e-08 | 9.59944420931e-11 | 2.28597869594e-09 | 4.56686438655e-11 | 321
282.408 | 287.328 | 9.74320637684e-09 | 9.35666648126e-11 | 2.27933895195e-09 | 4.52558414521e-11 | 322
287.328 | 292.248 | 9.65532591705e-09 | 9.26845604816e-11 | 2.30325084984e-09 | 4.52683369704e-11 | 323
292.248 | 297.168 | 9.05565758742e-09 | 8.85983049621e-11 | 2.31014281342e-09 | 4.47491544026e-11 | 324
297.168 | 302.088 | 8.90454226839e-09 | 8.69355276681e-11 | 2.27527743544e-09 |  4.3944919898e-11 | 325
302.088 | 307.008 | 8.73744477086e-09 |  8.6965911649e-11 | 2.31444990917e-09 | 4.47590365235e-11 | 326
307.008 | 311.928 | 8.61536048577e-09 | 8.61353240704e-11 | 2.26896784887e-09 | 4.42037110597e-11 | 327
311.928 |  317.34 | 8.37071514335e-09 | 8.03239890425e-11 | 2.26906860529e-09 | 4.18203642445e-11 | 328
 317.34 | 322.752 | 8.06775585105e-09 | 7.78718170063e-11 | 2.25671798393e-09 | 4.11853336201e-11 | 329
322.752 | 328.164 | 7.71657524288e-09 | 7.52403058763e-11 | 2.27471550362e-09 | 4.08509162939e-11 | 330
328.164 | 333.576 | 7.43254170621e-09 | 7.39133082534e-11 | 2.30152150883e-09 | 4.11302640156e-11 | 331
333.576 | 338.988 | 7.19932407426e-09 | 7.18143449831e-11 | 2.29959368955e-09 | 4.05873697207e-11 | 332
338.988 | 344.892 | 7.06740124512e-09 |  6.7712250853e-11 | 2.28298104235e-09 | 3.84847363842e-11 | 333
344.892 | 350.796 | 6.96161461807e-09 | 6.75227231566e-11 | 2.30684591244e-09 | 3.88690780488e-11 | 334
350.796 | 357.192 | 6.55627040472e-09 | 6.33159635245e-11 | 2.29647645073e-09 | 3.74727700375e-11 | 335
357.192 | 363.588 | 6.53057480587e-09 | 6.30115762637e-11 | 2.28452618949e-09 | 3.72685693344e-11 | 336
363.588 | 369.984 | 6.23685000198e-09 | 6.11222910925e-11 | 2.28765715432e-09 | 3.70179570906e-11 | 337
369.984 | 376.872 | 5.99462640448e-09 | 5.78273692542e-11 | 2.30259397467e-09 | 3.58394278714e-11 | 338
376.872 |  383.76 | 5.78587565052e-09 | 5.65506766554e-11 |  2.2833084595e-09 | 3.55251212787e-11 | 339
 383.76 |  391.14 | 5.40377115685e-09 | 5.25570388643e-11 | 2.28626194491e-09 | 3.41857741386e-11 | 340
 391.14 |  398.52 | 5.26874852363e-09 | 5.11959944021e-11 | 2.29772690251e-09 | 3.38089328133e-11 | 341
 398.52 |   405.9 | 5.07071729881e-09 | 4.98757047056e-11 | 2.30955111682e-09 | 3.36603118936e-11 | 342
  405.9 |  413.28 |   4.862537471e-09 | 4.85202319487e-11 | 2.31164247875e-09 | 3.34542811677e-11 | 343
 413.28 | 421.152 | 4.68484657617e-09 | 4.59637182647e-11 | 2.34015859539e-09 | 3.24855413869e-11 | 344
421.152 | 429.024 | 4.58960403585e-09 | 4.56345557034e-11 | 2.34680618315e-09 | 3.26320851281e-11 | 345
429.024 | 437.388 | 4.28400863706e-09 | 4.26241801939e-11 | 2.35009223186e-09 | 3.15699087785e-11 | 346
437.388 | 445.752 | 4.28788910643e-09 | 4.27985644932e-11 | 2.37105265171e-09 | 3.18257045275e-11 | 347
445.752 | 454.608 | 4.07602847049e-09 | 4.03291898009e-11 | 2.38221573928e-09 |  3.0831272699e-11 | 348
454.608 | 463.464 | 4.02194136637e-09 | 4.00705739466e-11 | 2.38278887322e-09 |  3.0842563285e-11 | 349
463.464 | 473.796 | 3.61246575212e-09 | 3.53686220459e-11 | 2.42049723285e-09 | 2.89513337177e-11 | 350
473.796 | 485.112 | 3.36853881328e-09 | 3.30255583649e-11 | 2.40748947401e-09 | 2.79197532075e-11 | 351
485.112 |  496.92 | 3.24741132888e-09 | 3.23579563712e-11 | 2.43205467471e-09 | 2.80026485269e-11 | 352
 496.92 | 510.204 | 3.09903179187e-09 | 3.05405267969e-11 | 2.44548601856e-09 | 2.71297699462e-11 | 353
510.204 | 524.472 | 3.03231390945e-09 | 3.03131010219e-11 | 2.45435853001e-09 | 2.72717054003e-11 | 354
524.472 |   541.2 | 2.85512514953e-09 | 2.83705245195e-11 |  2.4427995934e-09 | 2.62421076266e-11 | 355
  541.2 | 559.896 | 2.72703893371e-09 | 2.71352247459e-11 | 2.40418139514e-09 | 2.54783546383e-11 | 356
559.896 | 584.004 | 2.42908849525e-09 | 2.41615316841e-11 | 2.37964931995e-09 | 2.39143879523e-11 | 357
584.004 | 613.524 | 2.26116152513e-09 |  2.2477875733e-11 | 2.38255885262e-09 | 2.30733842742e-11 | 358
613.524 | 654.852 | 2.14442603248e-09 | 2.14255942927e-11 | 2.40776092629e-09 |  2.2703040337e-11 | 359
654.852 |   750.3 | 1.76456280845e-09 | 1.76315577237e-11 | 2.48231139982e-09 | 2.09122256603e-11 | 360
  750.3 | 946.608 | 1.02631221317e-09 | 1.02629046486e-11 | 2.82589004302e-09 | 1.70297467445e-11 | 361
946.608 |1247.712 |  7.2540309933e-10 | 7.25201572285e-12 | 3.00762836915e-09 |   1.476662121e-11 | 362
247.712 |2381.772 | 5.42097081672e-10 | 1.82536973796e-11 | 3.20109295908e-09 | 4.43569256192e-11 | 363
    0.0 |   1.968 | 2.02049500195e-05 |  1.9296600704e-07 | 2.54426907349e-09 | 2.16537665104e-09 | 364
  1.968 |    4.92 | 3.12351020796e-06 | 2.98163011205e-08 | 3.03437164548e-09 | 9.29323035358e-10 | 365
   4.92 |   7.872 | 1.80264697304e-06 | 1.67128876849e-08 |  2.5236858998e-09 | 6.25336502996e-10 | 366
  7.872 |    9.84 | 1.62860344511e-06 | 1.60433673763e-08 | 2.24403425335e-09 | 5.95528543539e-10 | 367
   9.84 |  11.808 | 1.60633062613e-06 | 1.45771336038e-08 | 2.77929897776e-09 | 6.06348459585e-10 | 368
 11.808 |  13.284 | 1.54034378048e-06 | 1.53785092316e-08 | 2.69526320175e-09 | 6.43288835095e-10 | 369
 13.284 |   14.76 |  1.5023219566e-06 | 1.44110677788e-08 | 2.26681731034e-09 | 5.59787164068e-10 | 370
  14.76 |  16.236 | 1.44434372141e-06 | 1.33510107565e-08 | 2.29271594263e-09 | 5.31929378065e-10 | 371
 16.236 |  17.712 |  1.3630862747e-06 | 1.22773019946e-08 | 2.26375917723e-09 | 5.00329793054e-10 | 372
 17.712 |  19.188 | 1.29164027276e-06 | 1.15635467909e-08 |  2.4081222848e-09 | 4.99297649725e-10 | 373
 19.188 |  20.664 | 1.25326304734e-06 | 1.10779373309e-08 | 2.37718953211e-09 | 4.82469315648e-10 | 374
 20.664 |   22.14 | 1.25439478747e-06 | 1.05905495086e-08 | 2.48969093834e-09 | 4.71817561933e-10 | 375
  22.14 |  23.616 | 1.19803224996e-06 | 1.01628707788e-08 | 2.46022501138e-09 | 4.60542355554e-10 | 376
 23.616 |  25.092 | 1.16332460066e-06 | 9.68274603917e-09 | 2.36957745261e-09 | 4.37002096619e-10 | 377
 25.092 |  26.568 |   1.117553782e-06 | 9.24747074741e-09 | 2.47587274577e-09 | 4.35264155129e-10 | 378
 26.568 |  28.044 | 1.06750198826e-06 | 8.80026792907e-09 | 2.43016497733e-09 | 4.19884114082e-10 | 379
 28.044 |   29.52 | 9.94483906257e-07 | 8.34322129079e-09 | 2.39123229591e-09 | 4.09115338908e-10 | 380
  29.52 |  30.996 | 9.35232906971e-07 | 7.82459537515e-09 | 2.34565679214e-09 | 3.91862987641e-10 | 381
 30.996 |  32.472 | 8.37925197915e-07 | 7.31551619669e-09 | 2.45264217827e-09 | 3.95785108165e-10 | 382
 32.472 |  33.948 | 7.40806838208e-07 | 6.75212316786e-09 | 2.31990521332e-09 | 3.77853088784e-10 | 383
 33.948 |  35.424 |  6.3232953306e-07 | 6.10401042526e-09 | 2.27439009476e-09 | 3.66080005195e-10 | 384
 35.424 |  37.392 | 5.06316815432e-07 | 4.62541724491e-09 | 2.22366206074e-09 | 3.06530816312e-10 | 385
 37.392 |   39.36 | 4.08057442075e-07 | 4.05537591382e-09 |  2.3915971565e-09 | 3.10466317613e-10 | 386
  39.36 |   41.82 | 3.54389650628e-07 | 3.30275790036e-09 | 2.32293125515e-09 | 2.67395685071e-10 | 387
  41.82 |   44.28 | 3.21261922713e-07 |  3.0357601402e-09 | 2.34908314885e-09 | 2.59589447486e-10 | 388
  44.28 |   46.74 | 2.89034023372e-07 | 2.78675146988e-09 | 2.38438760327e-09 | 2.53111674731e-10 | 389
  46.74 |    49.2 | 2.60305798415e-07 | 2.56741706455e-09 | 2.36593650903e-09 | 2.44768781636e-10 | 390
   49.2 |   51.66 | 2.45731692005e-07 | 2.43054129386e-09 |  2.3910787919e-09 | 2.39755925744e-10 | 391
  51.66 |  54.612 | 2.17546359167e-07 | 2.02170461561e-09 | 2.38745399057e-09 | 2.11791880175e-10 | 392
 54.612 |  57.564 | 1.92987687273e-07 |  1.8518224368e-09 |  2.5451442788e-09 | 2.12662417483e-10 | 393
 57.564 |  60.516 | 1.72082047316e-07 | 1.69914528194e-09 | 2.55423127241e-09 |  2.0701071781e-10 | 394
 60.516 |   63.96 | 1.56716081695e-07 | 1.46299242623e-09 | 2.50283563538e-09 |  1.8488490512e-10 | 395
  63.96 |  67.404 | 1.42087516118e-07 |  1.3595681202e-09 | 2.57330568353e-09 | 1.82965284777e-10 | 396
 67.404 |  70.848 |   1.331996534e-07 | 1.27876985139e-09 | 2.47016757573e-09 | 1.74142212199e-10 | 397
 70.848 |  74.292 |  1.2134740829e-07 |  1.1877676953e-09 | 2.37712383383e-09 |  1.6624254166e-10 | 398
 74.292 |  78.228 | 1.08410728762e-07 | 1.02050962199e-09 | 2.39942474552e-09 | 1.51821942662e-10 | 399
 78.228 |  82.164 | 1.00412805244e-07 | 9.51346988421e-10 | 2.42111731249e-09 | 1.47724428215e-10 | 400
 82.164 |    86.1 | 9.23410921974e-08 | 8.85974555525e-10 | 2.49964922943e-09 | 1.45768372063e-10 | 401
   86.1 |  90.036 | 8.46792710579e-08 |  8.2596961423e-10 | 2.46881539131e-09 | 1.41032707855e-10 | 402
 90.036 |  93.972 | 7.93332031314e-08 | 7.78987011975e-10 | 2.45771393965e-09 | 1.37109762691e-10 | 403
 93.972 |    98.4 | 7.22587484719e-08 | 6.84697748298e-10 | 2.43701113417e-09 | 1.25742602854e-10 | 404
   98.4 | 102.828 | 6.80448312341e-08 | 6.48186347898e-10 |  2.4745977057e-09 | 1.23610280421e-10 | 405
102.828 | 107.256 | 6.17011093748e-08 | 6.02939366315e-10 | 2.43793903308e-09 | 1.19850147124e-10 | 406
107.256 | 112.176 | 5.63610494751e-08 | 5.34615266734e-10 | 2.38278264948e-09 | 1.09924381597e-10 | 407
112.176 | 117.096 | 5.21999100555e-08 | 5.03722887369e-10 | 2.42650025908e-09 | 1.08604291737e-10 | 408
117.096 | 122.016 | 4.84757049507e-08 | 4.74196604107e-10 | 2.39650802265e-09 | 1.05435249822e-10 | 409
122.016 | 126.936 | 4.56528200833e-08 | 4.50320054528e-10 | 2.35591875841e-09 | 1.02298112924e-10 | 410
126.936 | 132.348 |  4.2100821146e-08 | 4.03529544129e-10 | 2.41328131516e-09 | 9.66126576863e-11 | 411
132.348 |  137.76 | 3.92359880103e-08 | 3.80602511955e-10 | 2.39472123735e-09 | 9.40279224917e-11 | 412
 137.76 | 143.172 | 3.56954167262e-08 | 3.55322888711e-10 | 2.33430092398e-09 | 9.08647385172e-11 | 413
143.172 | 149.076 | 3.24285571012e-08 |  3.1754985884e-10 |  2.3019009623e-09 | 8.46041007331e-11 | 414
149.076 |  154.98 | 3.03773660384e-08 | 3.02265373456e-10 | 2.34582160348e-09 | 8.39964334139e-11 | 415
 154.98 | 161.376 | 2.74856097925e-08 | 2.70819716482e-10 |  2.3714062126e-09 | 7.95482392167e-11 | 416
161.376 | 168.264 |  2.4804307797e-08 | 2.47563730169e-10 | 2.36519229701e-09 | 7.64463390019e-11 | 417
168.264 | 175.644 | 2.20100906111e-08 | 2.16282502843e-10 | 2.33526068053e-09 | 7.04495393015e-11 | 418
175.644 | 183.024 | 2.04512005389e-08 | 2.03614874958e-10 | 2.32457970954e-09 | 6.86471222554e-11 | 419
183.024 | 191.388 | 1.83618007362e-08 | 1.80104348818e-10 | 2.34957565419e-09 | 6.44260158339e-11 | 420
191.388 | 200.244 | 1.65554870548e-08 | 1.61122195535e-10 |  2.3775360557e-09 |  6.1058755624e-11 | 421
200.244 | 209.592 | 1.51217786911e-08 | 1.48093058435e-10 | 2.37789492682e-09 | 5.87258867274e-11 | 422
209.592 |  218.94 | 1.37539377552e-08 |  1.3715328001e-10 | 2.39292827346e-09 | 5.72080970368e-11 | 423
 218.94 | 229.272 |  1.2383402208e-08 | 1.23365867078e-10 | 2.43704781906e-09 | 5.47276816427e-11 | 424
229.272 | 240.588 |  1.1070090843e-08 | 1.10139354721e-10 | 2.38750900329e-09 |  5.1149271292e-11 | 425
240.588 | 252.396 | 9.88550654144e-09 | 9.73208775704e-11 | 2.42710170524e-09 |  4.8222592139e-11 | 426
252.396 | 265.188 | 8.82204359209e-09 | 8.73772897589e-11 | 2.40853772018e-09 | 4.56552470305e-11 | 427
265.188 | 279.948 | 7.84976584846e-09 | 7.81685774954e-11 | 2.38786522503e-09 | 4.31130527967e-11 | 428
279.948 | 296.676 | 6.58033969544e-09 | 6.57963293689e-11 | 2.38410425489e-09 | 3.96040975528e-11 | 429
296.676 | 312.912 | 6.09440350177e-09 | 6.04610505762e-11 | 2.40563067003e-09 | 3.79860882632e-11 | 430
312.912 | 330.624 | 5.17529591047e-09 | 5.17203360836e-11 | 2.41195004194e-09 | 3.53083903981e-11 | 431
330.624 | 350.304 | 4.59557383491e-09 | 4.54591937113e-11 | 2.42482968156e-09 | 3.30211725421e-11 | 432
350.304 | 371.952 | 4.07186275353e-09 | 4.06936804979e-11 | 2.37616874999e-09 | 3.10863020357e-11 | 433
371.952 | 399.996 | 3.35178819311e-09 | 3.34457150851e-11 | 2.38214864071e-09 | 2.81959443036e-11 | 434
399.996 | 433.944 | 2.83516335538e-09 | 2.83292514974e-11 | 2.39028745231e-09 | 2.60118419668e-11 | 435
433.944 | 477.732 | 2.34495530221e-09 | 2.33947549001e-11 |  2.4367281055e-09 | 2.38481526375e-11 | 436
477.732 | 543.168 | 1.80438399435e-09 | 1.79953590775e-11 | 2.41154723995e-09 | 2.08038597032e-11 | 437
543.168 | 903.804 | 1.05902716706e-09 | 1.05838592156e-11 | 2.71320905593e-09 | 1.69407307446e-11 | 438
903.804 |2381.772 | 6.42607101529e-10 | 9.48217846722e-12 | 3.18496471202e-09 | 2.11099721894e-11 | 439
