 Bin |     Volume (cm^3) | Temperature (kT) |  fkT (kT) |         n (cm^-3) |        fn (cm^-3) |     P (erg cm^-3) |    fP (erg cm^-3) |             Yparm 
   0 | 5.85419074611e+66 |           9.5824 |  0.576433 |   0.0944018172336 |   0.0233684380189 | 1.44932291167e-09 | 3.69210113158e-10 | 3.29181003921e-05 
   1 | 1.66669816702e+67 |           5.9479 |  0.279166 |   0.0712425513952 |    0.012803976168 | 6.78912183339e-10 | 1.26108784239e-10 | 2.29333549785e-05 
   2 | 2.39304458825e+67 |           5.1844 |  0.191909 |   0.0635026082995 |   0.0110398859651 | 5.27473402557e-10 | 9.37565495541e-11 | 1.84425522607e-05 
   3 | 2.59930680805e+67 |           5.2913 |  0.217506 |   0.0592841511785 |   0.0101029183368 | 5.02587253136e-10 | 8.81049366038e-11 | 1.86421970895e-05 
   4 | 3.47304741835e+67 |           5.8012 |  0.283126 |   0.0538553767273 |  0.00894255935497 | 5.00561441839e-10 | 8.66328845399e-11 |  1.9301144406e-05 
   5 |  4.2638169952e+67 |           6.0548 |  0.267711 |   0.0475034249466 |  0.00820415534622 | 4.60824139217e-10 | 8.21541061355e-11 | 1.99037181737e-05 
   6 | 5.14971458988e+67 |           5.9329 |  0.268701 |   0.0444123967038 |  0.00738133767297 | 4.22164517135e-10 | 7.27221694879e-11 | 1.88566195251e-05 
   7 | 4.49509099771e+67 |           6.1501 |  0.304197 |    0.042725369612 |  0.00732313760169 | 4.20996528914e-10 | 7.51033986414e-11 | 1.76085060894e-05 
   8 | 4.93267545131e+67 |            6.063 |  0.294439 |   0.0418158756209 |  0.00712844743408 | 4.06199393825e-10 | 7.20007073401e-11 | 1.76574986651e-05 
   9 | 5.49038331503e+67 |           6.3596 |  0.286803 |   0.0407420445983 |  0.00676937780437 |  4.1512904277e-10 | 7.14701332929e-11 | 1.82232236119e-05 
  10 | 6.07649917183e+67 |           6.2869 |  0.276479 |   0.0392988230562 |  0.00656336844926 |  3.9584630235e-10 | 6.83645302607e-11 | 1.84323239966e-05 
  11 |  6.8591630282e+67 |           6.2015 |  0.276337 |   0.0393305914428 |  0.00629680531397 | 3.90784845844e-10 | 6.49425153184e-11 | 1.87775082487e-05 
  12 | 7.46417056443e+67 |           6.2825 |  0.274499 |   0.0374444541229 |  0.00608470578816 |  3.7690376815e-10 | 6.34219846265e-11 | 1.86540902448e-05 
  13 | 7.92017317735e+67 |           6.7068 |  0.304763 |   0.0356418913436 |  0.00566862739108 | 3.82989254758e-10 |   6.334954287e-11 | 1.94862534961e-05 
  14 | 8.71856450104e+67 |             6.46 |  0.288217 |    0.034269415349 |  0.00556793262495 | 3.54690624323e-10 | 5.97617023805e-11 | 1.85307977547e-05 
  15 | 9.65369794467e+67 |           6.4287 |  0.283408 |   0.0330271575736 |  0.00530034671655 | 3.40176923369e-10 | 5.66154447692e-11 | 1.82252913343e-05 
  16 | 1.01024565624e+68 |           7.2172 |  0.453963 |   0.0320172641844 |  0.00521138180133 | 3.70223038651e-10 | 6.46034435739e-11 | 2.03121870045e-05 
  17 | 1.08536610541e+68 |           6.6446 |  0.295571 |   0.0312690280495 |  0.00512813112206 | 3.32884605453e-10 | 5.65657371957e-11 | 1.86862441577e-05 
  18 | 1.16655318217e+68 |           6.6883 |  0.308299 |   0.0296322825859 |  0.00502800401327 | 3.17534818043e-10 | 5.58320223337e-11 | 1.82188298459e-05 
  19 | 1.24535820839e+68 |           6.6698 |  0.325693 |   0.0284027297095 |  0.00484359590332 | 3.03517245725e-10 | 5.38397970024e-11 | 1.76398530634e-05 
  20 | 1.32609834852e+68 |           6.6575 |  0.352988 |   0.0271408710702 |  0.00456418498658 | 2.89497912407e-10 | 5.10462901972e-11 | 1.73049616342e-05 
  21 | 1.92677668163e+68 |           6.7253 |  0.250174 |   0.0248851413329 |  0.00399912781671 | 2.68140401849e-10 | 4.42304566748e-11 | 1.89284857669e-05 
  22 | 2.12061891975e+68 |           7.1652 |  0.461599 |   0.0240431986371 |  0.00370072661218 | 2.76013973202e-10 | 4.60551283356e-11 | 1.99673892837e-05 
  23 | 2.25055407158e+68 |           6.6979 |  0.319047 |   0.0219549291763 |  0.00358898035756 | 2.35603197851e-10 | 4.01159278357e-11 | 1.74474030706e-05 
  24 |  2.4046432447e+68 |             7.12 |  0.395273 |   0.0202304254298 |   0.0032651705682 | 2.30778579237e-10 | 3.93892772666e-11 | 1.74402975338e-05 
  25 |  2.5956382108e+68 |           6.8446 |  0.319047 |   0.0195546075571 |  0.00319814339058 | 2.14440930531e-10 | 3.64682964067e-11 | 1.65898992936e-05 
  26 |  3.3685448499e+68 |           7.5369 |  0.486065 |   0.0177328986757 |  0.00274863384128 | 2.14132694091e-10 |  3.5949265728e-11 | 1.72789664019e-05 
  27 | 3.67089711418e+68 |           7.4512 |  0.495823 |   0.0169133911817 |  0.00260384948929 | 2.01914453381e-10 | 3.38645745717e-11 | 1.86515011277e-05 
  28 |  3.9361905037e+68 |           7.3388 |  0.500773 |    0.016377323813 |  0.00247619939932 | 1.92565498598e-10 | 3.19430596532e-11 | 1.81915114876e-05 
  29 |  4.0759920815e+68 |           7.7537 |  0.506996 |   0.0151985935611 |  0.00240862451849 | 1.88809079756e-10 | 3.23687445646e-11 | 1.82161623781e-05 
  30 | 5.10428547518e+68 |           7.6079 |  0.534431 |   0.0136985786616 |  0.00211849230926 | 1.66974751006e-10 |  2.8361833885e-11 | 1.80836768634e-05 
  31 | 6.48674232664e+68 |           8.1372 |  0.536977 |   0.0120936861286 |  0.00190878353836 | 1.57668231146e-10 | 2.69727930665e-11 | 1.88483986946e-05 
  32 | 7.14030783402e+68 |           8.9071 |    1.0287 |   0.0107343968903 |  0.00178975307033 | 1.53187897795e-10 | 3.10701608612e-11 | 1.88571642577e-05 
  33 |  8.2603869477e+68 |          10.1027 |  0.797899 |    0.010303914036 |  0.00170744451427 | 1.66782387521e-10 | 3.06157712121e-11 | 2.11426720975e-05 
  34 | 9.17582317903e+68 |           9.8655 |  0.825476 |  0.00969226454071 |  0.00157369409202 | 1.53198626953e-10 | 2.79829325852e-11 | 1.98467956729e-05 
  35 | 9.86401595776e+68 |           9.3941 |  0.842164 |  0.00934933601577 |   0.0014926752156 | 1.40716961636e-10 | 2.57657165528e-11 | 1.86922740533e-05 
  36 | 1.05537162117e+69 |          10.1087 |  0.856448 |  0.00915442505617 |  0.00145357780064 | 1.48264393686e-10 | 2.66836947734e-11 | 2.00716541411e-05 
  37 | 1.13154321738e+69 |           9.0163 |  0.668357 |  0.00874177676188 |  0.00141095081912 | 1.26281161565e-10 | 2.24290088934e-11 | 1.75323153908e-05 
  38 | 1.19807527876e+69 |           9.5878 |  0.823921 |  0.00859425820265 |  0.00138206717275 | 1.32019431292e-10 |  2.4071554633e-11 | 1.86429561713e-05 
  39 | 1.27215942788e+69 |          10.0892 |  0.813738 |  0.00836263390228 |  0.00136475418675 | 1.35179336279e-10 | 2.46079471818e-11 | 1.93979700356e-05 
  40 | 1.34896243062e+69 |           9.0538 |  0.702157 |  0.00814356177426 |  0.00128819712515 |  1.1812879311e-10 |   2.081126202e-11 | 1.73434598972e-05 
  41 | 1.42611938915e+69 |           8.3447 |    0.5811 |  0.00786927352754 |  0.00127133055814 | 1.05209717583e-10 | 1.85090632705e-11 | 1.56724715314e-05 
  42 | 1.50701185243e+69 |          10.0511 |  0.811759 |  0.00770470452815 |  0.00124265412777 | 1.24073794868e-10 | 2.23799602645e-11 |  1.8825475374e-05 
  43 | 1.57868729423e+69 |            8.973 |  0.663832 |    0.007574873066 |   0.0011896021264 | 1.08898901693e-10 | 1.89047309879e-11 | 1.67381593521e-05 
  44 | 1.66670465281e+69 |           9.1315 |   0.78602 |  0.00730193289203 |  0.00115584732603 | 1.06829320318e-10 | 1.92489057119e-11 | 1.67623453758e-05 
  45 | 1.75060456436e+69 |           9.0734 |  0.726623 |  0.00713028398463 |  0.00112531683535 | 1.03654307733e-10 | 1.83444945642e-11 | 1.64571519985e-05 
  46 | 1.83240062891e+69 |           8.1156 |  0.515198 |  0.00693059602246 |    0.001099955405 | 9.01159554668e-11 | 1.54040058049e-11 | 1.44691222079e-05 
  47 | 1.91954386502e+69 |           8.9792 |   0.63583 |  0.00681065373379 |  0.00106376550386 | 9.79798919143e-11 | 1.68029134072e-11 | 1.59739351315e-05 
  48 | 1.98369933133e+69 |           8.4821 |  0.496248 |  0.00662701281021 |  0.00105396560469 | 9.00599429295e-11 | 1.52616004639e-11 | 1.48932006085e-05 
  49 | 2.04050283509e+69 |           8.1897 |  0.550129 |  0.00647119958086 |   0.0010305761706 | 8.49108693127e-11 | 1.46762402584e-11 | 1.42455545504e-05 
  50 | 2.16305647765e+69 |           9.3212 |  0.842164 |  0.00624816285829 |  0.00100689570126 |  9.3311394025e-11 | 1.72392749772e-11 | 1.58002742284e-05 
  51 | 2.27250186209e+69 |           8.1753 |  0.542917 |  0.00601835867259 | 0.000986594666759 | 7.88301293308e-11 | 1.39428037729e-11 | 1.34662530761e-05 
  52 | 2.36436147408e+69 |           8.7734 |  0.989808 |  0.00612721653345 | 0.000978328296676 | 8.61274654136e-11 | 1.68384048974e-11 | 1.49732473447e-05 
  53 | 2.84119012821e+69 |           9.4973 |  0.835376 |  0.00584337420544 | 0.000925285101652 | 8.89148613287e-11 | 1.61058285101e-11 | 1.63699613458e-05 
  54 | 2.95393141817e+69 |          10.0473 |  0.838346 |  0.00567841277458 | 0.000914809005976 | 9.14085535181e-11 | 1.65841358543e-11 |  1.8036256619e-05 
  55 | 3.02193722223e+69 |          10.4632 |   0.78404 |  0.00538770521145 | 0.000909943885526 | 9.03189393815e-11 | 1.66881691146e-11 | 1.80777873993e-05 
  56 | 3.12143725219e+69 |           10.161 |    0.8457 |   0.0053206748684 | 0.000885238588616 | 8.66191018592e-11 | 1.61140807547e-11 | 1.75527883465e-05 
  57 | 3.34687237695e+69 |          10.4235 |  0.906794 |  0.00527492846742 | 0.000863656951011 | 8.80928459873e-11 | 1.63329044668e-11 | 1.80951475251e-05 
  58 | 3.47658345369e+69 |           8.7711 |  0.969868 |  0.00516352154127 | 0.000822788889148 | 7.25622182468e-11 | 1.40737427752e-11 | 1.50221766432e-05 
  59 |   3.617977815e+69 |           10.822 |  0.682924 |  0.00509444680537 | 0.000851518483084 | 8.83313842392e-11 |  1.5781478975e-11 | 1.85227567994e-05 
  60 | 3.74168320445e+69 |          10.4203 |  0.910046 |  0.00510047514671 | 0.000835524891403 |  8.5153270277e-11 | 1.58077992941e-11 | 1.79847234614e-05 
  61 | 3.81219816368e+69 |           9.2073 |  0.847821 |  0.00498991386568 | 0.000809136773947 | 7.36098350761e-11 | 1.37264186241e-11 | 1.57368073471e-05 
  62 | 4.00481468583e+69 |          10.3472 |   1.13816 |  0.00482265849947 | 0.000797715078493 | 7.99502567862e-11 | 1.58816928288e-11 | 1.72787087364e-05 
  63 | 4.16912419769e+69 |          10.5512 |  0.814587 |  0.00463701581297 | 0.000788576174353 |  7.8388241426e-11 | 1.46401729013e-11 | 1.71390244755e-05 
  64 | 4.29697269135e+69 |           8.9398 |    1.0048 |  0.00446276535302 | 0.000756436491459 | 6.39208234933e-11 | 1.30001448622e-11 | 1.40614738236e-05 
  65 | 4.46929674498e+69 |           10.307 |   1.02417 |  0.00452319632931 | 0.000753642953636 | 7.46944294796e-11 | 1.44905457121e-11 | 1.66141459589e-05 
  66 | 5.28285897949e+69 |           9.4529 |  0.852488 |   0.0044899840049 | 0.000722822352399 |  6.8001790413e-11 | 1.25479890662e-11 | 1.61079121003e-05 
  67 | 4.77372792144e+69 |           9.5519 |  0.916128 |  0.00443339240776 | 0.000732119561041 | 6.78479029818e-11 | 1.29568597513e-11 | 1.53555587426e-05 
  68 | 5.64097050084e+69 |           8.3966 |  0.408849 |  0.00426326116926 | 0.000674179649553 | 5.73529662489e-11 | 9.48983935585e-12 | 1.38234489523e-05 
  69 | 5.85769259212e+69 |           9.0669 |  0.774848 |  0.00404408352283 | 0.000652034586288 | 5.87475077842e-11 | 1.07202371884e-11 | 1.43191573056e-05 
  70 | 6.04448007441e+69 |           8.4244 |  0.494833 |  0.00385349533536 | 0.000619405461708 | 5.20120925916e-11 | 8.90107056939e-12 | 1.27582969989e-05 
  71 | 6.25212057359e+69 |           9.0825 |   1.00508 |  0.00380136174686 | 0.000615378092622 | 5.53165545082e-11 | 1.08471555632e-11 | 1.37731573544e-05 
  72 | 6.43166087132e+69 |          10.2521 |  0.964211 |  0.00366882722188 | 0.000612184293711 | 6.02629775451e-11 | 1.15428414491e-11 | 1.50945689123e-05 
  73 | 6.66034064897e+69 |           8.7121 |  0.641346 |  0.00353431501116 | 0.000596104886839 | 4.93331221309e-11 | 9.07865371391e-12 | 1.24843602699e-05 
  74 |  6.8511531552e+69 |           9.8253 |  0.926876 |  0.00356727652796 |   0.0005843965348 | 5.61556034473e-11 | 1.06157386286e-11 | 1.42897686328e-05 
  75 | 8.01480821329e+69 |           8.1145 |  0.571908 |  0.00340946757698 |  0.00055186838754 | 4.43260288489e-11 | 7.82541999526e-12 | 1.20079590871e-05 
  76 | 8.20246692731e+69 |           9.4107 |  0.871863 |  0.00337818427672 | 0.000552498242826 | 5.09349343728e-11 | 9.57407366859e-12 | 1.37487501451e-05 
  77 |  8.4348142224e+69 |           8.4716 |  0.580818 |   0.0033394630337 |  0.00055240818517 | 4.53265384302e-11 | 8.11633045311e-12 | 1.29139015451e-05 
  78 | 8.71864376485e+69 |           9.2153 |  0.869034 |  0.00325537259738 | 0.000535677849793 | 4.80640824361e-11 | 9.11577769225e-12 | 1.38359071865e-05 
  79 | 9.02846958347e+69 |           9.2741 |  0.920653 |  0.00313250043077 | 0.000511055692987 | 4.65450414091e-11 | 8.88894682224e-12 | 1.35347995439e-05 
  80 | 9.18567809019e+69 |           8.7173 |  0.806102 |  0.00314418741468 |  0.00050256623053 | 4.39137910226e-11 | 8.10917015345e-12 | 1.28386825498e-05 
  81 | 9.37868971836e+69 |          10.4241 |  0.874974 |  0.00309420770459 | 0.000511200601446 | 5.16771461453e-11 | 9.57639901304e-12 | 1.52558947101e-05 
  82 | 9.62568065837e+69 |          10.4477 |  0.651245 |  0.00305334197074 |  0.00050704161739 |  5.1110086408e-11 |  9.0656427995e-12 | 1.51048161254e-05 
  83 | 9.95162036939e+69 |           9.4856 |   0.89152 |  0.00295673516265 | 0.000494306479633 | 4.49353105559e-11 | 8.61804838205e-12 | 1.34044952885e-05 
  84 |   1.041359027e+70 |          10.3852 |   1.05401 |  0.00294080348662 | 0.000480890892863 | 4.89318170476e-11 | 9.41738323266e-12 | 1.47310484406e-05 
  85 | 9.41738955502e+69 |           9.3255 |  0.914572 |   0.0028783329892 | 0.000495274120465 |  4.3005463523e-11 |  8.5174877937e-12 | 1.23565757387e-05 
  86 | 1.08589871352e+70 |           9.4663 |  0.886005 |  0.00290097061411 | 0.000373061071855 | 4.39981166429e-11 | 6.99802176584e-12 | 1.34124871162e-05 
  87 | 1.10748554625e+70 |           9.2838 |  0.888126 |  0.00275899043178 | 0.000462284764078 | 4.10380266398e-11 | 7.91795212646e-12 | 1.25632745029e-05 
  88 | 1.15462758659e+70 |           8.1317 |  0.576999 |  0.00273454950575 | 0.000453255241894 | 3.56268649661e-11 | 6.42355132588e-12 | 1.10002605008e-05 
  89 |  1.1694869927e+70 |            8.275 |  0.660721 |  0.00273640758026 | 0.000452030773193 | 3.62793301834e-11 | 6.65638789487e-12 | 1.12462756987e-05 
  90 | 1.20649219447e+70 |           8.4782 |  0.592838 |  0.00270005051825 | 0.000447697218084 | 3.66763440522e-11 | 6.59997831844e-12 | 1.14635405947e-05 
  91 | 1.09238169153e+70 |           7.5946 |  0.602031 |  0.00267749071605 | 0.000455073721629 | 3.25794225915e-11 | 6.10994176036e-12 | 9.69742897757e-06 
  92 |  1.2712853351e+70 |           8.1923 |  0.586474 |  0.00257693590943 | 0.000436313482343 | 3.38236093492e-11 | 6.21769809518e-12 | 1.06878678096e-05 
  93 | 1.25801223527e+70 |           7.4721 |  0.598778 |   0.0025685207233 | 0.000421919367676 |  3.0749370528e-11 |  5.6200567598e-12 | 9.67322165301e-06 
  94 |  1.2846193473e+70 |           8.0151 |  0.619567 |  0.00254523731005 | 0.000420781148784 | 3.26849400887e-11 | 5.96500742667e-12 | 1.08716363624e-05 
  95 | 1.34357838361e+70 |           7.6437 |  0.589161 |  0.00245747045836 | 0.000415995671781 | 3.00955607232e-11 | 5.59777932661e-12 | 1.00404382066e-05 
  96 | 1.38094010707e+70 |           7.6442 |  0.627628 |  0.00248786249449 | 0.000400528293066 | 3.04697505365e-11 | 5.50651514441e-12 | 1.02422893619e-05 
  97 | 1.37413482968e+70 |           8.8103 |   1.16673 |  0.00236926337812 | 0.000408292807652 | 3.34437158699e-11 | 7.26847699587e-12 | 1.13258768737e-05 
  98 | 1.39759874197e+70 |           8.6159 |   0.57912 |  0.00238503374649 | 0.000401772304669 | 3.29234753969e-11 | 5.97134098328e-12 | 1.11797376355e-05 
  99 | 1.44058910115e+70 |           7.4296 |  0.605425 |  0.00234117400232 | 0.000401069031919 | 2.78682440037e-11 | 5.28673244951e-12 | 9.53172181969e-06 
 100 | 1.64339064735e+70 |           7.1885 |  0.527219 |  0.00230415104919 | 0.000377659894816 | 2.65374819394e-11 | 4.76520470383e-12 | 9.52354514938e-06 
 101 |  1.6965030506e+70 |           7.6461 |  0.625931 |  0.00225400818643 | 0.000371221131724 | 2.76125145784e-11 | 5.07841783303e-12 | 9.98562707507e-06 
 102 | 1.58117552126e+70 |           8.2362 |  0.693955 |  0.00222962071142 | 0.000382476772071 | 2.94217421155e-11 | 5.62304284432e-12 | 1.02431220413e-05 
 103 | 1.60729383252e+70 |           7.8484 |  0.615183 |  0.00225136043389 | 0.000384503660906 | 2.83097906549e-11 | 5.31984693677e-12 | 9.87795189537e-06 
 104 | 1.63979079089e+70 |           6.9181 |  0.639083 |  0.00222014380376 | 0.000378189412185 |   2.460811946e-11 | 4.76858377607e-12 | 8.60709709062e-06 
 105 | 1.67203450533e+70 |           7.5612 |  0.632719 |  0.00221072260008 | 0.000369036596659 | 2.67815357737e-11 | 5.00091119484e-12 | 9.38616266239e-06 
 106 | 1.70666810396e+70 |           7.8241 |   0.60995 |  0.00220339876609 | 0.000376635286699 | 2.76209103551e-11 | 5.18918842265e-12 | 9.74375333488e-06 
 107 | 1.68340310222e+70 |           7.1711 |   0.53726 |  0.00223308290765 | 0.000368086844897 | 2.56567195817e-11 | 4.64543267672e-12 | 8.82160439115e-06 
 108 |  1.7075951472e+70 |           6.8547 |  0.341391 |  0.00219068214998 | 0.000374337418883 |  2.4059041457e-11 | 4.28219968752e-12 | 8.63103281002e-06 
 109 | 1.78092952785e+70 |            8.081 |  0.660579 |  0.00215123968395 | 0.000361173918623 | 2.78525150819e-11 | 5.20101320891e-12 | 7.72030470103e-06 
 110 | 1.83557696834e+70 |           6.9682 |  0.823638 |  0.00213230109567 | 0.000353109053127 | 2.38056280183e-11 | 4.84340632411e-12 | 8.53424256136e-06 
 111 | 1.85943372523e+70 |           8.2101 |  0.675004 |  0.00214473843122 | 0.000357111818734 | 2.82119615299e-11 | 5.23890652522e-12 | 1.00610130094e-05 
 112 | 1.86418789275e+70 |           6.9469 |  0.633285 |  0.00209345998887 | 0.000357331710764 | 2.33005513843e-11 | 4.50883470227e-12 | 8.77068301441e-06 
 113 | 2.09833095146e+70 |           6.8066 |  0.411395 |  0.00203161420727 | 0.000349021872482 | 2.21555211213e-11 | 4.03490321614e-12 | 8.76942900972e-06 
 114 | 2.17638537702e+70 |           7.0453 |   0.56908 |  0.00201602098451 | 0.000338978932654 | 2.27564772096e-11 | 4.24494722873e-12 | 9.02686325694e-06 
 115 | 2.02773660074e+70 |           7.3262 |  0.626214 |  0.00203926975564 | 0.000348524714154 | 2.39366815549e-11 | 4.57404928491e-12 | 9.13853458445e-06 
 116 | 2.05996523843e+70 |           6.6463 |  0.697207 |  0.00205424063495 |  0.00036472335272 | 2.18746815192e-11 | 4.51101965059e-12 | 8.36050165563e-06 
 117 | 2.09892111069e+70 |           6.5201 |  0.437416 |   0.0020111590593 | 0.000348117004821 | 2.10092803782e-11 |  3.9001399017e-12 | 8.07571150347e-06 
 118 | 2.37517805517e+70 |           6.5739 |  0.419031 |  0.00195390356281 | 0.000333527422357 | 2.05795903649e-11 | 3.74982545613e-12 | 8.32180098909e-06 
 119 | 2.33295007701e+70 |           6.1349 |  0.409132 |  0.00194647893517 | 0.000341468046964 | 1.91323226258e-11 | 3.59069644626e-12 | 7.71988573093e-06 
 120 | 2.37985221237e+70 |           6.5647 |   0.42384 |  0.00189809114492 | 0.000328250976879 | 1.99637649761e-11 | 3.68523699182e-12 | 8.10407900079e-06 
 121 | 2.47550716083e+70 |           6.5353 |  0.427375 |  0.00191953506586 | 0.000326116389256 | 2.00988892362e-11 | 3.65889612452e-12 | 8.17268776744e-06 
 122 | 2.57240542288e+70 |            5.764 |  0.423416 |  0.00188524201201 | 0.000325533328866 | 1.74101121938e-11 |  3.2670145081e-12 | 7.12118534104e-06 
 123 | 2.62677137105e+70 |           6.8447 |  0.432891 |  0.00184035971454 | 0.000311709378039 |  2.0182158845e-11 | 3.64887035302e-12 | 8.30321777353e-06 
 124 | 2.92930110991e+70 |           5.9671 |   0.42285 |  0.00181072678138 | 0.000306255189391 | 1.73111828826e-11 | 3.17450944113e-12 | 7.44391564328e-06 
 125 | 2.83766040821e+70 |           6.0116 |  0.433881 |  0.00180746528143 | 0.000305096519331 | 1.74088680639e-11 |  3.1959305548e-12 | 7.50384629737e-06 
 126 | 3.18910523412e+70 |           6.0414 |  0.414223 |   0.0017245253274 | 0.000297195713543 |  1.6692356756e-11 | 3.09598521435e-12 | 7.53205651356e-06 
 127 | 3.28283540487e+70 |           5.7423 |  0.411536 |  0.00170573429332 | 0.000298998416803 | 1.56930643062e-11 | 2.97187292211e-12 | 7.10195683022e-06 
 128 | 3.32276174361e+70 |           5.9647 |  0.446184 |   0.0017187118607 | 0.000246210635729 | 1.64248793628e-11 | 2.65438881322e-12 | 7.70084837771e-06 
 129 | 3.41728092103e+70 |           5.6163 |  0.399657 |  0.00167807231504 | 0.000288691032406 | 1.50998096156e-11 | 2.81118550752e-12 | 7.12436166278e-06 
 130 | 3.84262411046e+70 |           6.2185 |  0.451276 |  0.00161545459425 | 0.000246032614526 | 1.60949968849e-11 | 2.71531037568e-12 | 7.91348418427e-06 
 131 | 4.07748626893e+70 |            6.402 |  0.440669 |  0.00151622051451 | 0.000262927579166 | 1.55520816525e-11 | 2.90157675161e-12 | 7.90436907071e-06 
 132 | 4.50940561244e+70 |           5.9559 |  0.426951 |  0.00150746035826 | 0.000251445871544 | 1.43847992232e-11 | 2.61159840518e-12 | 7.59514508509e-06 
 133 |  4.2019721205e+70 |           5.9483 |  0.434305 |  0.00149557924104 | 0.000259951618702 | 1.42532130504e-11 |  2.6870999271e-12 | 7.08620710319e-06 
 134 | 4.76192642839e+70 |           5.6925 |  0.414365 |  0.00144901554919 |  0.00025518736166 | 1.32155909179e-11 | 2.51838016963e-12 | 6.83669367592e-06 
 135 | 4.84287306007e+70 |           5.3121 |  0.352563 |  0.00138874030293 | 0.000257238570248 | 1.18194636397e-11 | 2.32563384856e-12 | 6.13706137409e-06 
 136 | 5.23815166947e+70 |           5.8622 |  0.432749 |  0.00131139800909 | 0.000232045313606 | 1.23170194726e-11 | 2.36149636961e-12 | 6.62498305125e-06 
 137 | 5.61585161681e+70 |           5.6095 |  0.352281 |  0.00131352957718 | 0.000222198507155 | 1.18052311841e-11 | 2.13016589423e-12 | 6.58784654953e-06 
 138 | 5.65443744497e+70 |           5.2694 |  0.306743 |  0.00127500053755 | 0.000234364039767 | 1.07642069248e-11 | 2.07547061887e-12 | 6.01763014478e-06 
 139 | 5.90640925561e+70 |           5.7647 |  0.450568 |  0.00123677615808 | 0.000222092596861 | 1.14229507365e-11 | 2.23714115497e-12 |  6.4145732869e-06 
 140 | 6.07211060153e+70 |           4.9858 |  0.305894 |   0.0012577431385 | 0.000228276601062 | 1.00470204125e-11 | 1.92487290968e-12 | 5.81128228132e-06 
 141 | 6.20890739938e+70 |           4.7968 |  0.300238 |  0.00125708949085 |  0.00023094898513 | 9.66113859158e-12 | 1.87509922832e-12 | 5.62694453416e-06 
 142 | 6.52895171148e+70 |           4.9569 |  0.304763 |  0.00120405538972 | 0.000224917149942 | 9.56240485712e-12 | 1.88051990895e-12 | 5.59274224215e-06 
 143 | 7.12573771368e+70 |           5.2202 |  0.311976 |  0.00116168544872 | 0.000214722292841 |  9.7159705516e-12 | 1.88740818534e-12 |  5.8658995441e-06 
 144 | 7.07355080893e+70 |           4.9017 |  0.308864 |  0.00117832572254 |  0.00021754300338 | 9.25385266301e-12 |  1.8052170491e-12 | 5.61212711165e-06 
 145 |  7.5904900391e+70 |           4.5831 |  0.290621 |  0.00121831112448 | 0.000223343264761 | 8.94598202308e-12 |    1.73533545e-12 | 5.59579254386e-06 
 146 | 8.45099423015e+70 |           4.6428 |  0.295995 |  0.00114652301298 | 0.000208135613645 | 8.52851134252e-12 | 1.64093441526e-12 | 5.49788534471e-06 
 147 | 1.03737839646e+71 |           4.6658 |  0.294298 |  0.00105681845167 |   0.0001964546823 | 7.90018038809e-12 | 1.55082302091e-12 | 5.49941248606e-06 
 148 | 1.28686190206e+71 |           5.0985 |  0.299672 | 0.000933604534623 | 0.000174171481373 | 7.62633449737e-12 | 1.49169614307e-12 | 5.78822246865e-06 
 149 | 1.43665442915e+71 |           5.7073 |  0.432467 | 0.000898333409894 | 0.000168241490068 | 8.21445510625e-12 | 1.65956815391e-12 | 6.61531875949e-06 
 150 | 1.64389191256e+71 |           5.8306 |   0.45764 | 0.000923639556535 | 0.000166192838388 | 8.62832011553e-12 | 1.69379647507e-12 | 7.35541000026e-06 
 151 |  1.8890535466e+71 |            4.814 |  0.325693 | 0.000866555153372 |  0.00017121772442 |   6.683636159e-12 | 1.39585352824e-12 | 5.83201887694e-06 
 152 | 2.12489953282e+71 |           5.4153 |  0.327108 | 0.000824851569504 | 0.000159946271384 | 7.15663404909e-12 | 1.45350945491e-12 |  6.3915145224e-06 
 153 | 3.06336924324e+71 |           4.8166 |  0.328805 | 0.000759069861147 | 0.000151036244936 | 5.85777664953e-12 | 1.23224166195e-12 | 6.01764186735e-06 
 154 | 3.73996950439e+71 |           5.7373 |  0.442225 | 0.000705526245748 | 0.000134977789389 |   6.485317171e-12 | 1.33765229756e-12 | 7.18474774927e-06 
 155 | 4.48689328545e+71 |           5.9814 |  0.459761 | 0.000664413251571 | 0.000124899358936 | 6.36724595286e-12 | 1.29313724448e-12 | 7.57218328581e-06 
 156 | 5.60843911112e+71 |           4.9769 |  0.316784 | 0.000659957718673 | 0.000132257495662 | 5.26242026994e-12 | 1.10652049046e-12 | 6.79489153621e-06 
 157 |  7.1579605479e+71 |           4.8282 |  0.343937 | 0.000547321689545 | 0.000116974970172 | 4.23387850415e-12 | 9.53814351069e-13 | 5.94032686662e-06 
 158 | 1.06222453987e+72 |           4.9223 |  0.330785 | 0.000433501074804 | 9.42401127561e-05 | 3.41876098013e-12 | 7.77914499735e-13 | 5.59852748675e-06 
 159 | 1.37315949805e+72 |           4.4588 |  0.337573 | 0.000398011404872 | 8.62585234847e-05 | 2.84330852074e-12 | 6.52730296544e-13 | 5.06465624442e-06 
 160 | 2.12745259566e+72 |           3.8395 |  0.286095 | 0.000337329643365 | 7.72025651462e-05 | 2.07510303901e-12 | 4.99453471469e-13 | 4.25980198819e-06 
 161 | 3.11388889237e+72 |           3.1405 |  0.227264 | 0.000283552570809 | 6.75580902754e-05 | 1.42673360063e-12 | 3.55261480886e-13 | 3.31878185989e-06 
 162 | 7.31104744848e+72 |           3.2422 |  0.263609 | 0.000190700373794 | 4.92671873192e-05 |  9.9060798644e-13 | 2.68296905865e-13 | 3.20497051168e-06 
 163 | 4.91989820584e+73 |           3.6558 |  0.466973 | 7.57318694929e-05 | 2.18269578495e-05 | 4.43579647681e-13 |   1.398390107e-13 | 3.12215949404e-06 
 164 | 2.40713266677e+65 |             64.0 |   90.5097 |    0.303496726128 |      0.3609204627 | 3.11203503473e-08 | 5.75029086607e-08 | 0.000427452524631 
 165 | 4.76290991477e+65 |             64.0 |   90.5097 |    0.285824032436 |    0.339903971597 | 2.93082042122e-08 | 5.41544993764e-08 | 0.000418892753636 
 166 | 9.09990928705e+65 |             64.0 |   90.5097 |    0.253182540392 |    0.301086478046 | 2.59611675531e-08 | 4.79699821787e-08 | 0.000386440937817 
 167 | 3.34466339175e+66 |          40.1992 |   56.8503 |     0.15315601649 |    0.182134222241 | 9.86420210486e-09 | 1.82266685815e-08 | 0.000153839418916 
 168 | 5.18994039373e+66 |          21.2161 |   30.0041 |    0.104917292021 |   0.0229476858722 | 3.56634319339e-09 |  5.1035344328e-09 | 5.89928668242e-05 
 169 | 1.40746517222e+67 |           8.9514 |  0.584919 |   0.0795979829295 |    0.015965809895 | 1.14157253157e-09 | 2.40821446282e-10 | 2.03329729461e-05 
 170 | 2.13314792208e+67 |           5.0321 |  0.169706 |   0.0737003642527 |   0.0129441566359 | 5.94195567194e-10 | 1.06266386017e-10 | 1.13795727214e-05 
 171 | 1.68034681798e+67 |           4.9245 |  0.195586 |   0.0717505660299 |   0.0134615824172 | 5.66106270284e-10 | 1.08564573088e-10 | 1.12217873568e-05 
 172 | 2.21766932169e+67 |           4.6432 |  0.181302 |   0.0703015457723 |   0.0124806057783 | 5.22989236138e-10 | 9.50653103972e-11 | 1.07418395374e-05 
 173 | 2.54503249657e+67 |           4.6505 |  0.176777 |   0.0683382725803 |   0.0116976837739 | 5.09183265121e-10 | 8.92818008059e-11 | 1.08825397317e-05 
 174 | 3.05245037309e+67 |           4.3557 |  0.219769 |   0.0678193987009 |   0.0114829170736 | 4.73284617494e-10 | 8.36170813243e-11 | 1.04950099681e-05 
 175 | 3.46820834402e+67 |           4.3896 |  0.122047 |   0.0652794834217 |    0.010653832061 | 4.59105112914e-10 | 7.60070408601e-11 | 1.04560144868e-05 
 176 | 3.84210230422e+67 |           4.4475 |  0.154574 |   0.0639300713409 |   0.0104636627077 | 4.55545395322e-10 | 7.62231816528e-11 | 1.06567070461e-05 
 177 | 4.24930689384e+67 |           4.4196 |  0.147644 |   0.0634296579655 |   0.0101685950414 | 4.49144233659e-10 | 7.35503563846e-11 | 1.09872416881e-05 
 178 | 4.88830489759e+67 |           4.4082 |  0.147502 |   0.0610074987473 |    0.009529272259 | 4.30878656457e-10 |  6.8829499724e-11 | 1.06386827691e-05 
 179 | 2.66842565698e+67 |           4.5231 |  0.195444 |   0.0610554044403 |   0.0110648284875 | 4.42456709534e-10 | 8.24324278335e-11 | 1.11204791157e-05 
 180 | 5.41852281723e+67 |           4.5773 |  0.143826 |   0.0601566831015 |  0.00910979203502 | 4.41167752048e-10 | 6.82309690864e-11 | 1.17317644874e-05 
 181 | 2.92925598301e+67 |           4.5725 |  0.196859 |   0.0572411617606 |   0.0106274725346 | 4.19346157988e-10 | 7.99222299536e-11 |   1.087712967e-05 
 182 | 3.13403405007e+67 |           4.3566 |  0.253003 |    0.057335234537 |    0.010354994194 | 4.00202460401e-10 | 7.59230227984e-11 | 1.04872833923e-05 
 183 | 3.31984323469e+67 |            4.785 |  0.189505 |   0.0565510898699 |  0.00989832696253 | 4.33544219811e-10 | 7.78029420637e-11 | 1.17959375806e-05 
 184 | 3.21906461633e+67 |           4.8137 |  0.200253 |   0.0552623509073 |  0.00995473502719 | 4.26205340987e-10 | 7.87956285703e-11 | 1.14500304337e-05 
 185 | 3.56613796328e+67 |           4.7204 |  0.191626 |   0.0557221567121 |  0.00963282540151 | 4.21421995065e-10 | 7.48339844177e-11 | 1.14306454855e-05 
 186 | 3.57966353814e+67 |           4.6372 |  0.189646 |   0.0544875534437 |   0.0094906272877 | 4.04821543836e-10 | 7.24292554765e-11 | 1.10883273525e-05 
 187 | 3.73592606616e+67 |           4.9991 |  0.193323 |    0.053865542391 |  0.00919938957379 | 4.31433011613e-10 | 7.55473212985e-11 | 1.19252568977e-05 
 188 | 3.94139926686e+67 |           4.8823 |  0.188373 |   0.0535718428561 |  0.00907921685374 | 4.19055487465e-10 | 7.28376181103e-11 | 1.22109293305e-05 
 189 | 4.05124702214e+67 |           5.0286 |   0.19106 |   0.0514496108783 |  0.00891674775542 | 4.14514471398e-10 | 7.35457323379e-11 | 1.17172634184e-05 
 190 | 4.48196124332e+67 |           4.6483 |  0.181019 |    0.051664727319 |  0.00860033585393 | 3.84767870753e-10 | 6.57794979499e-11 | 1.09703118232e-05 
 191 |  4.3085539354e+67 |           4.7882 |  0.191343 |    0.050051135083 |  0.00853194672838 | 3.83969472712e-10 | 6.72276625562e-11 |  1.1047829399e-05 
 192 | 4.34795988274e+67 |           5.1209 |  0.189787 |   0.0495832168767 |  0.00841317100812 | 4.06809888313e-10 | 7.06539874483e-11 | 1.18012867614e-05 
 193 | 4.67614184394e+67 |           5.2185 |  0.198556 |   0.0491148167862 |  0.00796852359597 | 4.10647062491e-10 | 6.84320814633e-11 | 1.27105476956e-05 
 194 | 4.71284485512e+67 |           5.1532 |  0.193464 |   0.0475124480866 |  0.00797799145358 | 3.92278866529e-10 | 6.74952920322e-11 | 1.16140155853e-05 
 195 | 5.31472254818e+67 |           4.9747 |  0.182858 |   0.0468315877403 |   0.0076948413805 | 3.73264139742e-10 | 6.28465258443e-11 | 1.11374223195e-05 
 196 | 4.99972150257e+67 |           5.4517 |  0.197141 |   0.0461279280386 |  0.00752962155507 | 4.02908478459e-10 |  6.7362652376e-11 | 1.21248656104e-05 
 197 | 5.43860493055e+67 |           5.3063 |  0.192474 |   0.0449054433209 |  0.00748031587033 | 3.81769557354e-10 |  6.5085125832e-11 | 1.16130640633e-05 
 198 | 5.41919917774e+67 |           5.4485 |  0.216092 |   0.0437212377781 |  0.00733241545404 | 3.81662867822e-10 | 6.57735467224e-11 | 1.24678215284e-05 
 199 | 5.70014774885e+67 |           5.4051 |  0.216799 |   0.0426631597123 |  0.00716807025926 | 3.69459835577e-10 | 6.38193200127e-11 | 1.14125541008e-05 
 200 | 5.92615922317e+67 |           5.2029 |   0.20096 |   0.0427989180729 |    0.007022485323 | 3.56770351817e-10 | 6.01392505854e-11 | 1.10992148063e-05 
 201 | 5.82002313384e+67 |           5.3758 |  0.172534 |   0.0414540101335 |  0.00684726163571 | 3.57042698212e-10 | 6.00783135103e-11 | 1.18418587103e-05 
 202 | 6.29732249188e+67 |           5.5566 |  0.264317 |   0.0408979316137 |  0.00669262989334 | 3.64100251791e-10 | 6.20483944394e-11 | 1.15302541097e-05 
 203 | 6.26471204971e+67 |            5.822 |  0.286378 |   0.0398974607662 |  0.00677320075321 | 3.72158508363e-10 | 6.57781943715e-11 | 1.27640834209e-05 
 204 | 6.42272904494e+67 |           5.2328 |  0.197566 |   0.0389513782975 |  0.00676434374173 | 3.26563362726e-10 | 5.80361776111e-11 | 1.04903808338e-05 
 205 | 6.83099946231e+67 |           5.3835 |  0.183424 |   0.0386392267419 |  0.00632564246477 | 3.33275696686e-10 | 5.57297857648e-11 | 1.07762641184e-05 
 206 | 6.78408070325e+67 |           5.3796 |  0.173241 |   0.0378234746464 |  0.00628649430808 | 3.26003231078e-10 | 5.51914344036e-11 |  1.1335824063e-05 
 207 | 7.33088760608e+67 |           5.5067 |  0.377595 |   0.0371646857398 |  0.00631591892976 | 3.27893175704e-10 | 6.00884758234e-11 | 1.07781506062e-05 
 208 | 7.12467081834e+67 |            5.452 |  0.238436 |   0.0368823455664 |  0.00612496462545 | 3.22169841893e-10 | 5.53261461504e-11 | 1.15513060741e-05 
 209 | 7.39101582292e+67 |           5.7922 |   0.30448 |   0.0355540911714 |   0.0059211817737 | 3.29946579612e-10 |   5.762167452e-11 | 1.09914772216e-05 
 210 | 7.49842830312e+67 |           5.7402 |  0.312683 |   0.0343899426716 |  0.00585320910676 | 3.16277991641e-10 | 5.65206468511e-11 | 1.06001292431e-05 
 211 | 7.54934266521e+67 |           5.3059 |    0.2308 |   0.0339530585381 |  0.00598182357575 | 2.88634648434e-10 | 5.23784453194e-11 | 1.04797223883e-05 
 212 | 8.23300411636e+67 |           5.7481 |  0.291611 |   0.0327946109673 |  0.00574329449199 | 3.02021094073e-10 | 5.50672723967e-11 | 1.02786535101e-05 
 213 |  1.6954348232e+68 |           5.7728 |  0.224294 |   0.0323795373712 |  0.00463912214522 | 2.99479873847e-10 | 4.44572144196e-11 | 1.03207309181e-05 
 214 | 1.76798158187e+68 |           5.7585 |  0.221749 |   0.0310863054024 |  0.00459609891842 | 2.86806494231e-10 | 4.38189129202e-11 | 1.08361792785e-05 
 215 | 1.83428279213e+68 |           5.5891 |  0.224011 |   0.0295781450367 |  0.00446660377625 | 2.64864222397e-10 | 4.13820267203e-11 | 9.36280666085e-06 
 216 | 1.94277687203e+68 |           6.1609 |  0.231931 |   0.0290657929838 |  0.00425539968184 | 2.86904154324e-10 | 4.33708015899e-11 | 1.02605819235e-05 
 217 | 2.04099489125e+68 |           6.2813 |  0.239002 |   0.0282008070584 |   0.0042149345886 | 2.83805998907e-10 | 4.37710581116e-11 | 1.02874593882e-05 
 218 | 2.08049416117e+68 |            6.241 |  0.236032 |   0.0274823752715 |  0.00407117837125 | 2.74801407844e-10 | 4.20141863794e-11 | 1.00728245191e-05 
 219 | 2.19435869671e+68 |           6.1826 |  0.235749 |   0.0266132252395 |  0.00396419366524 | 2.63620484339e-10 | 4.05340008226e-11 | 1.06956689306e-05 
 220 | 2.23054798381e+68 |           5.9438 |  0.243669 |   0.0261668607169 |  0.00387461833971 | 2.49187527703e-10 | 3.82860949836e-11 | 9.34134090801e-06 
 221 | 2.38558272459e+68 |           6.2479 |  0.240275 |   0.0250311178631 |  0.00380939885375 | 2.50567539654e-10 | 3.93316592575e-11 | 9.50912144997e-06 
 222 | 2.44579990146e+68 |           6.5127 |  0.248477 |   0.0249412022809 |  0.00368007991051 | 2.60248932238e-10 | 3.96627387565e-11 | 9.97753752785e-06 
 223 |  2.5462901572e+68 |           6.0986 |  0.245649 |   0.0237344751512 |  0.00359518325764 | 2.31910423229e-10 | 3.63494452063e-11 | 9.80630970961e-06 
 224 | 2.58992386078e+68 |           6.4316 |  0.266155 |   0.0228420577394 |  0.00341322893777 | 2.35377394325e-10 | 3.64956773292e-11 | 1.01645613676e-05 
 225 | 2.71967691583e+68 |           6.2289 |  0.272519 |   0.0225937799431 |  0.00336165450485 | 2.25481410598e-10 |  3.4968972642e-11 | 8.90919632202e-06 
 226 | 2.80240664349e+68 |           6.1157 |  0.264882 |    0.021126332435 |  0.00326226218767 | 2.07004963617e-10 | 3.31986438798e-11 | 8.27009663291e-06 
 227 | 2.89366228659e+68 |           5.8826 |  0.274357 |   0.0206860727904 |   0.0031807835699 | 1.94965535802e-10 | 3.13274482628e-11 | 7.86145802993e-06 
 228 | 2.99133319237e+68 |            6.157 |  0.281429 |   0.0206291675575 |  0.00309851293057 | 2.03498566595e-10 | 3.19495991518e-11 | 9.11604059401e-06 
 229 | 3.10568509512e+68 |           5.9808 |  0.281287 |    0.019563331171 |  0.00299358317067 | 1.87461716982e-10 | 3.00097661605e-11 |  7.7006697044e-06 
 230 | 3.13433410659e+68 |           6.5528 |  0.288075 |   0.0188780495433 |  0.00293220783964 | 1.98195842064e-10 | 3.19938142925e-11 | 8.21313226564e-06 
 231 | 3.29346220735e+68 |           6.0333 |  0.308723 |   0.0188625786358 |  0.00279480146859 | 1.82333501192e-10 | 2.85814082542e-11 |  7.6321603438e-06 
 232 | 3.35457451578e+68 |           6.4538 |  0.286378 |      0.0176863523 |  0.00281235829565 | 1.82879186346e-10 | 3.01911988626e-11 | 7.72012058193e-06 
 233 | 3.46698423451e+68 |           6.7653 |  0.308299 |   0.0172005988935 |  0.00268082135729 | 1.86440864538e-10 | 3.02746075651e-11 | 8.79551042172e-06 
 234 | 3.49601595769e+68 |            6.308 |  0.300096 |   0.0163445161034 |  0.00269123432844 | 1.65186385754e-10 | 2.83115727499e-11 | 7.09236465813e-06 
 235 | 3.62312615324e+68 |           6.0827 |  0.327815 |    0.015566679024 |  0.00256699680704 | 1.51706030558e-10 | 2.63189421007e-11 | 6.57492964136e-06 
 236 | 3.61866347125e+68 |           6.2432 |  0.326825 |   0.0150775450934 |  0.00254085419552 | 1.50816328669e-10 | 2.66134603748e-11 | 6.58816308928e-06 
 237 |  5.8025252176e+68 |           6.2855 |  0.278742 |    0.014234572756 |  0.00216992528766 | 1.43349031676e-10 | 2.27580924961e-11 | 6.34047257665e-06 
 238 | 5.91042081457e+68 |           6.5222 |  0.287368 |    0.013743011383 |  0.00212812639332 |  1.4361060719e-10 | 2.31209874193e-11 | 6.42177177398e-06 
 239 | 6.19893793073e+68 |           6.3317 |  0.288217 |   0.0133674913649 |  0.00205333577035 | 1.35606567852e-10 | 2.17254441609e-11 | 6.85310426661e-06 
 240 | 6.50204697154e+68 |           6.3254 |  0.305046 |   0.0130441386317 |  0.00197584557308 | 1.32194651554e-10 | 2.10143859617e-11 | 6.72282851439e-06 
 241 | 6.81304518591e+68 |           6.3817 |  0.295712 |   0.0124199008544 |  0.00193322374709 | 1.26988680023e-10 | 2.06237379229e-11 | 5.87804118777e-06 
 242 | 7.24623732496e+68 |           6.6205 |  0.306884 |   0.0119756792054 |  0.00186135464676 | 1.27028579781e-10 | 2.06031161736e-11 | 5.94543982071e-06 
 243 | 7.43003127229e+68 |           6.7519 |  0.270256 |   0.0114133332845 |  0.00178052330169 | 1.23466462879e-10 | 1.98851238016e-11 | 5.83551807768e-06 
 244 | 7.72735399441e+68 |           6.3619 |  0.319754 |   0.0111812951586 |  0.00177545712791 | 1.13969707364e-10 | 1.89819671558e-11 |  5.4442914274e-06 
 245 | 7.96604368051e+68 |           6.7314 |   0.24777 |   0.0110978614305 |  0.00176507796416 | 1.19689262246e-10 | 1.95393162567e-11 |  6.4617967051e-06 
 246 | 8.22956235716e+68 |           6.6333 |  0.320178 |   0.0108180826489 |  0.00174769568197 | 1.14971557849e-10 | 1.93853289023e-11 |  5.6054272547e-06 
 247 | 8.52598590708e+68 |           6.5502 |  0.333896 |   0.0107298465623 |  0.00170173690367 | 1.12605230584e-10 |  1.8758796331e-11 | 5.54515319323e-06 
 248 | 8.88035392142e+68 |           6.9444 |  0.634416 |   0.0100977077524 |  0.00167810129649 | 1.12348688784e-10 | 2.13059804131e-11 | 5.58702071422e-06 
 249 | 9.00038211804e+68 |           6.7173 |  0.254417 |   0.0101049104799 |  0.00160215351513 | 1.08752113052e-10 | 1.77280076721e-11 | 5.45530185653e-06 
 250 | 9.26208300725e+68 |           6.6553 |  0.480833 |  0.00998975019699 |  0.00163196470837 |   1.065203948e-10 | 1.90274029464e-11 | 6.06629186711e-06 
 251 | 9.58544604567e+68 |           7.3521 |  0.549139 |  0.00993933773201 |  0.00155854746243 | 1.17079090525e-10 | 2.03350325769e-11 | 6.70065104495e-06 
 252 | 1.34848854978e+69 |           7.1346 |  0.454245 |  0.00934501987107 |  0.00140387991536 | 1.06821915543e-10 | 1.74293111043e-11 | 5.52239611381e-06 
 253 | 1.40757906494e+69 |           7.1489 |   0.44873 |  0.00908586883654 |  0.00140264931031 | 1.04067753615e-10 | 1.73428909122e-11 | 5.44510679311e-06 
 254 | 1.44825387429e+69 |            7.382 |  0.476731 |  0.00887661617007 |  0.00134972799998 | 1.04986141146e-10 | 1.73437391592e-11 | 5.55407423287e-06 
 255 | 1.51944464199e+69 |           6.7225 |  0.269549 |  0.00854025655172 |  0.00130100242537 | 9.19839830336e-11 | 1.44898824102e-11 |  4.9224293172e-06 
 256 | 1.55775407961e+69 |            6.728 |  0.243245 |   0.0083780936892 |  0.00127387888986 | 9.03112178791e-11 | 1.41145624028e-11 | 5.50348134056e-06 
 257 | 1.62673933299e+69 |           7.8999 |  0.504591 |  0.00815653495948 |  0.00125572103348 | 1.03237573073e-10 | 1.72073311069e-11 | 5.64497801648e-06 
 258 | 1.67406513815e+69 |           6.4927 |  0.329512 |  0.00807455687399 |  0.00124065945044 | 8.39952126535e-11 | 1.35916977417e-11 | 5.21534453167e-06 
 259 | 1.71993853462e+69 |           6.9073 |  0.542917 |   0.0078245899608 |  0.00121237100236 | 8.65925241829e-11 | 1.50445826037e-11 |  4.8483716007e-06 
 260 | 1.76659141592e+69 |           6.8711 |  0.545886 |  0.00753448396166 |  0.00118366318952 | 8.29450114908e-11 | 1.46020956584e-11 | 4.67482484117e-06 
 261 | 1.78938177039e+69 |           6.6491 |  0.371372 |  0.00743962691575 |  0.00117841497381 | 7.92546045309e-11 | 1.33112795277e-11 | 4.50949380685e-06 
 262 | 1.83699243046e+69 |           7.6736 |  0.512652 |  0.00705752492843 |  0.00113873758371 | 8.67684984599e-11 | 1.51527981054e-11 | 4.98640392745e-06 
 263 | 1.87635945901e+69 |           6.8109 |  0.428365 |  0.00709467553353 |  0.00112962653356 | 7.74189984388e-11 | 1.32536317125e-11 | 5.07283251417e-06 
 264 | 1.95485031681e+69 |            7.442 |  0.527077 |  0.00697501308851 |  0.00109104836878 | 8.31658786862e-11 | 1.42803611133e-11 | 4.92757504238e-06 
 265 | 2.06098378722e+69 |           7.7018 |  0.520289 |  0.00678370126422 |  0.00107507818718 | 8.37084763054e-11 | 1.44210427622e-11 | 5.57472013321e-06 
 266 | 2.12176098925e+69 |           7.4802 |  0.537967 |  0.00673549966733 |  0.00103573257376 | 8.07222969094e-11 | 1.37033556049e-11 | 4.84682420638e-06 
 267 | 2.19633669257e+69 |           7.0633 |  0.460044 |  0.00638656808535 |   0.0010200056264 | 7.22746005363e-11 | 1.24660058185e-11 |  4.3457319341e-06 
 268 | 2.23287087939e+69 |           7.8177 |  0.531886 |  0.00631285138361 |  0.00102092180328 |  7.9070603557e-11 | 1.38729259339e-11 |  4.8095703136e-06 
 269 |  2.3214897193e+69 |           7.8444 |  0.535563 |  0.00609493628291 |  0.00099304184823 | 7.66018731956e-11 | 1.35321266348e-11 | 4.68551272508e-06 
 270 | 2.36837816182e+69 |           7.7032 |  0.548715 |  0.00605505527957 | 0.000974881323959 | 7.47308240706e-11 | 1.31568565866e-11 | 5.21691032977e-06 
 271 | 2.40598871046e+69 |           8.1521 |  0.558614 |  0.00592308248795 | 0.000951577249583 | 7.73620111589e-11 | 1.35119803972e-11 | 4.88105902451e-06 
 272 | 2.50175053546e+69 |           7.7194 |  0.570777 |  0.00592080041943 | 0.000937066780751 | 7.32275419826e-11 |  1.2791914221e-11 |  5.1857400658e-06 
 273 | 3.28084377266e+69 |            7.103 |  0.434871 |   0.0057045179225 |  0.00086361356781 | 6.49189170632e-11 | 1.06014005926e-11 | 4.64729366137e-06 
 274 | 3.37164672287e+69 |           7.8232 |  0.511662 |  0.00551679062938 | 0.000856602470053 | 6.91482893671e-11 | 1.16503970135e-11 | 5.00269212979e-06 
 275 |  3.4793115621e+69 |           8.0467 |  0.539947 |   0.0054195879249 | 0.000831549064948 | 6.98706114453e-11 | 1.17009022216e-11 |  5.1075823932e-06 
 276 | 3.57164611006e+69 |           8.5488 |  0.717855 |   0.0052156915858 | 0.000822691417044 |  7.1437718548e-11 | 1.27654190639e-11 | 5.27540458826e-06 
 277 | 3.67274797283e+69 |           7.9164 |  0.528916 |  0.00509250658425 | 0.000810555455714 | 6.45906745093e-11 | 1.11496763429e-11 | 4.81745700571e-06 
 278 | 3.81206992591e+69 |           8.3669 |   0.52835 |  0.00500948380287 | 0.000776095558705 | 6.71534100637e-11 | 1.12348000854e-11 | 5.05768533456e-06 
 279 | 3.89012757571e+69 |           7.6295 |  0.543341 |   0.0048270733307 | 0.000766806205037 | 5.90052237795e-11 | 1.02721124719e-11 | 4.48672022802e-06 
 280 | 3.99737422518e+69 |           8.7611 |  0.886146 |  0.00467889909537 |  0.00075327495396 | 6.56769234424e-11 | 1.24871694011e-11 | 4.47390308036e-06 
 281 | 4.09906942002e+69 |           8.1561 |  0.562857 |  0.00465861390378 | 0.000738436748143 | 6.08765129707e-11 | 1.05243972098e-11 | 4.18865041286e-06 
 282 | 4.20692124577e+69 |           8.4937 |   0.80497 |  0.00453463780557 | 0.000768190992309 | 6.17092142185e-11 | 1.19785766554e-11 |  4.2878504784e-06 
 283 | 4.33484136158e+69 |           7.8543 |  0.571908 |  0.00442514452817 | 0.000711660724325 | 5.56859251355e-11 | 9.83068656474e-12 | 3.90677404507e-06 
 284 | 4.43146940446e+69 |           7.8349 |  0.591566 |  0.00432392538804 | 0.000690201711864 | 5.42777875275e-11 |  9.5843908086e-12 | 3.84414083937e-06 
 285 | 5.58964185636e+69 |           8.3535 |  0.567524 |  0.00412331891488 | 0.000647303465518 | 5.51856186107e-11 | 9.43984617577e-12 | 4.41277102944e-06 
 286 | 5.71884405239e+69 |           8.0012 |  0.553382 |  0.00408653079626 | 0.000635606562838 |  5.2386620209e-11 | 8.91730075045e-12 | 3.81275708964e-06 
 287 | 5.74667281632e+69 |            8.423 |  0.442649 |  0.00393241120962 | 0.000626572149165 | 5.30684296219e-11 | 8.90372341507e-12 | 3.86285701226e-06 
 288 | 5.78446460614e+69 |           9.1764 |   0.83481 |  0.00389205955458 | 0.000621887821971 | 5.72219053884e-11 | 1.05212150683e-11 | 4.83344859976e-06 
 289 | 5.96657098447e+69 |           7.7603 |   0.55819 |  0.00372840557003 | 0.000616290323224 | 4.63566624738e-11 |   8.356618727e-12 |  3.4626645618e-06 
 290 | 6.14363878057e+69 |           8.2455 |     0.591 |  0.00367323077499 | 0.000614987351893 | 4.85261328365e-11 | 8.83764638322e-12 | 4.07488664197e-06 
 291 |   6.301470437e+69 |           8.4852 |  0.709087 |  0.00362771760011 | 0.000616964689053 | 4.93180668087e-11 | 9.34537796028e-12 | 4.26983943815e-06 
 292 | 6.52798395425e+69 |           8.3127 |  0.845134 |  0.00358103925814 | 0.000586939140971 | 4.76937747888e-11 | 9.19886371671e-12 | 3.65159397588e-06 
 293 |  6.7917851346e+69 |           7.3894 |  0.563423 |  0.00347536312677 | 0.000580384035993 | 4.11452644988e-11 | 7.55354826128e-12 | 3.28361946692e-06 
 294 | 7.08296645057e+69 |           8.9125 |   1.36839 |  0.00336499934466 | 0.000577215351789 | 4.80501821533e-11 | 1.10617421374e-11 |  4.2590014701e-06 
 295 | 7.26853969509e+69 |           8.0111 |  0.599061 |  0.00337523369906 | 0.000545076583594 | 4.33217991316e-11 | 7.70980302391e-12 | 3.39582445555e-06 
 296 | 8.72099497539e+69 |           7.8791 |  0.551826 |  0.00325053477949 | 0.000527913295144 | 4.10338167024e-11 | 7.25748230437e-12 | 3.26512138589e-06 
 297 | 8.88766789148e+69 |           7.1043 |  0.462872 |  0.00329635091123 | 0.000514977766194 | 3.75202069272e-11 | 6.35098358549e-12 | 3.43007792505e-06 
 298 | 9.15222170045e+69 |           8.1151 |  0.598919 |  0.00325345227055 | 0.000506429746313 | 4.23008216991e-11 | 7.28712899628e-12 | 3.53411980497e-06 
 299 | 9.61425314323e+69 |           8.3953 |  0.424971 |  0.00314615154635 | 0.000508882471665 | 4.23181181302e-11 | 7.17222627276e-12 | 3.44175648665e-06 
 300 | 9.85630360207e+69 |           7.7256 |  0.585343 |  0.00308469115982 | 0.000494704226568 | 3.81816231643e-11 | 6.77230543755e-12 | 3.14898139457e-06 
 301 | 1.00226070577e+70 |           8.5834 |  0.624941 |  0.00303789048287 | 0.000488003815062 | 4.17774517758e-11 |   7.368235082e-12 | 3.95648634039e-06 
 302 | 1.01668881023e+70 |            8.246 |  0.635972 |  0.00298685476334 | 0.000484665176175 | 3.94609870417e-11 | 7.08964978611e-12 | 3.41326755166e-06 
 303 | 1.03308058522e+70 |           8.2409 |  0.766079 |  0.00285238617891 | 0.000477834843099 | 3.76611400613e-11 | 7.21532790143e-12 | 3.10083652989e-06 
 304 | 1.04458107583e+70 |           9.0064 |  0.954594 |  0.00281530334152 | 0.000475434098289 | 4.06243967762e-11 | 8.09972975367e-12 |  3.4643389104e-06 
 305 | 1.23415799352e+70 |           7.8983 |  0.594111 |  0.00270348809621 | 0.000448670642112 | 3.42112221828e-11 | 6.23365268203e-12 | 2.86514492404e-06 
 306 | 1.28346913643e+70 |           7.7159 |  0.617163 |  0.00276013406817 | 0.000436028243124 | 3.41214326757e-11 | 6.04184366635e-12 | 2.88316497052e-06 
 307 | 1.33589570661e+70 |           7.9835 |  0.563564 |  0.00257615555404 | 0.000447406279886 | 3.29515543892e-11 | 6.17743598468e-12 | 2.98436917627e-06 
 308 | 1.39727870097e+70 |           8.1181 |  0.599909 |   0.0025699941741 | 0.000426420163717 |  3.3426971986e-11 | 6.07150075483e-12 | 3.03906286374e-06 
 309 | 1.45060956813e+70 |           7.5896 |  0.609526 |  0.00252798740284 |  0.00040684266152 | 3.07400302789e-11 | 5.52893524055e-12 | 3.12230190565e-06 
 310 | 1.48001945972e+70 |           7.8586 |  0.611223 |  0.00246247513831 | 0.000411144459801 | 3.10047003946e-11 | 5.71078492175e-12 | 3.16595855315e-06 
 311 | 1.50995986142e+70 |           7.8954 |  0.607546 |  0.00237829076733 |  0.00040740999403 | 3.00849700006e-11 | 5.64974291761e-12 | 2.65120850273e-06 
 312 | 1.54440932604e+70 |           7.1916 |  0.573605 |  0.00237716483145 | 0.000390773424826 | 2.73902063377e-11 | 5.00458826355e-12 | 2.43322328862e-06 
 313 | 1.57492500558e+70 |           7.9544 |  0.639366 |  0.00228389737666 | 0.000393287947542 | 2.91068031291e-11 |   5.531344315e-12 | 2.60626515493e-06 
 314 | 1.61855306375e+70 |           6.9081 |   0.55819 |  0.00227067971065 |  0.00038275043042 | 2.51318810825e-11 | 4.69785847497e-12 | 2.41133746199e-06 
 315 | 1.91525538664e+70 |           7.7506 |  0.630174 |  0.00219180637996 |  0.00036103957754 | 2.72174852302e-11 | 4.99974163848e-12 | 2.47710087059e-06 
 316 | 1.97824858541e+70 |            7.807 |  0.630315 |  0.00211762414908 | 0.000355639183777 | 2.64876581137e-11 |  4.9357521166e-12 | 2.58010659579e-06 
 317 | 2.02428026698e+70 |           7.8238 |  0.660721 |  0.00209663122509 | 0.000343255601878 | 2.62815083865e-11 | 4.84145735881e-12 | 2.43235318355e-06 
 318 | 2.06536334157e+70 |           8.1444 |  0.643891 |   0.0020245205645 | 0.000351940940846 | 2.64175027746e-11 | 5.04501284883e-12 | 2.61128677929e-06 
 319 | 2.08946277031e+70 |           8.3666 |  0.522128 |  0.00198126863272 | 0.000339645944118 | 2.65584585459e-11 | 4.84517344827e-12 | 2.49817979111e-06 
 320 | 2.10049093296e+70 |           8.1764 |  0.675004 |  0.00197784940688 | 0.000343520452432 | 2.59099069743e-11 | 4.98261916564e-12 | 2.81049130275e-06 
 321 | 2.47269877234e+70 |           8.2291 |  0.725209 |  0.00191693011757 | 0.000327356967015 | 2.52737174322e-11 | 4.85685109478e-12 | 2.47706768062e-06 
 322 | 2.54092264874e+70 |           8.1727 |  0.659589 |  0.00184583597482 | 0.000315225852009 | 2.41695827165e-11 | 4.56531476844e-12 | 2.39190543165e-06 
 323 | 2.59204887442e+70 |           7.9629 |  0.672317 |  0.00186048619118 | 0.000273568063782 | 2.37360372311e-11 | 4.02462214931e-12 | 2.37142471912e-06 
 324 | 2.68511607302e+70 |           8.2547 |   1.26035 |  0.00175709434019 | 0.000387551862922 | 2.32384336473e-11 | 6.23381166914e-12 | 2.34345919781e-06 
 325 | 2.77296641103e+70 |           7.8319 |  0.693389 |  0.00175389360089 | 0.000265528209086 | 2.20080151722e-11 |  3.8597735249e-12 | 2.23978735099e-06 
 326 | 2.74262266917e+70 |           7.0648 |  0.882328 |  0.00170688246957 | 0.000296771388525 | 1.93203046185e-11 | 4.13597123736e-12 | 1.98400998521e-06 
 327 | 2.79260390765e+70 |           7.1135 |  0.589727 |  0.00167122717176 | 0.000296452689679 | 1.90471202683e-11 | 3.72947779318e-12 | 1.97330540274e-06 
 328 | 3.20399980841e+70 |           7.6019 |  0.669206 |  0.00162373973279 | 0.000281656114621 | 1.97764833964e-11 | 3.84693888746e-12 | 2.05792434489e-06 
 329 | 3.32956368302e+70 |            6.639 |  0.663832 |  0.00157751673439 | 0.000282160462166 |  1.6779813617e-11 | 3.43843587372e-12 | 1.96026547767e-06 
 330 | 3.43733204532e+70 |           6.5819 |  0.499359 |  0.00153377037421 | 0.000278045187045 | 1.61741745392e-11 |  3.1785131405e-12 |  1.7191461986e-06 
 331 |  3.4757679741e+70 |           6.9767 |   0.83778 |  0.00147911735437 | 0.000265708185008 | 1.65334377115e-11 | 3.57253291012e-12 | 1.76471163168e-06 
 332 | 3.62654623866e+70 |           6.3474 |  0.471075 |   0.0014526747879 | 0.000272707295554 | 1.47732066378e-11 | 2.98219809134e-12 | 1.76891229351e-06 
 333 | 4.13906372177e+70 |           7.6171 |  0.686459 |  0.00140422667835 | 0.000250767938961 |  1.7137101001e-11 | 3.42797142579e-12 | 1.85911208406e-06 
 334 | 4.15609289376e+70 |           6.6955 |  0.343654 |  0.00141120886268 | 0.000244598598435 | 1.51385679976e-11 | 2.73652914459e-12 | 1.66181112292e-06 
 335 |  4.5752537774e+70 |           6.3526 |  0.482954 |  0.00134051486489 | 0.000239087901672 | 1.36437465769e-11 | 2.64528100169e-12 | 1.50938594483e-06 
 336 | 4.68491684094e+70 |           6.6698 |  0.406162 |  0.00132846159454 | 0.000237952502874 | 1.41962060813e-11 | 2.68574234613e-12 | 1.58254964392e-06 
 337 | 4.85904228855e+70 |            6.083 |   0.47659 |  0.00131000775471 | 0.000242255497384 | 1.27673918872e-11 |  2.5641898993e-12 | 1.59895534399e-06 
 338 | 5.40945249286e+70 |           6.3433 |  0.479136 |  0.00125433717931 | 0.000229143062067 | 1.27479405762e-11 | 2.52002000776e-12 |   1.650921781e-06 
 339 | 5.57234856347e+70 |           6.6957 |  0.375757 |  0.00121023341181 |  0.00022077743787 |   1.298301711e-11 | 2.47796843525e-12 | 1.54469341468e-06 
 340 | 6.32440332571e+70 |           6.6535 |  0.394707 |  0.00114202222263 | 0.000208816342843 | 1.21740537342e-11 | 2.34022524491e-12 | 1.36693355412e-06 
 341 | 6.72831897784e+70 |           6.7538 |  0.675428 |  0.00113556491471 |   0.0002163922346 | 1.22877013961e-11 | 2.64440374378e-12 | 1.39248375637e-06 
 342 | 7.04353256042e+70 |           6.7208 |  0.626779 |  0.00108199806187 | 0.000210071238255 | 1.16508588953e-11 | 2.50945696893e-12 | 1.37516712207e-06 
 343 | 7.29725989902e+70 |           6.3139 |  0.527643 |  0.00108549617965 | 0.000201810851981 | 1.09808634514e-11 | 2.23827506046e-12 | 1.30913194673e-06 
 344 | 8.12642540015e+70 |           6.6545 |  0.355675 |  0.00102674269286 | 0.000191708065939 | 1.09468090758e-11 | 2.12602671179e-12 | 1.27489558726e-06 
 345 | 8.27214868551e+70 |           6.6629 |  0.349594 |  0.00100790636701 | 0.000185805910647 | 1.07595467018e-11 | 2.06227953151e-12 | 1.34919022496e-06 
 346 | 9.20125892955e+70 |           6.6373 |  0.423274 | 0.000950005746164 | 0.000182029370978 | 1.01024840595e-11 | 2.04012074822e-12 | 1.19878721597e-06 
 347 | 9.39399440685e+70 |           7.1621 |   0.63781 | 0.000958301576315 | 0.000180102691141 | 1.09964642376e-11 | 2.28694142774e-12 | 1.31711521541e-06 
 348 | 1.04960435281e+71 |           5.8988 |  0.504167 | 0.000910305519667 | 0.000178443971082 | 8.60322602683e-12 | 1.83979137161e-12 | 1.04055511738e-06 
 349 | 1.08196494877e+71 |           6.8737 |  0.606415 | 0.000891397893935 | 0.000171276722685 | 9.81686184644e-12 | 2.07557583463e-12 | 1.19874986317e-06 
 350 | 1.33987581583e+71 |           6.1727 |  0.543058 | 0.000838832781585 | 0.000156940542279 | 8.29585308904e-12 | 1.71513968386e-12 | 1.09726492302e-06 
 351 | 1.55315536254e+71 |           6.2389 |  0.517036 | 0.000759946563207 | 0.000151457774296 | 7.59629086495e-12 | 1.63961410578e-12 | 1.01593083567e-06 
 352 | 1.69191893949e+71 |           5.1764 |   0.36119 | 0.000761732247318 | 0.000148246201468 | 6.31743349142e-12 | 1.30611453853e-12 | 9.15724161198e-07 
 353 | 2.01589023522e+71 |           5.3493 |  0.309713 | 0.000681323244137 | 0.000134453675798 |  5.8392980865e-12 | 1.20090971804e-12 | 7.72178476787e-07 
 354 |  2.2464691563e+71 |           5.2019 |  0.379716 | 0.000647477457065 | 0.000130210294374 | 5.39631316175e-12 | 1.15449808233e-12 | 8.53303687933e-07 
 355 | 2.85689473968e+71 |           4.4391 |  0.265306 | 0.000605760198731 | 0.000119988186144 | 4.30830197051e-12 | 8.91382588393e-13 | 5.87809864286e-07 
 356 | 3.58796068373e+71 |           5.1389 |  0.373635 | 0.000515666341938 | 0.000108335257259 | 4.24570121877e-12 | 9.43876462496e-13 | 5.89421257152e-07 
 357 |  5.2455292302e+71 |           4.8177 |     0.394 | 0.000424869282104 | 9.06813927867e-05 | 3.27948440832e-12 |   7.495768505e-13 | 4.49049298467e-07 
 358 | 7.53926078797e+71 |           3.7332 |  0.273933 | 0.000370389828267 | 8.24166066242e-05 | 2.21539315796e-12 | 5.19066050238e-13 | 3.66783608155e-07 
 359 | 1.26323999864e+72 |           4.2838 |  0.645589 | 0.000285375823183 | 7.34457730795e-05 | 1.95865014653e-12 | 5.84152998706e-13 | 2.83871003232e-07 
 360 | 4.85470235236e+72 |            2.972 |  0.194596 | 0.000153762786054 | 3.84954897777e-05 | 7.32167623572e-13 | 1.89468031193e-13 | 1.17689963743e-07 
 361 | 1.84847227072e+73 |           0.9223 | 0.0280014 |  0.00011771076497 | 3.12203217172e-05 | 1.73939763308e-13 | 4.64351535594e-14 | 3.63401833641e-08 
 362 | 3.45092408305e+73 |             0.79 |   0.02885 |  8.0373799754e-05 | 2.70052152699e-05 | 1.01730714924e-13 |  3.4382339421e-14 | 2.18915487423e-08 
 363 | 1.04653242323e+73 |           0.7705 |  0.147927 | 6.13301665482e-05 | 4.19015262092e-05 |  7.5710703645e-14 | 5.37299866904e-14 | 3.23051438717e-07 
 364 | 6.66991762537e+65 |             64.0 |   90.5097 |    0.212488923609 |    0.252693338699 | 2.17884714343e-08 | 4.02598451284e-08 | 0.000334391540171 
 365 | 6.79840230057e+66 |           9.5465 |  0.601465 |   0.0888293882743 |    0.021204571847 | 1.35866175481e-09 | 3.35434068572e-10 | 2.47694228555e-05 
 366 | 1.49412884573e+67 |           4.4942 |    0.1871 |   0.0789607734412 |    0.014058477652 | 5.68557384062e-10 | 1.03958640024e-10 | 1.17574944059e-05 
 367 | 1.44518863837e+67 |           4.1373 |  0.136047 |   0.0790323445345 |   0.0141497999236 | 5.23880668893e-10 | 9.53634603281e-11 | 1.16199165853e-05 
 368 | 1.83230703874e+67 |           3.7875 |  0.116248 |   0.0733562772139 |   0.0132747987276 | 4.45143879639e-10 | 8.17051582491e-11 | 1.04768160368e-05 
 369 | 1.57427674282e+67 |           3.9846 |  0.128835 |   0.0716161821066 |   0.0134374304985 | 4.57200183183e-10 | 8.70494072958e-11 | 1.12246609829e-05 
 370 | 1.82548059768e+67 |           3.8958 |  0.121198 |   0.0703754697566 |   0.0134119622467 | 4.39266886322e-10 |   8.482232157e-11 |  1.1192380027e-05 
 371 | 2.12464520339e+67 |           3.9091 |  0.121764 |   0.0706501926014 |   0.0125533254675 | 4.42487115901e-10 | 7.98213304541e-11 |  1.1671556203e-05 
 372 | 2.43600306496e+67 |            4.238 |  0.130815 |   0.0691682911941 |   0.0117426206534 | 4.69654494999e-10 | 8.10398830064e-11 | 1.27962871741e-05 
 373 |  2.7391466098e+67 |           4.6475 |  0.185969 |   0.0645970072342 |   0.0109540134006 | 4.80996916907e-10 | 8.38049910888e-11 | 1.35280799069e-05 
 374 | 2.99870614423e+67 |           4.2649 | 0.0907925 |   0.0631455227627 |    0.010605112844 | 4.31481251477e-10 | 7.30459009152e-11 | 1.24875975591e-05 
 375 | 3.40788669029e+67 |           4.3725 |  0.141563 |   0.0632301094494 |   0.0101929542907 | 4.42959723055e-10 |  7.2832810416e-11 | 1.31717356633e-05 
 376 | 3.73207973343e+67 |           4.5293 |   0.17706 |   0.0598694868761 |  0.00965718528507 |  4.3445733774e-10 | 7.21083410606e-11 | 1.32694402991e-05 
 377 | 4.11184780861e+67 |           4.8224 |  0.178049 |   0.0579863310807 |  0.00922437574472 |  4.4802202311e-10 | 7.31650819286e-11 | 1.40213364298e-05 
 378 | 4.44314964647e+67 |           5.0055 |  0.176635 |   0.0562315130511 |  0.00909100275266 | 4.50959680597e-10 | 7.46236213488e-11 | 1.44453521682e-05 
 379 | 4.79717843557e+67 |           5.2278 |  0.174938 |   0.0535900997238 |  0.00857846704548 | 4.48863212771e-10 | 7.34052249726e-11 | 1.47015228324e-05 
 380 | 5.11569435259e+67 |           5.3175 |  0.179039 |   0.0511464485493 |    0.008171342293 | 4.35746075025e-10 |  7.1145574147e-11 | 1.45792045363e-05 
 381 | 5.70866920518e+67 |           5.1071 |  0.180454 |   0.0492992889874 |  0.00784604538448 | 4.03390356064e-10 | 6.57632879683e-11 | 1.37859601501e-05 
 382 | 5.97535043824e+67 |           5.1857 |   0.19205 |   0.0464731565736 |  0.00744630989871 | 3.86118000343e-10 | 6.34980811052e-11 | 1.34567466094e-05 
 383 | 6.34840757335e+67 |           5.4209 |  0.225426 |   0.0436760777938 |  0.00717548911335 |  3.7933726541e-10 | 6.42862790325e-11 | 1.34721659189e-05 
 384 | 6.81638764799e+67 |           5.3253 |  0.340543 |   0.0404089239257 |  0.00685689615639 |  3.4477191001e-10 | 6.25200482663e-11 | 1.24692828854e-05 
 385 | 1.04516823676e+68 |           5.2815 |  0.210435 |   0.0349801898674 |  0.00560063756728 | 2.95998784878e-10 | 4.88374384174e-11 | 1.09573792983e-05 
 386 | 1.13899251836e+68 |           5.0679 |  0.219486 |   0.0307530689669 |  0.00534502690126 | 2.49704867079e-10 | 4.47269696925e-11 |   9.456977939e-06 
 387 | 1.62104098318e+68 |           4.9834 |  0.201384 |   0.0273277856383 |  0.00469644141934 | 2.18192928711e-10 | 3.85204765273e-11 | 8.48495317563e-06 
 388 | 1.77435416788e+68 |           4.9874 |  0.207041 |   0.0258122441918 |  0.00432786347012 | 2.06257839206e-10 | 3.56268607338e-11 |  8.2249206889e-06 
 389 | 1.94285181158e+68 |           5.1794 |  0.214678 |   0.0242423264799 |   0.0040849532703 | 2.01170473614e-10 | 3.49086724476e-11 | 8.22018427083e-06 
 390 | 2.08540468172e+68 |           5.1507 |  0.220334 |   0.0225337062859 |  0.00390326571685 | 1.85955652993e-10 | 3.31787501462e-11 | 7.77379963776e-06 
 391 | 2.22954333923e+68 |           5.0947 |  0.224436 |    0.021730681092 |  0.00369108127746 | 1.77379095149e-10 | 3.11256726044e-11 | 7.57887593839e-06 
 392 | 3.09194200897e+68 |           5.7447 |  0.310844 |   0.0194700374352 |  0.00308676201509 | 1.79202733496e-10 | 3.00198037254e-11 | 7.85364623836e-06 
 393 | 3.30700363583e+68 |           5.4745 |  0.324421 |   0.0183252388038 |   0.0028995438189 | 1.60732836943e-10 | 2.71574303629e-11 | 7.21375011915e-06 
 394 | 3.57255226234e+68 |           5.3568 |  0.173807 |    0.016704820423 |  0.00276896618317 |  1.4336982089e-10 | 2.42157648278e-11 | 6.58231701453e-06 
 395 | 4.71046427607e+68 |           5.6472 |  0.313248 |   0.0158731726303 |  0.00252900821097 | 1.43617515561e-10 | 2.42291049774e-11 | 6.76241702178e-06 
 396 | 5.11736729421e+68 |           5.7151 |  0.325128 |   0.0150132464345 |   0.0023966898998 | 1.37470314384e-10 |  2.3297381562e-11 | 6.63247581526e-06 
 397 | 5.52052081902e+68 |           5.8104 |  0.319471 |   0.0141498576151 |  0.00231926360157 | 1.31725117463e-10 |  2.2773081046e-11 | 6.50274796648e-06 
 398 | 5.93184308274e+68 |            6.368 |  0.341957 |   0.0132920349824 |   0.0021484510967 | 1.35614155967e-10 |  2.3097966554e-11 |  6.8432257413e-06 
 399 | 7.62587543443e+68 |           6.2694 |  0.340967 |   0.0120779606746 |  0.00186953084546 | 1.21319354814e-10 | 1.99042661227e-11 | 6.27176565304e-06 
 400 | 8.18173858718e+68 |           6.0895 |  0.335593 |   0.0112431540848 |  0.00177920075682 | 1.09693346697e-10 | 1.83812094758e-11 | 5.80178022396e-06 
 401 | 8.80149514514e+68 |           6.5555 |  0.349452 |   0.0105060947282 |  0.00164764847806 | 1.10346262775e-10 | 1.82777474802e-11 | 6.03697177603e-06 
 402 | 9.43909271071e+68 |           6.0478 |  0.335169 |    0.009797178693 |  0.00159546977804 | 9.49311949336e-11 | 1.63302254567e-11 | 5.24153362296e-06 
 403 | 1.00466879018e+69 |           5.9801 |  0.349876 |   0.0093044034155 |  0.00150594386864 | 8.91471539221e-11 |  1.5342475596e-11 | 5.02205684224e-06 
 404 |  1.2515004521e+69 |           6.4676 |  0.354968 |  0.00876545663442 |  0.00134916373517 | 9.08297632075e-11 | 1.48425610819e-11 | 5.22899401703e-06 
 405 | 1.34590989479e+69 |           6.5421 |  0.336583 |  0.00822208398561 |  0.00132993803182 | 8.61806125719e-11 | 1.46280422919e-11 | 5.06634879621e-06 
 406 | 1.42977895886e+69 |            6.453 |  0.355675 |  0.00780932960641 |  0.00127275405012 | 8.07394740552e-11 | 1.38909459389e-11 | 4.84210047977e-06 
 407 | 1.76322273843e+69 |           6.3481 |  0.341957 |  0.00723585684931 |  0.00116374900953 | 7.35943089271e-11 | 1.24824884851e-11 | 4.50912761403e-06 
 408 | 1.87613349384e+69 |           6.4689 |  0.350442 |  0.00686135557963 |  0.00110854175596 | 7.11133062799e-11 | 1.21179626807e-11 | 4.44689486558e-06 
 409 | 1.99853246672e+69 |           6.5448 |  0.386222 |  0.00675639392448 |   0.0010472200668 | 7.08470583174e-11 | 1.17500337503e-11 | 4.51793384695e-06 
 410 |  2.1275937296e+69 |           6.7823 |  0.712198 |  0.00630777326257 |  0.00107220627761 | 6.85430716071e-11 | 1.36949915947e-11 | 4.45477905966e-06 
 411 | 2.56368089188e+69 |           6.2003 |  0.355675 |  0.00596013880957 | 0.000945804197469 | 5.92078901967e-11 | 9.99063848528e-12 | 3.92561570384e-06 
 412 | 2.71987832091e+69 |           6.5668 |    0.3701 |  0.00565529039437 | 0.000902599944691 | 5.95003062028e-11 | 1.00711015655e-11 | 4.02144123703e-06 
 413 | 2.89217101196e+69 |           6.1646 |  0.387636 |  0.00545966182423 | 0.000866695498951 | 5.39238796226e-11 | 9.20726769236e-12 | 3.71291420324e-06 
 414 | 3.44668678608e+69 |           6.5123 |  0.363594 |  0.00488808757949 | 0.000805612899728 | 5.10016082758e-11 | 8.87486974484e-12 | 3.58052664384e-06 
 415 | 3.65213679789e+69 |           6.2991 |  0.382969 |  0.00476109832435 | 0.000773665329649 | 4.80503041455e-11 | 8.33664865981e-12 | 3.46843947997e-06 
 416 | 4.32855006819e+69 |           6.5539 |  0.377595 |  0.00439225196803 | 0.000724180183953 | 4.61208745732e-11 | 8.05515143747e-12 | 3.36415534922e-06 
 417 | 4.90882117451e+69 |           6.4244 |  0.365291 |  0.00403712675025 | 0.000684985735535 | 4.15542493254e-11 | 7.43594794233e-12 | 3.09280237256e-06 
 418 | 5.95231704276e+69 |           6.3958 |  0.382969 |  0.00384562633837 | 0.000634913116536 | 3.94069169769e-11 | 6.92075975209e-12 | 2.99468236779e-06 
 419 | 6.35152268993e+69 |           6.2694 |  0.387212 |  0.00365701798032 | 0.000604259445231 | 3.67336070938e-11 | 6.47975551708e-12 | 2.84767415397e-06 
 420 | 7.88146219575e+69 |           6.6087 |  0.382686 |  0.00332911819528 | 0.000571443338094 | 3.52497248824e-11 | 6.38564088354e-12 | 2.79264077758e-06 
 421 | 9.28758790122e+69 |           6.8888 |  0.507278 |  0.00307104337397 | 0.000504253097789 | 3.38953426453e-11 | 6.09955225048e-12 | 2.74492144323e-06 
 422 |  1.0523990663e+70 |           6.4556 |  0.402061 |  0.00293574209556 | 0.000489728110966 | 3.03644201166e-11 | 5.40677892395e-12 | 2.51424422121e-06 
 423 | 1.15085768836e+70 |           6.5257 |  0.437416 |   0.0027829716055 | 0.000456251184801 | 2.90968770452e-11 | 5.15356457466e-12 | 2.46635862172e-06 
 424 | 1.38775394778e+70 |           5.6731 |  0.394283 |  0.00252942655067 | 0.000436144020089 | 2.29907428763e-11 | 4.27415966281e-12 | 1.98878627433e-06 
 425 | 1.63798635094e+70 |           6.2662 |  0.438265 |  0.00235016011551 | 0.000393009299778 | 2.35945773025e-11 | 4.27683794867e-12 | 2.11548331145e-06 
 426 | 1.97342178947e+70 |           5.8453 |  0.414789 |   0.0021364116277 | 0.000370549262429 | 2.00079340001e-11 | 3.74947498628e-12 | 1.81391175979e-06 
 427 | 2.34776269456e+70 |           6.0849 |   0.42285 |  0.00194274047355 | 0.000342663435179 | 1.89399452555e-11 | 3.59058193907e-12 | 1.75915388757e-06 
 428 | 2.84790676123e+70 |           6.4665 |  0.430204 |  0.00172135533517 | 0.000312428978576 | 1.78340628043e-11 | 3.44750766813e-12 | 1.71115102492e-06 
 429 | 3.67319762375e+70 |           5.4199 |  0.367978 |  0.00154125318996 |  0.00029053926503 | 1.33836863507e-11 | 2.68158534056e-12 | 1.31332161216e-06 
 430 | 4.13387364173e+70 |           5.1624 |  0.314238 |  0.00148667842455 | 0.000277203529093 | 1.22964334697e-11 | 2.41185460268e-12 | 1.23861366509e-06 
 431 | 5.23022724783e+70 |           4.8092 |  0.316077 |  0.00131938454343 |  0.00025212492151 | 1.01661076983e-11 | 2.05435952062e-12 | 1.05211213535e-06 
 432 | 6.61181726201e+70 |           5.3534 |  0.384807 |  0.00119791276207 | 0.000232303584849 | 1.02746112277e-11 | 2.12496357241e-12 | 1.10077000002e-06 
 433 | 8.32323809671e+70 |           4.9646 |  0.342805 |  0.00111228104583 | 0.000215999755139 | 8.84727038222e-12 | 1.82347610595e-12 | 9.71808998559e-07 
 434 | 1.29389657365e+71 |           5.3126 |  0.207748 | 0.000877247836647 | 0.000164855500704 | 7.46689299837e-12 | 1.43326289705e-12 | 8.48708408457e-07 
 435 | 1.90450713862e+71 |           4.8267 |  0.349735 | 0.000730219933181 | 0.000149818944047 | 5.64695727964e-12 |  1.2287134497e-12 | 6.68174361788e-07 
 436 | 3.11847773902e+71 |           5.0701 |  0.377736 | 0.000581946419611 | 0.000120196306534 | 4.72726560567e-12 | 1.03795736329e-12 | 5.89072244996e-07 
 437 |  6.7448394947e+71 |           4.8944 |  0.353978 | 0.000422596331097 | 8.98198300313e-05 | 3.31387166366e-12 | 7.43999828117e-13 |  4.3812094887e-07 
 438 | 1.45522089045e+73 |           1.4901 | 0.0922067 | 0.000114088374347 | 3.47316812725e-05 | 2.72375040078e-13 | 8.46141773544e-14 | 4.65107863147e-08 
 439 | 3.46467237704e+73 |           0.6188 | 0.0400222 | 8.12994199446e-05 | 4.05283414973e-05 | 8.06024483664e-14 | 4.05176658091e-14 | 1.19232847829e-07 
