# Fit results (zeros indicate that no fitting was performed)
 Reg_no. kT1 kT1_loerr kT1_hierr Z1 Z1_loerr Z1_hierr norm1 norm1_loerr norm1_hierr nH_Gal nH_loerr nH_hierr red_chisq total_counts num_bins model
      0  9.5824 -0.4076  0.4076  4.4753 -0.4306  0.4306 8.7797e-05 -3.8042e-06 3.8042e-06  0.3100  0.0000  0.0000  3.0407  10435.2      245     '1T'
      1  5.9479 -0.1974  0.1974  1.0660 -0.1009  0.1009 1.4236e-04 -3.2515e-06 3.2515e-06  0.3100  0.0000  0.0000  1.1217  10697.8      228     '1T'
      2  5.1844 -0.1357  0.1357  0.8665 -0.0805  0.0805 1.6240e-04 -3.4707e-06 3.4707e-06  0.3100  0.0000  0.0000  1.0269  11567.0      237     '1T'
      3  5.2913 -0.1538  0.1538  0.5847 -0.0697  0.0697 1.5374e-04 -3.1571e-06 3.1571e-06  0.3100  0.0000  0.0000  0.9642  10259.7      215     '1T'
      4  5.8012 -0.2002  0.2002  0.7076 -0.0748  0.0748 1.6952e-04 -3.3050e-06 3.3050e-06  0.3100  0.0000  0.0000  1.1179  11822.3      237     '1T'
      5  6.0548 -0.1893  0.1893  0.8998 -0.0896  0.0896 1.6192e-04 -3.4151e-06 3.4151e-06  0.3100  0.0000  0.0000  1.1480  12234.8      248     '1T'
      6  5.9329 -0.1900  0.1900  0.8123 -0.0790  0.0790 1.7094e-04 -3.3388e-06 3.3388e-06  0.3100  0.0000  0.0000  1.0594  12631.3      249     '1T'
      7  6.1501 -0.2151  0.2151  0.6596 -0.0818  0.0818 1.3809e-04 -2.8686e-06 2.8686e-06  0.3100  0.0000  0.0000  1.0071  10291.6      221     '1T'
      8  6.0630 -0.2082  0.2082  0.7640 -0.0827  0.0827 1.4515e-04 -2.9827e-06 2.9827e-06  0.3100  0.0000  0.0000  1.1705  10945.6      232     '1T'
      9  6.3596 -0.2028  0.2028  0.7066 -0.0796  0.0796 1.5337e-04 -2.9939e-06 2.9939e-06  0.3100  0.0000  0.0000  1.0826  11568.7      245     '1T'
     10  6.2869 -0.1955  0.1955  0.7522 -0.0817  0.0817 1.5793e-04 -3.1149e-06 3.1149e-06  0.3100  0.0000  0.0000  1.0657  11930.6      244     '1T'
     11  6.2015 -0.1954  0.1954  0.6166 -0.0707  0.0707 1.7856e-04 -3.2363e-06 3.2363e-06  0.3100  0.0000  0.0000  1.0211  12647.0      253     '1T'
     12  6.2825 -0.1941  0.1941  0.6937 -0.0752  0.0752 1.7612e-04 -3.2885e-06 3.2885e-06  0.3100  0.0000  0.0000  1.0108  12581.1      256     '1T'
     13  6.7068 -0.2155  0.2155  0.5672 -0.0721  0.0721 1.6932e-04 -3.0285e-06 3.0285e-06  0.3100  0.0000  0.0000  0.9999  12109.7      253     '1T'
     14  6.4600 -0.2038  0.2038  0.6188 -0.0747  0.0747 1.7231e-04 -3.2164e-06 3.2164e-06  0.3100  0.0000  0.0000  1.0317  12077.0      250     '1T'
     15  6.4287 -0.2004  0.2004  0.6089 -0.0726  0.0726 1.7721e-04 -3.2273e-06 3.2273e-06  0.3100  0.0000  0.0000  1.0747  12330.7      256     '1T'
     16  7.2172 -0.3210  0.3210  0.6851 -0.0832  0.0832 1.7428e-04 -3.2649e-06 3.2649e-06  0.3100  0.0000  0.0000  1.0286  11892.0      249     '1T'
     17  6.6446 -0.2090  0.2090  0.6565 -0.0788  0.0788 1.7859e-04 -3.3965e-06 3.3965e-06  0.3100  0.0000  0.0000  1.0434  11522.8      248     '1T'
     18  6.6883 -0.2180  0.2180  0.6844 -0.0853  0.0853 1.7238e-04 -3.5094e-06 3.5094e-06  0.3100  0.0000  0.0000  1.0438  11011.5      234     '1T'
     19  6.6698 -0.2303  0.2303  0.6391 -0.0847  0.0847 1.6907e-04 -3.4767e-06 3.4767e-06  0.3100  0.0000  0.0000  1.0341  10602.6      228     '1T'
     20  6.6575 -0.2496  0.2496  0.6065 -0.0802  0.0802 1.6439e-04 -3.2873e-06 3.2873e-06  0.3100  0.0000  0.0000  1.0954  10092.1      225     '1T'
     21  6.7253 -0.1769  0.1769  0.6817 -0.0778  0.0778 2.0080e-04 -3.6669e-06 3.6669e-06  0.3100  0.0000  0.0000  0.9483  12417.6      253     '1T'
     22  7.1652 -0.3264  0.3264  0.4635 -0.0676  0.0676 2.0630e-04 -3.4560e-06 3.4560e-06  0.3100  0.0000  0.0000  0.9506  12409.3      255     '1T'
     23  6.6979 -0.2256  0.2256  0.5741 -0.0759  0.0759 1.8256e-04 -3.4496e-06 3.4496e-06  0.3100  0.0000  0.0000  1.0544  11325.5      243     '1T'
     24  7.1200 -0.2795  0.2795  0.5189 -0.0776  0.0776 1.6562e-04 -3.0507e-06 3.0507e-06  0.3100  0.0000  0.0000  1.2776  11007.9      237     '1T'
     25  6.8446 -0.2256  0.2256  0.5606 -0.0773  0.0773 1.6703e-04 -3.1592e-06 3.1592e-06  0.3100  0.0000  0.0000  0.8971  10702.1      237     '1T'
     26  7.5369 -0.3437  0.3437  0.4116 -0.0693  0.0693 1.7826e-04 -3.0284e-06 3.0284e-06  0.3100  0.0000  0.0000  1.1245  11958.7      253     '1T'
     27  7.4512 -0.3506  0.3506  0.3406 -0.0659  0.0659 1.7672e-04 -2.9617e-06 2.9617e-06  0.3100  0.0000  0.0000  1.0820  11718.9      249     '1T'
     28  7.3388 -0.3541  0.3541  0.2670 -0.0607  0.0607 1.7767e-04 -2.8720e-06 2.8720e-06  0.3100  0.0000  0.0000  0.9971  11552.9      250     '1T'
     29  7.7537 -0.3585  0.3585  0.3911 -0.0735  0.0735 1.5845e-04 -2.8139e-06 2.8139e-06  0.3100  0.0000  0.0000  1.1169  10951.4      238     '1T'
     30  7.6079 -0.3779  0.3779  0.2875 -0.0673  0.0673 1.6119e-04 -2.7260e-06 2.7260e-06  0.3100  0.0000  0.0000  1.0698  10681.3      235     '1T'
     31  8.1372 -0.3797  0.3797  0.3500 -0.0762  0.0762 1.5966e-04 -2.8124e-06 2.8124e-06  0.3100  0.0000  0.0000  1.2633  10808.5      241     '1T'
     32  8.9071 -0.7274  0.7274  0.5531 -0.0966  0.0966 1.3846e-04 -2.7217e-06 2.7217e-06  0.3100  0.0000  0.0000  0.8672  10035.3      235     '1T'
     33 10.1027 -0.5642  0.5642  0.4941 -0.1017  0.1017 1.4759e-04 -2.8657e-06 2.8657e-06  0.3100  0.0000  0.0000  0.9850  10854.4      252     '1T'
     34  9.8655 -0.5837  0.5837  0.4210 -0.0934  0.0934 1.4506e-04 -2.7041e-06 2.7041e-06  0.3100  0.0000  0.0000  1.0464  10704.3      242     '1T'
     35  9.3941 -0.5955  0.5955  0.3113 -0.0844  0.0844 1.4510e-04 -2.6153e-06 2.6153e-06  0.3100  0.0000  0.0000  1.0081  10398.2      236     '1T'
     36 10.1087 -0.6056  0.6056  0.2286 -0.0869  0.0869 1.4884e-04 -2.6535e-06 2.6535e-06  0.3100  0.0000  0.0000  1.0203  10558.5      241     '1T'
     37  9.0163 -0.4726  0.4726  0.3854 -0.0867  0.0867 1.4552e-04 -2.6806e-06 2.6806e-06  0.3100  0.0000  0.0000  1.0565  10795.8      248     '1T'
     38  9.5878 -0.5826  0.5826  0.3534 -0.0893  0.0893 1.4892e-04 -2.7232e-06 2.7232e-06  0.3100  0.0000  0.0000  0.8878  10860.0      243     '1T'
     39 10.0892 -0.5754  0.5754  0.3969 -0.0962  0.0962 1.4972e-04 -2.8196e-06 2.8196e-06  0.3100  0.0000  0.0000  1.0486  10983.0      246     '1T'
     40  9.0538 -0.4965  0.4965  0.3081 -0.0813  0.0813 1.5055e-04 -2.6638e-06 2.6638e-06  0.3100  0.0000  0.0000  1.0226  10990.7      253     '1T'
     41  8.3447 -0.4109  0.4109  0.4706 -0.0830  0.0830 1.4862e-04 -2.7429e-06 2.7429e-06  0.3100  0.0000  0.0000  1.0477  11349.5      252     '1T'
     42 10.0511 -0.5740  0.5740  0.3768 -0.0930  0.0930 1.5055e-04 -2.7692e-06 2.7692e-06  0.3100  0.0000  0.0000  0.9122  11084.5      256     '1T'
     43  8.9730 -0.4694  0.4694  0.3538 -0.0807  0.0807 1.5244e-04 -2.6585e-06 2.6585e-06  0.3100  0.0000  0.0000  0.7819  11240.5      250     '1T'
     44  9.1315 -0.5558  0.5558  0.3930 -0.0845  0.0845 1.4955e-04 -2.6497e-06 2.6497e-06  0.3100  0.0000  0.0000  1.0053  11393.6      257     '1T'
     45  9.0734 -0.5138  0.5138  0.3683 -0.0825  0.0825 1.4978e-04 -2.6380e-06 2.6380e-06  0.3100  0.0000  0.0000  0.9577  11279.7      259     '1T'
     46  8.1156 -0.3643  0.3643  0.3677 -0.0766  0.0766 1.4812e-04 -2.6382e-06 2.6382e-06  0.3100  0.0000  0.0000  1.2075  11193.4      251     '1T'
     47  8.9792 -0.4496  0.4496  0.2395 -0.0774  0.0774 1.4984e-04 -2.5848e-06 2.5848e-06  0.3100  0.0000  0.0000  0.9423  11144.5      254     '1T'
     48  8.4821 -0.3509  0.3509  0.3210 -0.0770  0.0770 1.4661e-04 -2.6222e-06 2.6222e-06  0.3100  0.0000  0.0000  0.8579  11043.1      253     '1T'
     49  8.1897 -0.3890  0.3890  0.2734 -0.0740  0.0740 1.4380e-04 -2.5789e-06 2.5789e-06  0.3100  0.0000  0.0000  1.0980  10591.2      244     '1T'
     50  9.3212 -0.5955  0.5955  0.3252 -0.0871  0.0871 1.4211e-04 -2.6096e-06 2.6096e-06  0.3100  0.0000  0.0000  0.9524  10518.6      247     '1T'
     51  8.1753 -0.3839  0.3839  0.3851 -0.0837  0.0837 1.3852e-04 -2.6322e-06 2.6322e-06  0.3100  0.0000  0.0000  1.1044  10292.0      243     '1T'
     52  8.7734 -0.6999  0.6999  0.2209 -0.0796  0.0796 1.4938e-04 -2.6929e-06 2.6929e-06  0.3100  0.0000  0.0000  1.1457  10044.4      241     '1T'
     53  9.4973 -0.5907  0.5907  0.2466 -0.0843  0.0843 1.6326e-04 -2.8946e-06 2.8946e-06  0.3100  0.0000  0.0000  1.0528  11257.9      263     '1T'
     54 10.0473 -0.5928  0.5928  0.2938 -0.0913  0.0913 1.6029e-04 -2.9417e-06 2.9417e-06  0.3100  0.0000  0.0000  0.9954  11064.1      262     '1T'
     55 10.4632 -0.5544  0.5544  0.4186 -0.1074  0.1074 1.4762e-04 -2.9775e-06 2.9775e-06  0.3100  0.0000  0.0000  0.8870  10496.9      252     '1T'
     56 10.1610 -0.5980  0.5980  0.3770 -0.1007  0.1007 1.4871e-04 -2.9108e-06 2.9108e-06  0.3100  0.0000  0.0000  1.0870  10573.5      251     '1T'
     57 10.4235 -0.6412  0.6412  0.2807 -0.0981  0.0981 1.5672e-04 -2.9707e-06 2.9707e-06  0.3100  0.0000  0.0000  0.8510  10788.1      251     '1T'
     58  8.7711 -0.6858  0.6858  0.2878 -0.0817  0.0817 1.5599e-04 -2.8007e-06 2.8007e-06  0.3100  0.0000  0.0000  1.0079  10887.9      286     '1T'
     59 10.8220 -0.4829  0.4829  0.3199 -0.1056  0.1056 1.5802e-04 -3.1217e-06 3.1217e-06  0.3100  0.0000  0.0000  1.0179  10557.9      250     '1T'
     60 10.4203 -0.6435  0.6435  0.2168 -0.0966  0.0966 1.6381e-04 -3.1083e-06 3.1083e-06  0.3100  0.0000  0.0000  0.9902  10513.6      257     '1T'
     61  9.2073 -0.5995  0.5995  0.2626 -0.0871  0.0871 1.5974e-04 -2.9700e-06 2.9700e-06  0.3100  0.0000  0.0000  1.0694  10356.8      249     '1T'
     62 10.3472 -0.8048  0.8048  0.2598 -0.1030  0.1030 1.5675e-04 -3.0326e-06 3.0326e-06  0.3100  0.0000  0.0000  1.0544  10387.8      255     '1T'
     63 10.5512 -0.5760  0.5760  0.2915 -0.1046  0.1046 1.5086e-04 -3.0851e-06 3.0851e-06  0.3100  0.0000  0.0000  1.0742  10257.5      251     '1T'
     64  8.9398 -0.7105  0.7105  0.4509 -0.0991  0.0991 1.4402e-04 -2.9258e-06 2.9258e-06  0.3100  0.0000  0.0000  0.8935   9985.4      248     '1T'
     65 10.3070 -0.7242  0.7242  0.2639 -0.1019  0.1019 1.5388e-04 -3.0207e-06 3.0207e-06  0.3100  0.0000  0.0000  0.9944  10066.1      251     '1T'
     66  9.4529 -0.6028  0.6028  0.2584 -0.0880  0.0880 1.7923e-04 -3.2845e-06 3.2845e-06  0.3100  0.0000  0.0000  0.8775  11039.8      264     '1T'
     67  9.5519 -0.6478  0.6478  0.2429 -0.0928  0.0928 1.5790e-04 -3.0448e-06 3.0448e-06  0.3100  0.0000  0.0000  0.8915   9816.5      245     '1T'
     68  8.3966 -0.2891  0.2891  0.2243 -0.0771  0.0771 1.7254e-04 -3.0510e-06 3.0510e-06  0.3100  0.0000  0.0000  1.0941  11001.4      257     '1T'
     69  9.0669 -0.5479  0.5479  0.2373 -0.0852  0.0852 1.6122e-04 -2.9635e-06 2.9635e-06  0.3100  0.0000  0.0000  0.9915  10686.1      259     '1T'
     70  8.4244 -0.3499  0.3499  0.2508 -0.0804  0.0804 1.5105e-04 -2.7596e-06 2.7596e-06  0.3100  0.0000  0.0000  0.9978  10439.7      254     '1T'
     71  9.0825 -0.7107  0.7107  0.1912 -0.0876  0.0876 1.5204e-04 -2.8174e-06 2.8174e-06  0.3100  0.0000  0.0000  1.0394  10295.9      252     '1T'
     72 10.2521 -0.6818  0.6818  0.1734 -0.1006  0.1006 1.4569e-04 -2.8683e-06 2.8683e-06  0.3100  0.0000  0.0000  0.8415  10069.3      255     '1T'
     73  8.7121 -0.4535  0.4535  0.3493 -0.0943  0.0943 1.4001e-04 -2.8163e-06 2.8163e-06  0.3100  0.0000  0.0000  0.9316   9992.8      269     '1T'
     74  9.8253 -0.6554  0.6554  0.1592 -0.0923  0.0923 1.4672e-04 -2.7843e-06 2.7843e-06  0.3100  0.0000  0.0000  0.9818  10130.1      250     '1T'
     75  8.1145 -0.4044  0.4044  0.2698 -0.0801  0.0801 1.5679e-04 -2.9047e-06 2.9047e-06  0.3100  0.0000  0.0000  1.0174  10964.8      265     '1T'
     76  9.4107 -0.6165  0.6165  0.2636 -0.0915  0.0915 1.5753e-04 -2.9795e-06 2.9795e-06  0.3100  0.0000  0.0000  0.9298  10914.1      268     '1T'
     77  8.4716 -0.4107  0.4107  0.2178 -0.0813  0.0813 1.5830e-04 -3.0629e-06 3.0629e-06  0.3100  0.0000  0.0000  1.0219  10735.4      267     '1T'
     78  9.2153 -0.6145  0.6145  0.2389 -0.0913  0.0913 1.5549e-04 -2.9771e-06 2.9771e-06  0.3100  0.0000  0.0000  0.9403  10628.1      271     '1T'
     79  9.2741 -0.6510  0.6510  0.1493 -0.0902  0.0902 1.4909e-04 -2.8060e-06 2.8060e-06  0.3100  0.0000  0.0000  0.9908  10687.4      269     '1T'
     80  8.7173 -0.5700  0.5700  0.1490 -0.0806  0.0806 1.5282e-04 -2.7608e-06 2.7608e-06  0.3100  0.0000  0.0000  0.9048  10674.0      263     '1T'
     81 10.4241 -0.6187  0.6187  0.1014 -0.0978  0.0978 1.5111e-04 -2.9165e-06 2.9165e-06  0.3100  0.0000  0.0000  1.0615  10485.8      266     '1T'
     82 10.4477 -0.4605  0.4605  0.1534 -0.0985  0.0985 1.5102e-04 -2.9448e-06 2.9448e-06  0.3100  0.0000  0.0000  1.0780  10531.9      266     '1T'
     83  9.4856 -0.6304  0.6304  0.2953 -0.0975  0.0975 1.4641e-04 -2.8935e-06 2.8935e-06  0.3100  0.0000  0.0000  0.8439  10655.3      269     '1T'
     84 10.3852 -0.7453  0.7453  0.0923 -0.0923  0.0968 1.5156e-04 -2.8657e-06 2.8657e-06  0.3100  0.0000  0.0000  1.1201  10783.1      269     '1T'
     85  9.3255 -0.6467  0.6467  0.3561 -0.1038  0.1038 1.3130e-04 -2.7489e-06 2.7489e-06  0.3100  0.0000  0.0000  1.0362   9948.7      256     '1T'
     86  9.4663 -0.6265  0.6265  0.0145 -0.0145  0.0362 1.5379e-04 -1.7984e-06 1.7984e-06  0.3100  0.0000  0.0000  1.0406  10790.7      270     '1T'
     87  9.2838 -0.6280  0.6280  0.3069 -0.0967  0.0967 1.4187e-04 -2.8164e-06 2.8164e-06  0.3100  0.0000  0.0000  0.9292  10600.4      271     '1T'
     88  8.1317 -0.4080  0.4080  0.2958 -0.0860  0.0860 1.4530e-04 -2.8227e-06 2.8227e-06  0.3100  0.0000  0.0000  0.9305  10897.4      276     '1T'
     89  8.2750 -0.4672  0.4672  0.2652 -0.0846  0.0846 1.4737e-04 -2.8436e-06 2.8436e-06  0.3100  0.0000  0.0000  0.8793  10847.8      266     '1T'
     90  8.4782 -0.4192  0.4192  0.2085 -0.0842  0.0842 1.4802e-04 -2.8776e-06 2.8776e-06  0.3100  0.0000  0.0000  1.0425  10879.8      277     '1T'
     91  7.5946 -0.4257  0.4257  0.3200 -0.0849  0.0849 1.3179e-04 -2.6920e-06 2.6920e-06  0.3100  0.0000  0.0000  1.1127   9923.0      258     '1T'
     92  8.1923 -0.4147  0.4147  0.3474 -0.0917  0.0917 1.4207e-04 -2.8799e-06 2.8799e-06  0.3100  0.0000  0.0000  0.9491  10731.8      275     '1T'
     93  7.4721 -0.4234  0.4234  0.2068 -0.0748  0.0748 1.3967e-04 -2.6649e-06 2.6649e-06  0.3100  0.0000  0.0000  1.0025  10441.8      268     '1T'
     94  8.0151 -0.4381  0.4381  0.1476 -0.0807  0.0807 1.4005e-04 -2.7066e-06 2.7066e-06  0.3100  0.0000  0.0000  0.9955  10342.8      263     '1T'
     95  7.6437 -0.4166  0.4166  0.3293 -0.0883  0.0883 1.3655e-04 -2.7668e-06 2.7668e-06  0.3100  0.0000  0.0000  0.9605  10386.5      267     '1T'
     96  7.6442 -0.4438  0.4438  0.0619 -0.0619  0.0704 1.4384e-04 -2.6362e-06 2.6362e-06  0.3100  0.0000  0.0000  1.0871  10329.1      267     '1T'
     97  8.8103 -0.8250  0.8250  0.3307 -0.1009  0.1009 1.2981e-04 -2.7259e-06 2.7259e-06  0.3100  0.0000  0.0000  1.0374   9942.3      262     '1T'
     98  8.6159 -0.4095  0.4095  0.2101 -0.0928  0.0928 1.3379e-04 -2.6846e-06 2.6846e-06  0.3100  0.0000  0.0000  1.1137  10108.1      264     '1T'
     99  7.4296 -0.4281  0.4281  0.2828 -0.0867  0.0867 1.3288e-04 -2.7575e-06 2.7575e-06  0.3100  0.0000  0.0000  0.9783  10010.1      258     '1T'
    100  7.1885 -0.3728  0.3728  0.2071 -0.0753  0.0753 1.4683e-04 -2.7892e-06 2.7892e-06  0.3100  0.0000  0.0000  0.9134  10816.6      275     '1T'
    101  7.6461 -0.4426  0.4426  0.1393 -0.0791  0.0791 1.4505e-04 -2.7820e-06 2.7820e-06  0.3100  0.0000  0.0000  0.8751  10521.6      269     '1T'
    102  8.2362 -0.4907  0.4907  0.2214 -0.0898  0.0898 1.3228e-04 -2.7525e-06 2.7525e-06  0.3100  0.0000  0.0000  0.9960   9988.7      269     '1T'
    103  7.8484 -0.4350  0.4350  0.2647 -0.0876  0.0876 1.3710e-04 -2.8277e-06 2.8277e-06  0.3100  0.0000  0.0000  0.9651  10194.7      269     '1T'
    104  6.9181 -0.4519  0.4519  0.2376 -0.0803  0.0803 1.3602e-04 -2.7909e-06 2.7909e-06  0.3100  0.0000  0.0000  1.0913  10128.7      268     '1T'
    105  7.5612 -0.4474  0.4474  0.1554 -0.0794  0.0794 1.3752e-04 -2.7097e-06 2.7097e-06  0.3100  0.0000  0.0000  0.9095   9996.2      270     '1T'
    106  7.8241 -0.4313  0.4313  0.2990 -0.0883  0.0883 1.3944e-04 -2.8809e-06 2.8809e-06  0.3100  0.0000  0.0000  0.9532  10388.0      271     '1T'
    107  7.1711 -0.3799  0.3799  0.1458 -0.0745  0.0745 1.4127e-04 -2.7141e-06 2.7141e-06  0.3100  0.0000  0.0000  1.0963  10005.5      263     '1T'
    108  6.8547 -0.2414  0.2414  0.2266 -0.0794  0.0794 1.3791e-04 -2.8474e-06 2.8474e-06  0.3100  0.0000  0.0000  1.0405   9898.3      279     '1T'
    109  8.0810 -0.4671  0.4671  0.1587 -0.0860  0.0860 1.3870e-04 -2.7645e-06 2.7645e-06  0.3100  0.0000  0.0000  0.9430   9916.9      268     '1T'
    110  6.9682 -0.5824  0.5824  0.1135 -0.0733  0.0733 1.4045e-04 -2.7235e-06 2.7235e-06  0.3100  0.0000  0.0000  1.0216   9923.7      269     '1T'
    111  8.2101 -0.4773  0.4773  0.0974 -0.0861  0.0861 1.4394e-04 -2.8218e-06 2.8218e-06  0.3100  0.0000  0.0000  1.0043  10077.9      277     '1T'
    112  6.9469 -0.4478  0.4478  0.3120 -0.0832  0.0832 1.3749e-04 -2.8325e-06 2.8325e-06  0.3100  0.0000  0.0000  1.1950  10012.1      263     '1T'
    113  6.8066 -0.2909  0.2909  0.2435 -0.0798  0.0798 1.4575e-04 -3.0417e-06 3.0417e-06  0.3100  0.0000  0.0000  1.0429  10400.3      283     '1T'
    114  7.0453 -0.4024  0.4024  0.1955 -0.0776  0.0776 1.4886e-04 -2.9759e-06 2.9759e-06  0.3100  0.0000  0.0000  1.0721  10562.5      284     '1T'
    115  7.3262 -0.4428  0.4428  0.2513 -0.0833  0.0833 1.4191e-04 -2.9310e-06 2.9310e-06  0.3100  0.0000  0.0000  0.9866  10204.0      272     '1T'
    116  6.6463 -0.4930  0.4930  0.1445 -0.0686  0.0686 1.4629e-04 -3.2608e-06 3.2608e-06  0.3100  0.0000  0.0000  1.0592  10217.4      273     '1T'
    117  6.5201 -0.3093  0.3093  0.1258 -0.0706  0.0706 1.4287e-04 -3.0268e-06 3.0268e-06  0.3100  0.0000  0.0000  1.1661   9870.7      268     '1T'
    118  6.5739 -0.2963  0.2963  0.2074 -0.0731  0.0731 1.5260e-04 -3.1441e-06 3.1441e-06  0.3100  0.0000  0.0000  1.0596  10554.2      280     '1T'
    119  6.1349 -0.2893  0.2893  0.2829 -0.0755  0.0755 1.4875e-04 -3.2370e-06 3.2370e-06  0.3100  0.0000  0.0000  1.0149  10047.7      273     '1T'
    120  6.5647 -0.2997  0.2997  0.2698 -0.0801  0.0801 1.4429e-04 -3.0514e-06 3.0514e-06  0.3100  0.0000  0.0000  0.9634   9969.9      277     '1T'
    121  6.5353 -0.3022  0.3022  0.2041 -0.0740  0.0740 1.5350e-04 -3.1329e-06 3.1329e-06  0.3100  0.0000  0.0000  1.1581  10316.5      284     '1T'
    122  5.7640 -0.2994  0.2994  0.1591 -0.0652  0.0652 1.5386e-04 -3.2439e-06 3.2439e-06  0.3100  0.0000  0.0000  1.0949  10027.1      278     '1T'
    123  6.8447 -0.3061  0.3061  0.1129 -0.0747  0.0747 1.4972e-04 -3.0371e-06 3.0371e-06  0.3100  0.0000  0.0000  0.9921   9897.3      280     '1T'
    124  5.9671 -0.2990  0.2990  0.1335 -0.0636  0.0636 1.6163e-04 -3.2694e-06 3.2694e-06  0.3100  0.0000  0.0000  0.9637  10511.9      287     '1T'
    125  6.0116 -0.3068  0.3068  0.1132 -0.0638  0.0638 1.5601e-04 -3.1432e-06 3.1432e-06  0.3100  0.0000  0.0000  1.0149  10085.1      275     '1T'
    126  6.0414 -0.2929  0.2929  0.2222 -0.0707  0.0707 1.5961e-04 -3.3519e-06 3.3519e-06  0.3100  0.0000  0.0000  1.0280  10539.3      286     '1T'
    127  5.7423 -0.2910  0.2910  0.2065 -0.0687  0.0687 1.6074e-04 -3.4924e-06 3.4924e-06  0.3100  0.0000  0.0000  0.9028  10451.1      286     '1T'
    128  5.9647 -0.3155  0.3155  0.0142 -0.0142  0.0282 1.6518e-04 -2.3969e-06 2.3969e-06  0.3100  0.0000  0.0000  1.0833  10227.6      280     '1T'
    129  5.6163 -0.2826  0.2826  0.1495 -0.0644  0.0644 1.6194e-04 -3.3891e-06 3.3891e-06  0.3100  0.0000  0.0000  1.0392  10213.7      283     '1T'
    130  6.2185 -0.3191  0.3191  0.0004 -0.0004  0.0640 1.6876e-04 -2.7679e-06 2.7679e-06  0.3100  0.0000  0.0000  0.9732  10238.9      281     '1T'
    131  6.4020 -0.3116  0.3116  0.1714 -0.0735  0.0735 1.5775e-04 -3.3543e-06 3.3543e-06  0.3100  0.0000  0.0000  1.0543  10154.9      284     '1T'
    132  5.9559 -0.3019  0.3019  0.0805 -0.0617  0.0617 1.7245e-04 -3.3927e-06 3.3927e-06  0.3100  0.0000  0.0000  1.0396  10707.4      286     '1T'
    133  5.9483 -0.3071  0.3071  0.1747 -0.0701  0.0701 1.5817e-04 -3.3789e-06 3.3789e-06  0.3100  0.0000  0.0000  1.0844   9874.5      276     '1T'
    134  5.6925 -0.2930  0.2930  0.2219 -0.0716  0.0716 1.6826e-04 -3.6901e-06 3.6901e-06  0.3100  0.0000  0.0000  1.0763  10318.2      288     '1T'
    135  5.3121 -0.2493  0.2493  0.2648 -0.0716  0.0716 1.5718e-04 -3.8134e-06 3.8134e-06  0.3100  0.0000  0.0000  1.0381   9955.7      282     '1T'
    136  5.8622 -0.3060  0.3060  0.2635 -0.0743  0.0743 1.5160e-04 -3.3563e-06 3.3563e-06  0.3100  0.0000  0.0000  1.0499   9828.4      282     '1T'
    137  5.6095 -0.2491  0.2491  0.1075 -0.0634  0.0634 1.6306e-04 -3.2994e-06 3.2994e-06  0.3100  0.0000  0.0000  1.1448  10065.2      279     '1T'
    138  5.2694 -0.2169  0.2169  0.2255 -0.0689  0.0689 1.5469e-04 -3.6958e-06 3.6958e-06  0.3100  0.0000  0.0000  0.9475   9784.0      280     '1T'
    139  5.7647 -0.3186  0.3186  0.1355 -0.0700  0.0700 1.5204e-04 -3.4668e-06 3.4668e-06  0.3100  0.0000  0.0000  1.1751   9785.6      279     '1T'
    140  4.9858 -0.2163  0.2163  0.1163 -0.0589  0.0589 1.6165e-04 -3.7653e-06 3.7653e-06  0.3100  0.0000  0.0000  0.8726   9907.3      278     '1T'
    141  4.7968 -0.2123  0.2123  0.1299 -0.0596  0.0596 1.6512e-04 -3.9408e-06 3.9408e-06  0.3100  0.0000  0.0000  1.0244   9878.4      277     '1T'
    142  4.9569 -0.2155  0.2155  0.1838 -0.0652  0.0652 1.5929e-04 -3.9303e-06 3.9303e-06  0.3100  0.0000  0.0000  1.1344   9759.0      271     '1T'
    143  5.2202 -0.2206  0.2206  0.1598 -0.0655  0.0655 1.6183e-04 -3.9095e-06 3.9095e-06  0.3100  0.0000  0.0000  1.1362   9994.5      284     '1T'
    144  4.9017 -0.2184  0.2184  0.1033 -0.0602  0.0602 1.6528e-04 -3.9835e-06 3.9835e-06  0.3100  0.0000  0.0000  1.0890   9674.4      280     '1T'
    145  4.5831 -0.2055  0.2055  0.0893 -0.0561  0.0561 1.8960e-04 -4.5056e-06 4.5056e-06  0.3100  0.0000  0.0000  1.1876  10134.3      276     '1T'
    146  4.6428 -0.2093  0.2093  0.1190 -0.0579  0.0579 1.8695e-04 -4.3565e-06 4.3565e-06  0.3100  0.0000  0.0000  1.0933   9833.1      275     '1T'
    147  4.6658 -0.2081  0.2081  0.1666 -0.0623  0.0623 1.9498e-04 -4.7643e-06 4.7643e-06  0.3100  0.0000  0.0000  1.0201   9990.2      281     '1T'
    148  5.0985 -0.2119  0.2119  0.2764 -0.0726  0.0726 1.8876e-04 -4.6454e-06 4.6454e-06  0.3100  0.0000  0.0000  1.0349  10014.1      287     '1T'
    149  5.7073 -0.3058  0.3058  0.3043 -0.0844  0.0844 1.9511e-04 -4.8390e-06 4.8390e-06  0.3100  0.0000  0.0000  1.2646  10067.3      286     '1T'
    150  5.8306 -0.3236  0.3236  0.0646 -0.0646  0.0714 2.3601e-04 -5.4030e-06 5.4030e-06  0.3100  0.0000  0.0000  1.2040  10040.5      286     '1T'
    151  4.8140 -0.2303  0.2303  0.1386 -0.0714  0.0714 2.3872e-04 -6.5899e-06 6.5899e-06  0.3100  0.0000  0.0000  1.3813   9618.0      282     '1T'
    152  5.4153 -0.2313  0.2313  0.2020 -0.0822  0.0822 2.4330e-04 -6.4688e-06 6.4688e-06  0.3100  0.0000  0.0000  1.0840   9454.9      286     '1T'
    153  4.8166 -0.2325  0.2325  0.1377 -0.0746  0.0746 2.9704e-04 -8.3157e-06 8.3157e-06  0.3100  0.0000  0.0000  1.0381   9617.2      296     '1T'
    154  5.7373 -0.3127  0.3127  0.2718 -0.0900  0.0900 3.1329e-04 -8.1083e-06 8.1083e-06  0.3100  0.0000  0.0000  1.2400  10212.7      291     '1T'
    155  5.9814 -0.3251  0.3251  0.1035 -0.0827  0.0827 3.3333e-04 -8.3292e-06 8.3292e-06  0.3100  0.0000  0.0000  1.1608  10409.1      302     '1T'
    156  4.9769 -0.2240  0.2240  0.2466 -0.0832  0.0832 4.1108e-04 -1.1674e-05 1.1674e-05  0.3100  0.0000  0.0000  1.3605  10239.0      301     '1T'
    157  4.8282 -0.2432  0.2432  0.2312 -0.0931  0.0931 3.6085e-04 -1.1655e-05 1.1655e-05  0.3100  0.0000  0.0000  1.3196   9891.1      312     '1T'
    158  4.9223 -0.2339  0.2339  0.4552 -0.1116  0.1116 3.3593e-04 -1.1226e-05 1.1226e-05  0.3100  0.0000  0.0000  1.6372  10448.3      327     '1T'
    159  4.4588 -0.2387  0.2387  0.3547 -0.0978  0.0978 3.6607e-04 -1.2158e-05 1.2158e-05  0.3100  0.0000  0.0000  2.0857  10886.9      337     '1T'
    160  3.8395 -0.2023  0.2023  0.1900 -0.0823  0.0823 4.0740e-04 -1.5089e-05 1.5089e-05  0.3100  0.0000  0.0000  2.1773  10647.9      364     '1T'
    161  3.1405 -0.1607  0.1607  0.1717 -0.0635  0.0635 4.2133e-04 -1.6912e-05 1.6912e-05  0.3100  0.0000  0.0000  2.6222  10624.3      397     '1T'
    162  3.2422 -0.1864  0.1864  0.2231 -0.0821  0.0821 4.4744e-04 -2.1117e-05 2.1117e-05  0.3100  0.0000  0.0000  2.7311  11197.9      443     '1T'
    163  3.6558 -0.3302  0.3302  0.5555 -0.1530  0.1530 4.7486e-04 -2.7892e-05 2.7892e-05  0.3100  0.0000  0.0000  2.9987   9183.9      443     '1T'
    164 64.0000 -64.0000 64.0000  5.0000 -1.0222  1.0222 3.7313e-05 -3.7313e-05 3.7313e-05  0.3100  0.0000  0.0000 33.8862  12891.5      297     '1T'
    165 64.0000 -64.0000 64.0000  5.0000 -0.7881  0.7881 6.5482e-05 -6.5482e-05 6.5482e-05  0.3100  0.0000  0.0000 55.4628  23467.9      338     '1T'
    166 64.0000 -64.0000 64.0000  5.0000 -0.6510  0.6510 9.8165e-05 -9.8165e-05 9.8165e-05  0.3100  0.0000  0.0000 42.7999  23338.3      374     '1T'
    167 40.1992 -40.1992 40.1992  5.0000 -5.0000  5.0000 1.3203e-04 -1.3203e-04 1.3203e-04  0.3100  0.0000  0.0000 15.7668  16723.1      368     '1T'
    168 21.2161 -21.2161 21.2161  4.9984 -0.5298  0.5298 9.6141e-05 -3.2522e-06 3.2522e-06  0.3100  0.0000  0.0000  7.1740  11031.9      279     '1T'
    169  8.9514 -0.4136  0.4136  2.6934 -0.2244  0.2244 1.5007e-04 -4.2693e-06 4.2693e-06  0.3100  0.0000  0.0000  2.8901  13617.5      274     '1T'
    170  5.0321 -0.1200  0.1200  1.1558 -0.0892  0.0892 1.9499e-04 -4.2531e-06 4.2531e-06  0.3100  0.0000  0.0000  1.2714  13615.5      258     '1T'
    171  4.9245 -0.1383  0.1383  1.0871 -0.0980  0.0980 1.4558e-04 -3.6235e-06 3.6235e-06  0.3100  0.0000  0.0000  1.1777  10143.4      215     '1T'
    172  4.6432 -0.1282  0.1282  0.9955 -0.0822  0.0822 1.8445e-04 -4.1106e-06 4.1106e-06  0.3100  0.0000  0.0000  1.1699  12174.9      235     '1T'
    173  4.6505 -0.1250  0.1250  0.8630 -0.0729  0.0729 2.0002e-04 -4.1441e-06 4.1441e-06  0.3100  0.0000  0.0000  1.0851  12874.8      245     '1T'
    174  4.3557 -0.1554  0.1554  0.7574 -0.0631  0.0631 2.3627e-04 -4.7895e-06 4.7895e-06  0.3100  0.0000  0.0000  1.1181  14532.3      260     '1T'
    175  4.3896 -0.0863  0.0863  0.8752 -0.0653  0.0653 2.4872e-04 -4.6844e-06 4.6844e-06  0.3100  0.0000  0.0000  1.2042  15782.1      264     '1T'
    176  4.4475 -0.1093  0.1093  0.8430 -0.0643  0.0643 2.6426e-04 -5.0058e-06 5.0058e-06  0.3100  0.0000  0.0000  1.1567  16424.7      278     '1T'
    177  4.4196 -0.1044  0.1044  0.8479 -0.0617  0.0617 2.8771e-04 -5.2285e-06 5.2285e-06  0.3100  0.0000  0.0000  1.0544  17944.6      284     '1T'
    178  4.4082 -0.1043  0.1043  0.7565 -0.0563  0.0563 3.0618e-04 -5.2822e-06 5.2822e-06  0.3100  0.0000  0.0000  1.0441  18542.6      289     '1T'
    179  4.5231 -0.1382  0.1382  0.8581 -0.0803  0.0803 1.6740e-04 -3.8876e-06 3.8876e-06  0.3100  0.0000  0.0000  1.0387  10529.7      220     '1T'
    180  4.5773 -0.1017  0.1017  0.6954 -0.0526  0.0526 3.2999e-04 -5.3510e-06 5.3510e-06  0.3100  0.0000  0.0000  0.9774  20057.1      298     '1T'
    181  4.5725 -0.1392  0.1392  0.8328 -0.0839  0.0839 1.6152e-04 -3.9369e-06 3.9369e-06  0.3100  0.0000  0.0000  1.0553  10318.9      217     '1T'
    182  4.3566 -0.1789  0.1789  0.7631 -0.0732  0.0732 1.7338e-04 -3.9989e-06 3.9989e-06  0.3100  0.0000  0.0000  1.3038  11048.0      222     '1T'
    183  4.7850 -0.1340  0.1340  0.8119 -0.0762  0.0762 1.7867e-04 -3.8706e-06 3.8706e-06  0.3100  0.0000  0.0000  1.1495  11515.9      231     '1T'
    184  4.8137 -0.1416  0.1416  0.7150 -0.0777  0.0777 1.6544e-04 -3.7960e-06 3.7960e-06  0.3100  0.0000  0.0000  1.1251  10513.9      220     '1T'
    185  4.7204 -0.1355  0.1355  0.6736 -0.0694  0.0694 1.8634e-04 -3.9377e-06 3.9377e-06  0.3100  0.0000  0.0000  0.9221  11621.7      229     '1T'
    186  4.6372 -0.1341  0.1341  0.7252 -0.0713  0.0713 1.7885e-04 -3.8368e-06 3.8368e-06  0.3100  0.0000  0.0000  1.0729  11422.3      227     '1T'
    187  4.9991 -0.1367  0.1367  0.7157 -0.0719  0.0719 1.8242e-04 -3.7623e-06 3.7623e-06  0.3100  0.0000  0.0000  1.0674  11763.3      238     '1T'
    188  4.8823 -0.1332  0.1332  0.6755 -0.0685  0.0685 1.9036e-04 -3.8662e-06 3.8662e-06  0.3100  0.0000  0.0000  0.9265  12181.3      241     '1T'
    189  5.0286 -0.1351  0.1351  0.7249 -0.0742  0.0742 1.8047e-04 -3.8330e-06 3.8330e-06  0.3100  0.0000  0.0000  0.9671  11749.5      233     '1T'
    190  4.6483 -0.1280  0.1280  0.6722 -0.0637  0.0637 2.0133e-04 -3.9449e-06 3.9449e-06  0.3100  0.0000  0.0000  1.1851  12888.2      247     '1T'
    191  4.7882 -0.1353  0.1353  0.6863 -0.0688  0.0688 1.8164e-04 -3.7322e-06 3.7322e-06  0.3100  0.0000  0.0000  1.1137  11930.9      235     '1T'
    192  5.1209 -0.1342  0.1342  0.7230 -0.0722  0.0722 1.7989e-04 -3.6622e-06 3.6622e-06  0.3100  0.0000  0.0000  1.1400  12046.9      242     '1T'
    193  5.2185 -0.1404  0.1404  0.6114 -0.0636  0.0636 1.8983e-04 -3.5333e-06 3.5333e-06  0.3100  0.0000  0.0000  1.1724  12422.8      248     '1T'
    194  5.1532 -0.1368  0.1368  0.6889 -0.0699  0.0699 1.7904e-04 -3.5695e-06 3.5695e-06  0.3100  0.0000  0.0000  1.0506  12004.6      243     '1T'
    195  4.9747 -0.1293  0.1293  0.6427 -0.0640  0.0640 1.9616e-04 -3.7447e-06 3.7447e-06  0.3100  0.0000  0.0000  1.1485  13115.0      254     '1T'
    196  5.4517 -0.1394  0.1394  0.5680 -0.0665  0.0665 1.7903e-04 -3.3731e-06 3.3731e-06  0.3100  0.0000  0.0000  0.9876  11665.7      256     '1T'
    197  5.3063 -0.1361  0.1361  0.6772 -0.0697  0.0697 1.8456e-04 -3.6213e-06 3.6213e-06  0.3100  0.0000  0.0000  0.9891  12333.6      246     '1T'
    198  5.4485 -0.1528  0.1528  0.6575 -0.0724  0.0724 1.7433e-04 -3.4671e-06 3.4671e-06  0.3100  0.0000  0.0000  1.2397  11724.9      238     '1T'
    199  5.4051 -0.1533  0.1533  0.6799 -0.0710  0.0710 1.7460e-04 -3.4852e-06 3.4852e-06  0.3100  0.0000  0.0000  0.8805  11930.4      241     '1T'
    200  5.2029 -0.1421  0.1421  0.5595 -0.0634  0.0634 1.8268e-04 -3.4777e-06 3.4777e-06  0.3100  0.0000  0.0000  0.9862  11966.9      247     '1T'
    201  5.3758 -0.1220  0.1220  0.5930 -0.0685  0.0685 1.6831e-04 -3.2471e-06 3.2471e-06  0.3100  0.0000  0.0000  1.0690  11282.5      232     '1T'
    202  5.5566 -0.1869  0.1869  0.6354 -0.0691  0.0691 1.7726e-04 -3.3565e-06 3.3565e-06  0.3100  0.0000  0.0000  1.0906  12073.8      246     '1T'
    203  5.8220 -0.2025  0.2025  0.6893 -0.0778  0.0778 1.6782e-04 -3.4200e-06 3.4200e-06  0.3100  0.0000  0.0000  1.0470  11516.4      234     '1T'
    204  5.2328 -0.1397  0.1397  0.7461 -0.0771  0.0771 1.6399e-04 -3.4971e-06 3.4971e-06  0.3100  0.0000  0.0000  1.0886  11367.7      228     '1T'
    205  5.3835 -0.1297  0.1297  0.5480 -0.0649  0.0649 1.7163e-04 -3.2526e-06 3.2526e-06  0.3100  0.0000  0.0000  0.9772  11584.7      238     '1T'
    206  5.3796 -0.1225  0.1225  0.6157 -0.0697  0.0697 1.6333e-04 -3.1904e-06 3.1904e-06  0.3100  0.0000  0.0000  0.9468  11213.8      233     '1T'
    207  5.5067 -0.2670  0.2670  0.6989 -0.0762  0.0762 1.7040e-04 -3.4799e-06 3.4799e-06  0.3100  0.0000  0.0000  0.8637  11745.5      238     '1T'
    208  5.4520 -0.1686  0.1686  0.5392 -0.0678  0.0678 1.6310e-04 -3.1806e-06 3.1806e-06  0.3100  0.0000  0.0000  1.0504  10881.1      233     '1T'
    209  5.7922 -0.2153  0.2153  0.6164 -0.0723  0.0723 1.5723e-04 -3.0836e-06 3.0836e-06  0.3100  0.0000  0.0000  1.2777  10781.3      235     '1T'
    210  5.7402 -0.2211  0.2211  0.6298 -0.0750  0.0750 1.4924e-04 -3.0570e-06 3.0570e-06  0.3100  0.0000  0.0000  1.0966  10247.4      223     '1T'
    211  5.3059 -0.1632  0.1632  0.7660 -0.0803  0.0803 1.4646e-04 -3.2145e-06 3.2145e-06  0.3100  0.0000  0.0000  1.2149  10280.5      224     '1T'
    212  5.7481 -0.2062  0.2062  0.7809 -0.0853  0.0853 1.4901e-04 -3.2316e-06 3.2316e-06  0.3100  0.0000  0.0000  1.0649  10608.5      230     '1T'
    213  5.7728 -0.1586  0.1586  0.5558 -0.0522  0.0522 2.9914e-04 -4.3420e-06 4.3420e-06  0.3100  0.0000  0.0000  1.1308  19617.0      314     '1T'
    214  5.7585 -0.1568  0.1568  0.6860 -0.0585  0.0585 2.8752e-04 -4.4442e-06 4.4442e-06  0.3100  0.0000  0.0000  0.9872  19209.3      309     '1T'
    215  5.5891 -0.1584  0.1584  0.6932 -0.0604  0.0604 2.7006e-04 -4.3547e-06 4.3547e-06  0.3100  0.0000  0.0000  0.9493  17834.3      302     '1T'
    216  6.1609 -0.1640  0.1640  0.6619 -0.0593  0.0593 2.7621e-04 -4.1864e-06 4.1864e-06  0.3100  0.0000  0.0000  1.1464  18371.2      308     '1T'
    217  6.2813 -0.1690  0.1690  0.6250 -0.0616  0.0616 2.7316e-04 -4.3148e-06 4.3148e-06  0.3100  0.0000  0.0000  1.0240  17829.3      309     '1T'
    218  6.2410 -0.1669  0.1669  0.6573 -0.0614  0.0614 2.6444e-04 -4.1034e-06 4.1034e-06  0.3100  0.0000  0.0000  0.8899  17524.8      304     '1T'
    219  6.1826 -0.1667  0.1667  0.6436 -0.0614  0.0614 2.6155e-04 -4.1035e-06 4.1035e-06  0.3100  0.0000  0.0000  1.1301  17316.8      303     '1T'
    220  5.9438 -0.1723  0.1723  0.5639 -0.0567  0.0567 2.5702e-04 -3.9848e-06 3.9848e-06  0.3100  0.0000  0.0000  0.9204  16906.6      295     '1T'
    221  6.2479 -0.1699  0.1699  0.6541 -0.0646  0.0646 2.5154e-04 -4.1195e-06 4.1195e-06  0.3100  0.0000  0.0000  0.9979  16895.9      296     '1T'
    222  6.5127 -0.1757  0.1757  0.5753 -0.0605  0.0605 2.5604e-04 -3.9416e-06 3.9416e-06  0.3100  0.0000  0.0000  0.8862  16823.1      300     '1T'
    223  6.0986 -0.1737  0.1737  0.6628 -0.0634  0.0634 2.4139e-04 -3.9164e-06 3.9164e-06  0.3100  0.0000  0.0000  1.0458  16264.1      292     '1T'
    224  6.4316 -0.1882  0.1882  0.5247 -0.0596  0.0596 2.2741e-04 -3.5905e-06 3.5905e-06  0.3100  0.0000  0.0000  0.9753  15308.8      289     '1T'
    225  6.2289 -0.1927  0.1927  0.4385 -0.0559  0.0559 2.3364e-04 -3.6573e-06 3.6573e-06  0.3100  0.0000  0.0000  1.1677  15038.1      280     '1T'
    226  6.1157 -0.1873  0.1873  0.5749 -0.0635  0.0635 2.1049e-04 -3.5490e-06 3.5490e-06  0.3100  0.0000  0.0000  0.9619  14323.4      281     '1T'
    227  5.8826 -0.1940  0.1940  0.4925 -0.0586  0.0586 2.0838e-04 -3.4838e-06 3.4838e-06  0.3100  0.0000  0.0000  1.0183  14088.8      273     '1T'
    228  6.1570 -0.1990  0.1990  0.4242 -0.0562  0.0562 2.1423e-04 -3.4175e-06 3.4175e-06  0.3100  0.0000  0.0000  1.0033  14139.8      270     '1T'
    229  5.9808 -0.1989  0.1989  0.4765 -0.0584  0.0584 2.0003e-04 -3.3119e-06 3.3119e-06  0.3100  0.0000  0.0000  1.1749  13614.8      268     '1T'
    230  6.5528 -0.2037  0.2037  0.5240 -0.0661  0.0661 1.8798e-04 -3.2068e-06 3.2068e-06  0.3100  0.0000  0.0000  1.0699  13154.8      266     '1T'
    231  6.0333 -0.2183  0.2183  0.2938 -0.0506  0.0506 1.9720e-04 -3.0612e-06 3.0612e-06  0.3100  0.0000  0.0000  1.0912  12997.5      266     '1T'
    232  6.4538 -0.2025  0.2025  0.5703 -0.0700  0.0700 1.7659e-04 -3.1573e-06 3.1573e-06  0.3100  0.0000  0.0000  0.8276  12465.5      254     '1T'
    233  6.7653 -0.2180  0.2180  0.4337 -0.0649  0.0649 1.7262e-04 -2.9650e-06 2.9650e-06  0.3100  0.0000  0.0000  0.8913  12061.5      250     '1T'
    234  6.3080 -0.2122  0.2122  0.5994 -0.0744  0.0744 1.5717e-04 -3.0131e-06 3.0131e-06  0.3100  0.0000  0.0000  0.9431  11431.5      241     '1T'
    235  6.0827 -0.2318  0.2318  0.4653 -0.0680  0.0680 1.4775e-04 -2.8410e-06 2.8410e-06  0.3100  0.0000  0.0000  1.1427  10481.5      228     '1T'
    236  6.2432 -0.2311  0.2311  0.5347 -0.0758  0.0758 1.3844e-04 -2.7800e-06 2.7800e-06  0.3100  0.0000  0.0000  0.9151  10025.2      228     '1T'
    237  6.2855 -0.1971  0.1971  0.4879 -0.0610  0.0610 1.9786e-04 -3.2512e-06 3.2512e-06  0.3100  0.0000  0.0000  0.9023  14123.6      279     '1T'
    238  6.5222 -0.2032  0.2032  0.4931 -0.0643  0.0643 1.8786e-04 -3.1853e-06 3.1853e-06  0.3100  0.0000  0.0000  1.0097  13613.5      269     '1T'
    239  6.3317 -0.2038  0.2038  0.4603 -0.0609  0.0609 1.8641e-04 -3.1101e-06 3.1101e-06  0.3100  0.0000  0.0000  1.0386  13404.0      268     '1T'
    240  6.3254 -0.2157  0.2157  0.3433 -0.0553  0.0553 1.8618e-04 -3.0206e-06 3.0206e-06  0.3100  0.0000  0.0000  1.0020  13027.3      263     '1T'
    241  6.3817 -0.2091  0.2091  0.4817 -0.0644  0.0644 1.7686e-04 -3.0300e-06 3.0300e-06  0.3100  0.0000  0.0000  0.9947  12776.5      270     '1T'
    242  6.6205 -0.2170  0.2170  0.4240 -0.0634  0.0634 1.7489e-04 -2.9875e-06 2.9875e-06  0.3100  0.0000  0.0000  1.0662  12580.1      259     '1T'
    243  6.7519 -0.1911  0.1911  0.4518 -0.0675  0.0675 1.6288e-04 -2.8030e-06 2.8030e-06  0.3100  0.0000  0.0000  1.0259  11902.0      259     '1T'
    244  6.3619 -0.2261  0.2261  0.3985 -0.0639  0.0639 1.6258e-04 -2.8986e-06 2.8986e-06  0.3100  0.0000  0.0000  0.9615  11588.6      246     '1T'
    245  6.7314 -0.1752  0.1752  0.4724 -0.0711  0.0711 1.6511e-04 -2.9533e-06 2.9533e-06  0.3100  0.0000  0.0000  1.0695  11400.0      248     '1T'
    246  6.6333 -0.2264  0.2264  0.5047 -0.0722  0.0722 1.6208e-04 -2.9912e-06 2.9912e-06  0.3100  0.0000  0.0000  1.0644  11147.4      242     '1T'
    247  6.5502 -0.2361  0.2361  0.3655 -0.0631  0.0631 1.6519e-04 -2.9381e-06 2.9381e-06  0.3100  0.0000  0.0000  0.9870  11031.7      244     '1T'
    248  6.9444 -0.4486  0.4486  0.5556 -0.0804  0.0804 1.5238e-04 -2.9758e-06 2.9758e-06  0.3100  0.0000  0.0000  0.9472  10603.5      265     '1T'
    249  6.7173 -0.1799  0.1799  0.3500 -0.0667  0.0667 1.5466e-04 -2.7492e-06 2.7492e-06  0.3100  0.0000  0.0000  1.1071  10344.3      234     '1T'
    250  6.6553 -0.3400  0.3400  0.3102 -0.0645  0.0645 1.5555e-04 -2.9354e-06 2.9354e-06  0.3100  0.0000  0.0000  0.9652  10145.9      227     '1T'
    251  7.3521 -0.3883  0.3883  0.2738 -0.0678  0.0678 1.5936e-04 -2.7707e-06 2.7707e-06  0.3100  0.0000  0.0000  1.0109  10240.6      233     '1T'
    252  7.1346 -0.3212  0.3212  0.3448 -0.0612  0.0612 1.9818e-04 -3.1626e-06 3.1626e-06  0.3100  0.0000  0.0000  1.0575  13035.4      273     '1T'
    253  7.1489 -0.3173  0.3173  0.4033 -0.0669  0.0669 1.9555e-04 -3.2954e-06 3.2954e-06  0.3100  0.0000  0.0000  0.9904  12770.3      267     '1T'
    254  7.3820 -0.3371  0.3371  0.3485 -0.0643  0.0643 1.9204e-04 -3.1396e-06 3.1396e-06  0.3100  0.0000  0.0000  0.9356  12705.3      274     '1T'
    255  6.7225 -0.1906  0.1906  0.3204 -0.0608  0.0608 1.8650e-04 -3.0604e-06 3.0604e-06  0.3100  0.0000  0.0000  1.0584  12231.6      264     '1T'
    256  6.7280 -0.1720  0.1720  0.3344 -0.0609  0.0609 1.8401e-04 -3.0081e-06 3.0081e-06  0.3100  0.0000  0.0000  1.0050  12071.7      257     '1T'
    257  7.8999 -0.3568  0.3568  0.3225 -0.0691  0.0691 1.8213e-04 -3.0524e-06 3.0524e-06  0.3100  0.0000  0.0000  1.0002  12067.8      265     '1T'
    258  6.4927 -0.2330  0.2330  0.3048 -0.0585  0.0585 1.8368e-04 -3.0663e-06 3.0663e-06  0.3100  0.0000  0.0000  1.1117  12063.8      253     '1T'
    259  6.9073 -0.3839  0.3839  0.3755 -0.0661  0.0661 1.7721e-04 -3.0083e-06 3.0083e-06  0.3100  0.0000  0.0000  1.0406  12021.1      261     '1T'
    260  6.8711 -0.3860  0.3860  0.3583 -0.0648  0.0648 1.6877e-04 -2.9453e-06 2.9453e-06  0.3100  0.0000  0.0000  0.8930  11610.3      255     '1T'
    261  6.6491 -0.2626  0.2626  0.3774 -0.0648  0.0648 1.6667e-04 -2.9569e-06 2.9569e-06  0.3100  0.0000  0.0000  0.8776  11463.6      250     '1T'
    262  7.6736 -0.3625  0.3625  0.4456 -0.0774  0.0774 1.5398e-04 -2.8346e-06 2.8346e-06  0.3100  0.0000  0.0000  1.0426  11084.8      253     '1T'
    263  6.8109 -0.3029  0.3029  0.3444 -0.0658  0.0658 1.5894e-04 -2.8492e-06 2.8492e-06  0.3100  0.0000  0.0000  1.0216  10990.7      250     '1T'
    264  7.4420 -0.3727  0.3727  0.2597 -0.0660  0.0660 1.6005e-04 -2.7691e-06 2.7691e-06  0.3100  0.0000  0.0000  1.0261  11018.7      255     '1T'
    265  7.7018 -0.3679  0.3679  0.3517 -0.0731  0.0731 1.5961e-04 -2.8346e-06 2.8346e-06  0.3100  0.0000  0.0000  1.0096  11313.1      256     '1T'
    266  7.4802 -0.3804  0.3804  0.2133 -0.0632  0.0632 1.6199e-04 -2.7085e-06 2.7085e-06  0.3100  0.0000  0.0000  1.0577  11073.1      249     '1T'
    267  7.0633 -0.3253  0.3253  0.3930 -0.0719  0.0719 1.5076e-04 -2.7192e-06 2.7192e-06  0.3100  0.0000  0.0000  0.8532  10840.9      245     '1T'
    268  7.8177 -0.3761  0.3761  0.3756 -0.0773  0.0773 1.4975e-04 -2.7694e-06 2.7694e-06  0.3100  0.0000  0.0000  0.9310  10746.5      250     '1T'
    269  7.8444 -0.3787  0.3787  0.4207 -0.0804  0.0804 1.4513e-04 -2.7242e-06 2.7242e-06  0.3100  0.0000  0.0000  1.1866  10540.9      245     '1T'
    270  7.7032 -0.3880  0.3880  0.2929 -0.0727  0.0727 1.4613e-04 -2.6785e-06 2.6785e-06  0.3100  0.0000  0.0000  1.0709  10345.0      238     '1T'
    271  8.1521 -0.3950  0.3950  0.2968 -0.0767  0.0767 1.4205e-04 -2.5925e-06 2.5925e-06  0.3100  0.0000  0.0000  0.9785  10224.3      242     '1T'
    272  7.7194 -0.4036  0.4036  0.2294 -0.0705  0.0705 1.4759e-04 -2.6141e-06 2.6141e-06  0.3100  0.0000  0.0000  1.0025  10026.0      241     '1T'
    273  7.1030 -0.3075  0.3075  0.2712 -0.0617  0.0617 1.7967e-04 -2.9118e-06 2.9118e-06  0.3100  0.0000  0.0000  1.0173  12032.2      267     '1T'
    274  7.8232 -0.3618  0.3618  0.3452 -0.0705  0.0705 1.7269e-04 -2.9440e-06 2.9440e-06  0.3100  0.0000  0.0000  0.8757  11958.1      270     '1T'
    275  8.0467 -0.3818  0.3818  0.2010 -0.0675  0.0675 1.7198e-04 -2.8629e-06 2.8629e-06  0.3100  0.0000  0.0000  0.9489  11691.2      268     '1T'
    276  8.5488 -0.5076  0.5076  0.3150 -0.0799  0.0799 1.6351e-04 -2.8766e-06 2.8766e-06  0.3100  0.0000  0.0000  0.8454  11410.6      268     '1T'
    277  7.9164 -0.3740  0.3740  0.3458 -0.0747  0.0747 1.6029e-04 -2.8714e-06 2.8714e-06  0.3100  0.0000  0.0000  1.0811  11226.5      258     '1T'
    278  8.3669 -0.3736  0.3736  0.1786 -0.0706  0.0706 1.6099e-04 -2.7323e-06 2.7323e-06  0.3100  0.0000  0.0000  0.9205  11114.8      255     '1T'
    279  7.6295 -0.3842  0.3842  0.3015 -0.0722  0.0722 1.5254e-04 -2.7219e-06 2.7219e-06  0.3100  0.0000  0.0000  0.8678  10828.2      251     '1T'
    280  8.7611 -0.6266  0.6266  0.2929 -0.0827  0.0827 1.4727e-04 -2.6991e-06 2.6991e-06  0.3100  0.0000  0.0000  1.0610  10634.2      243     '1T'
    281  8.1561 -0.3980  0.3980  0.2115 -0.0730  0.0730 1.4971e-04 -2.6598e-06 2.6598e-06  0.3100  0.0000  0.0000  0.8252  10663.8      255     '1T'
    282  8.4937 -0.5692  0.5692  0.2458 -0.0787  0.0787 1.4558e-04 -2.9542e-06 2.9542e-06  0.3100  0.0000  0.0000  0.9839  10523.8      253     '1T'
    283  7.8543 -0.4044  0.4044  0.2371 -0.0729  0.0729 1.4285e-04 -2.6125e-06 2.6125e-06  0.3100  0.0000  0.0000  1.2232  10334.4      246     '1T'
    284  7.8349 -0.4183  0.4183  0.2375 -0.0739  0.0739 1.3943e-04 -2.5121e-06 2.5121e-06  0.3100  0.0000  0.0000  0.9766  10044.9      241     '1T'
    285  8.3535 -0.4013  0.4013  0.2876 -0.0773  0.0773 1.5993e-04 -2.7870e-06 2.7870e-06  0.3100  0.0000  0.0000  1.0195  11722.3      275     '1T'
    286  8.0012 -0.3913  0.3913  0.2073 -0.0717  0.0717 1.6072e-04 -2.7493e-06 2.7493e-06  0.3100  0.0000  0.0000  0.9517  11517.9      258     '1T'
    287  8.4230 -0.3130  0.3130  0.2875 -0.0796  0.0796 1.4955e-04 -2.6847e-06 2.6847e-06  0.3100  0.0000  0.0000  1.0514  11074.8      263     '1T'
    288  9.1764 -0.5903  0.5903  0.1943 -0.0835  0.0835 1.4746e-04 -2.6621e-06 2.6621e-06  0.3100  0.0000  0.0000  0.9377  10701.3      255     '1T'
    289  7.7603 -0.3947  0.3947  0.3436 -0.0814  0.0814 1.3958e-04 -2.6967e-06 2.6967e-06  0.3100  0.0000  0.0000  1.1339  10481.9      253     '1T'
    290  8.2455 -0.4179  0.4179  0.3406 -0.0860  0.0860 1.3950e-04 -2.7650e-06 2.7650e-06  0.3100  0.0000  0.0000  1.1692  10307.8      255     '1T'
    291  8.4852 -0.5014  0.5014  0.3548 -0.0911  0.0911 1.3956e-04 -2.8543e-06 2.8543e-06  0.3100  0.0000  0.0000  1.1098  10384.8      254     '1T'
    292  8.3127 -0.5976  0.5976  0.2006 -0.0781  0.0781 1.4088e-04 -2.6761e-06 2.6761e-06  0.3100  0.0000  0.0000  0.9847  10231.0      256     '1T'
    293  7.3894 -0.3984  0.3984  0.3612 -0.0812  0.0812 1.3805e-04 -2.7224e-06 2.7224e-06  0.3100  0.0000  0.0000  1.0699  10272.2      256     '1T'
    294  8.9125 -0.9676  0.9676  0.4174 -0.0983  0.0983 1.3497e-04 -2.8082e-06 2.8082e-06  0.3100  0.0000  0.0000  0.9794  10259.8      251     '1T'
    295  8.0111 -0.4236  0.4236  0.2053 -0.0748  0.0748 1.3935e-04 -2.5698e-06 2.5698e-06  0.3100  0.0000  0.0000  1.0539  10120.0      248     '1T'
    296  7.8791 -0.3902  0.3902  0.3039 -0.0783  0.0783 1.5507e-04 -2.8922e-06 2.8922e-06  0.3100  0.0000  0.0000  0.9671  11426.0      268     '1T'
    297  7.1043 -0.3273  0.3273  0.1797 -0.0657  0.0657 1.6252e-04 -2.8048e-06 2.8048e-06  0.3100  0.0000  0.0000  0.9665  11278.5      268     '1T'
    298  8.1151 -0.4235  0.4235  0.0957 -0.0705  0.0705 1.6303e-04 -2.7932e-06 2.7932e-06  0.3100  0.0000  0.0000  1.0261  11248.2      272     '1T'
    299  8.3953 -0.3005  0.3005  0.2704 -0.0829  0.0829 1.6015e-04 -2.9627e-06 2.9627e-06  0.3100  0.0000  0.0000  0.9862  11224.4      279     '1T'
    300  7.7256 -0.4139  0.4139  0.1694 -0.0742  0.0742 1.5783e-04 -2.8704e-06 2.8704e-06  0.3100  0.0000  0.0000  1.0952  10937.2      266     '1T'
    301  8.5834 -0.4419  0.4419  0.1738 -0.0820  0.0820 1.5566e-04 -2.8403e-06 2.8403e-06  0.3100  0.0000  0.0000  1.0428  10878.9      267     '1T'
    302  8.2460 -0.4497  0.4497  0.1635 -0.0783  0.0783 1.5264e-04 -2.8419e-06 2.8419e-06  0.3100  0.0000  0.0000  1.0064  10771.3      270     '1T'
    303  8.2409 -0.5417  0.5417  0.1674 -0.0826  0.0826 1.4145e-04 -2.8069e-06 2.8069e-06  0.3100  0.0000  0.0000  1.1033  10064.6      260     '1T'
    304  9.0064 -0.6750  0.6750  0.2399 -0.0954  0.0954 1.3933e-04 -2.8097e-06 2.8097e-06  0.3100  0.0000  0.0000  1.0123   9930.1      247     '1T'
    305  7.8983 -0.4201  0.4201  0.2455 -0.0827  0.0827 1.5180e-04 -2.9564e-06 2.9564e-06  0.3100  0.0000  0.0000  1.1663  10785.5      270     '1T'
    306  7.7159 -0.4364  0.4364  0.0629 -0.0629  0.0721 1.6455e-04 -2.9037e-06 2.9037e-06  0.3100  0.0000  0.0000  0.9946  11045.5      281     '1T'
    307  7.9835 -0.3985  0.3985  0.4826 -0.0988  0.0988 1.4920e-04 -3.1821e-06 3.1821e-06  0.3100  0.0000  0.0000  0.9225  11066.8      280     '1T'
    308  8.1181 -0.4242  0.4242  0.2209 -0.0835  0.0835 1.5531e-04 -3.0234e-06 3.0234e-06  0.3100  0.0000  0.0000  0.9050  11030.4      282     '1T'
    309  7.5896 -0.4310  0.4310  0.1322 -0.0730  0.0730 1.5601e-04 -2.8572e-06 2.8572e-06  0.3100  0.0000  0.0000  1.0637  11013.6      283     '1T'
    310  7.8586 -0.4322  0.4322  0.1966 -0.0829  0.0829 1.5103e-04 -2.9771e-06 2.9771e-06  0.3100  0.0000  0.0000  1.1649  10832.9      271     '1T'
    311  7.8954 -0.4296  0.4296  0.2907 -0.0903  0.0903 1.4373e-04 -2.9824e-06 2.9824e-06  0.3100  0.0000  0.0000  0.8772  10482.1      279     '1T'
    312  7.1916 -0.4056  0.4056  0.1058 -0.0739  0.0739 1.4687e-04 -2.8064e-06 2.8064e-06  0.3100  0.0000  0.0000  0.9484  10208.9      276     '1T'
    313  7.9544 -0.4521  0.4521  0.2294 -0.0899  0.0899 1.3825e-04 -2.8988e-06 2.8988e-06  0.3100  0.0000  0.0000  1.0237  10000.6      268     '1T'
    314  6.9081 -0.3947  0.3947  0.1671 -0.0779  0.0779 1.4044e-04 -2.8216e-06 2.8216e-06  0.3100  0.0000  0.0000  0.8647   9788.8      269     '1T'
    315  7.7506 -0.4456  0.4456  0.0839 -0.0770  0.0770 1.5484e-04 -2.9708e-06 2.9708e-06  0.3100  0.0000  0.0000  0.9786  10746.1      279     '1T'
    316  7.8070 -0.4457  0.4457  0.2085 -0.0848  0.0848 1.4929e-04 -2.9774e-06 2.9774e-06  0.3100  0.0000  0.0000  1.0251  10708.5      285     '1T'
    317  7.8238 -0.4672  0.4672  0.0331 -0.0331  0.0956 1.4975e-04 -2.8382e-06 2.8382e-06  0.3100  0.0000  0.0000  1.0363  10385.7      280     '1T'
    318  8.1444 -0.4553  0.4553  0.2155 -0.0932  0.0932 1.4246e-04 -3.0442e-06 3.0442e-06  0.3100  0.0000  0.0000  0.9940  10301.9      284     '1T'
    319  8.3666 -0.3692  0.3692  0.1480 -0.0935  0.0935 1.3803e-04 -2.8683e-06 2.8683e-06  0.3100  0.0000  0.0000  1.0637   9810.0      249     '1T'
    320  8.1764 -0.4773  0.4773  0.1391 -0.0939  0.0939 1.3828e-04 -2.9496e-06 2.9496e-06  0.3100  0.0000  0.0000  0.8664   9716.6      272     '1T'
    321  8.2291 -0.5128  0.5128  0.1156 -0.0881  0.0881 1.5291e-04 -3.1532e-06 3.1532e-06  0.3100  0.0000  0.0000  0.8961  10706.9      288     '1T'
    322  8.1727 -0.4664  0.4664  0.1729 -0.0912  0.0912 1.4569e-04 -3.0045e-06 3.0045e-06  0.3100  0.0000  0.0000  0.8590  10479.5      293     '1T'
    323  7.9629 -0.4754  0.4754  0.0031 -0.0031  0.0781 1.5099e-04 -2.3084e-06 2.3084e-06  0.3100  0.0000  0.0000  1.1299  10491.5      287     '1T'
    324  8.2547 -0.8912  0.8912  0.0453 -0.0453  0.1850 1.3951e-04 -4.7991e-06 4.7991e-06  0.3100  0.0000  0.0000  1.0122  10053.4      290     '1T'
    325  7.8319 -0.4903  0.4903  0.0030 -0.0030  0.0882 1.4355e-04 -2.3265e-06 2.3265e-06  0.3100  0.0000  0.0000  1.0303  10109.8      289     '1T'
    326  7.0648 -0.6239  0.6239  0.1752 -0.0863  0.0863 1.3447e-04 -2.8744e-06 2.8744e-06  0.3100  0.0000  0.0000  0.9599   9721.4      284     '1T'
    327  7.1135 -0.4170  0.4170  0.2080 -0.0900  0.0900 1.3126e-04 -2.9205e-06 2.9205e-06  0.3100  0.0000  0.0000  1.0644   9628.5      283     '1T'
    328  7.6019 -0.4732  0.4732  0.1798 -0.0900  0.0900 1.4216e-04 -3.0246e-06 3.0246e-06  0.3100  0.0000  0.0000  1.2239  10456.8      296     '1T'
    329  6.6390 -0.4694  0.4694  0.1058 -0.0746  0.0746 1.3944e-04 -3.1544e-06 3.1544e-06  0.3100  0.0000  0.0000  1.2137  10315.9      292     '1T'
    330  6.5819 -0.3531  0.3531  0.2119 -0.0845  0.0845 1.3608e-04 -3.1622e-06 3.1622e-06  0.3100  0.0000  0.0000  1.0964  10125.3      294     '1T'
    331  6.9767 -0.5924  0.5924  0.2081 -0.0919  0.0919 1.2797e-04 -2.9201e-06 2.9201e-06  0.3100  0.0000  0.0000  1.1145   9704.1      296     '1T'
    332  6.3474 -0.3331  0.3331  0.2119 -0.0878  0.0878 1.2879e-04 -3.2094e-06 3.2094e-06  0.3100  0.0000  0.0000  1.0459   9612.9      287     '1T'
    333  7.6171 -0.4854  0.4854  0.2075 -0.0986  0.0986 1.3735e-04 -3.0973e-06 3.0973e-06  0.3100  0.0000  0.0000  1.1030  10414.5      306     '1T'
    334  6.6955 -0.2430  0.2430  0.1130 -0.0806  0.0806 1.3929e-04 -2.9589e-06 2.9589e-06  0.3100  0.0000  0.0000  1.0520  10159.2      304     '1T'
    335  6.3526 -0.3415  0.3415  0.1337 -0.0813  0.0813 1.3836e-04 -3.1122e-06 3.1122e-06  0.3100  0.0000  0.0000  1.2914  10224.7      308     '1T'
    336  6.6698 -0.2872  0.2872  0.1616 -0.0856  0.0856 1.3914e-04 -3.1566e-06 3.1566e-06  0.3100  0.0000  0.0000  1.1135  10250.8      310     '1T'
    337  6.0830 -0.3370  0.3370  0.1408 -0.0804  0.0804 1.4033e-04 -3.3934e-06 3.3934e-06  0.3100  0.0000  0.0000  1.0623   9897.0      306     '1T'
    338  6.3433 -0.3388  0.3388  0.1635 -0.0845  0.0845 1.4323e-04 -3.3799e-06 3.3799e-06  0.3100  0.0000  0.0000  1.1966  10203.3      315     '1T'
    339  6.6957 -0.2657  0.2657  0.2233 -0.0949  0.0949 1.3735e-04 -3.2321e-06 3.2321e-06  0.3100  0.0000  0.0000  1.0543   9937.2      316     '1T'
    340  6.6535 -0.2791  0.2791  0.2321 -0.0947  0.0947 1.3881e-04 -3.2816e-06 3.2816e-06  0.3100  0.0000  0.0000  1.1293  10014.4      325     '1T'
    341  6.7538 -0.4776  0.4776  0.1372 -0.0944  0.0944 1.4601e-04 -3.7491e-06 3.7491e-06  0.3100  0.0000  0.0000  1.1133  10060.7      323     '1T'
    342  6.7208 -0.4432  0.4432  0.2585 -0.0996  0.0996 1.3877e-04 -3.6988e-06 3.6988e-06  0.3100  0.0000  0.0000  1.0554   9846.7      320     '1T'
    343  6.3139 -0.3731  0.3731  0.0704 -0.0704  0.0843 1.4470e-04 -3.5366e-06 3.5366e-06  0.3100  0.0000  0.0000  1.2681   9684.0      318     '1T'
    344  6.6545 -0.2515  0.2515  0.2216 -0.0983  0.0983 1.4417e-04 -3.5540e-06 3.5540e-06  0.3100  0.0000  0.0000  1.1520  10145.1      325     '1T'
    345  6.6629 -0.2472  0.2472  0.2064 -0.0961  0.0961 1.4142e-04 -3.3984e-06 3.3984e-06  0.3100  0.0000  0.0000  1.1092   9873.2      330     '1T'
    346  6.6373 -0.2993  0.2993  0.3335 -0.1075  0.1075 1.3975e-04 -3.6280e-06 3.6280e-06  0.3100  0.0000  0.0000  1.2001   9898.3      332     '1T'
    347  7.1621 -0.4510  0.4510  0.1888 -0.1054  0.1054 1.4518e-04 -3.6260e-06 3.6260e-06  0.3100  0.0000  0.0000  1.1865   9853.6      310     '1T'
    348  5.8988 -0.3565  0.3565  0.2576 -0.0950  0.0950 1.4637e-04 -3.9771e-06 3.9771e-06  0.3100  0.0000  0.0000  1.3994   9955.6      330     '1T'
    349  6.8737 -0.4288  0.4288  0.2446 -0.1063  0.1063 1.4468e-04 -3.7770e-06 3.7770e-06  0.3100  0.0000  0.0000  1.1527   9926.5      339     '1T'
    350  6.1727 -0.3840  0.3840  0.0785 -0.0785  0.0862 1.5866e-04 -3.9271e-06 3.9271e-06  0.3100  0.0000  0.0000  1.1932  10304.6      360     '1T'
    351  6.2389 -0.3656  0.3656  0.3001 -0.1051  0.1051 1.5095e-04 -4.2397e-06 4.2397e-06  0.3100  0.0000  0.0000  1.2804  10246.2      359     '1T'
    352  5.1764 -0.2554  0.2554  0.1861 -0.0791  0.0791 1.6521e-04 -4.4247e-06 4.4247e-06  0.3100  0.0000  0.0000  1.3447  10357.2      356     '1T'
    353  5.3493 -0.2190  0.2190  0.3155 -0.0935  0.0935 1.5748e-04 -4.3366e-06 4.3366e-06  0.3100  0.0000  0.0000  1.2868  10196.3      368     '1T'
    354  5.2019 -0.2685  0.2685  0.2281 -0.0883  0.0883 1.5849e-04 -4.5324e-06 4.5324e-06  0.3100  0.0000  0.0000  1.3694   9964.9      360     '1T'
    355  4.4391 -0.1876  0.1876  0.1765 -0.0764  0.0764 1.7642e-04 -4.8945e-06 4.8945e-06  0.3100  0.0000  0.0000  1.4808  10270.2      372     '1T'
    356  5.1389 -0.2642  0.2642  0.3537 -0.1006  0.1006 1.6056e-04 -5.0110e-06 5.0110e-06  0.3100  0.0000  0.0000  1.6427  10097.4      373     '1T'
    357  4.8177 -0.2786  0.2786  0.2836 -0.0950  0.0950 1.5935e-04 -5.1329e-06 5.1329e-06  0.3100  0.0000  0.0000  1.4834   9794.4      386     '1T'
    358  3.7332 -0.1937  0.1937  0.2239 -0.0758  0.0758 1.7406e-04 -6.0939e-06 6.0939e-06  0.3100  0.0000  0.0000  1.6872   9714.3      379     '1T'
    359  4.2838 -0.4565  0.4565  0.3495 -0.0976  0.0976 1.7313e-04 -8.1088e-06 8.1088e-06  0.3100  0.0000  0.0000  1.7451  10131.5      394     '1T'
    360  2.9720 -0.1376  0.1376  0.4215 -0.0864  0.0864 1.9316e-04 -8.5609e-06 8.5609e-06  0.3100  0.0000  0.0000  2.0956  10011.8      414     '1T'
    361  0.9223 -0.0198  0.0198  0.1160 -0.0114  0.0114 4.3102e-04 -2.1440e-05 2.1440e-05  0.3100  0.0000  0.0000  2.5990  11448.9      444     '1T'
    362  0.7900 -0.0204  0.0204  0.2074 -0.0225  0.0225 3.7516e-04 -2.9948e-05 2.9948e-05  0.3100  0.0000  0.0000  2.1455  10702.1      444     '1T'
    363  0.7705 -0.1046  0.1046  0.1810 -0.0871  0.0871 6.6245e-05 -2.1865e-05 2.1865e-05  0.3100  0.0000  0.0000  0.9374    783.3      184     '1T'
    364 64.0000 -64.0000 64.0000  5.0000 -0.8931  0.8931 5.0681e-05 -5.0681e-05 5.0681e-05  0.3100  0.0000  0.0000 23.7385  11026.6      300     '1T'
    365  9.5465 -0.4253  0.4253  4.0815 -0.3924  0.3924 9.0276e-05 -3.6375e-06 3.6375e-06  0.3100  0.0000  0.0000  4.1362  10982.9      248     '1T'
    366  4.4942 -0.1323  0.1323  0.9770 -0.0807  0.0807 1.5677e-04 -3.5140e-06 3.5140e-06  0.3100  0.0000  0.0000  1.2613  11604.4      230     '1T'
    367  4.1373 -0.0962  0.0962  0.6909 -0.0691  0.0691 1.5191e-04 -3.4432e-06 3.4432e-06  0.3100  0.0000  0.0000  1.2805  10282.5      210     '1T'
    368  3.7875 -0.0822  0.0822  0.8342 -0.0698  0.0698 1.6593e-04 -3.8423e-06 3.8423e-06  0.3100  0.0000  0.0000  1.2015  12121.0      225     '1T'
    369  3.9846 -0.0911  0.0911  0.8405 -0.0784  0.0784 1.3588e-04 -3.3826e-06 3.3826e-06  0.3100  0.0000  0.0000  0.9980  10025.4      207     '1T'
    370  3.8958 -0.0857  0.0857  0.9480 -0.0830  0.0830 1.5215e-04 -3.9075e-06 3.9075e-06  0.3100  0.0000  0.0000  1.0302  10835.0      215     '1T'
    371  3.9091 -0.0861  0.0861  0.7408 -0.0662  0.0662 1.7847e-04 -3.9842e-06 3.9842e-06  0.3100  0.0000  0.0000  1.0923  11681.5      224     '1T'
    372  4.2380 -0.0925  0.0925  0.6587 -0.0621  0.0621 1.9613e-04 -3.9971e-06 3.9971e-06  0.3100  0.0000  0.0000  1.1673  12308.2      235     '1T'
    373  4.6475 -0.1315  0.1315  0.6997 -0.0668  0.0668 1.9235e-04 -3.9111e-06 3.9111e-06  0.3100  0.0000  0.0000  1.1555  12454.1      242     '1T'
    374  4.2649 -0.0642  0.0642  0.6735 -0.0633  0.0633 2.0122e-04 -4.0133e-06 4.0133e-06  0.3100  0.0000  0.0000  1.1235  12764.4      245     '1T'
    375  4.3725 -0.1001  0.1001  0.5610 -0.0558  0.0558 2.2929e-04 -4.2133e-06 4.2133e-06  0.3100  0.0000  0.0000  1.0625  14004.7      252     '1T'
    376  4.5293 -0.1252  0.1252  0.5777 -0.0562  0.0562 2.2512e-04 -4.1418e-06 4.1418e-06  0.3100  0.0000  0.0000  0.9476  13857.0      256     '1T'
    377  4.8224 -0.1259  0.1259  0.5471 -0.0559  0.0559 2.3267e-04 -4.1634e-06 4.1634e-06  0.3100  0.0000  0.0000  1.0399  14412.7      262     '1T'
    378  5.0055 -0.1249  0.1249  0.6287 -0.0615  0.0615 2.3643e-04 -4.3697e-06 4.3697e-06  0.3100  0.0000  0.0000  1.0675  14576.3      269     '1T'
    379  5.2278 -0.1237  0.1237  0.7139 -0.0653  0.0653 2.3185e-04 -4.2009e-06 4.2009e-06  0.3100  0.0000  0.0000  1.0796  14656.0      270     '1T'
    380  5.3175 -0.1266  0.1266  0.6964 -0.0651  0.0651 2.2521e-04 -4.0647e-06 4.0647e-06  0.3100  0.0000  0.0000  1.0607  14181.1      266     '1T'
    381  5.1071 -0.1276  0.1276  0.5956 -0.0599  0.0599 2.3349e-04 -4.1819e-06 4.1819e-06  0.3100  0.0000  0.0000  0.9941  14264.7      267     '1T'
    382  5.1857 -0.1358  0.1358  0.5974 -0.0616  0.0616 2.1718e-04 -3.9426e-06 3.9426e-06  0.3100  0.0000  0.0000  0.9955  13070.0      257     '1T'
    383  5.4209 -0.1594  0.1594  0.5093 -0.0629  0.0629 2.0380e-04 -3.8896e-06 3.8896e-06  0.3100  0.0000  0.0000  1.0252  12003.9      248     '1T'
    384  5.3253 -0.2408  0.2408  0.4879 -0.0634  0.0634 1.8731e-04 -3.8137e-06 3.8137e-06  0.3100  0.0000  0.0000  1.1250  10712.5      227     '1T'
    385  5.2815 -0.1488  0.1488  0.4796 -0.0587  0.0587 2.1522e-04 -3.9012e-06 3.9012e-06  0.3100  0.0000  0.0000  0.9320  11933.7      241     '1T'
    386  5.0679 -0.1552  0.1552  0.5246 -0.0687  0.0687 1.8128e-04 -3.8722e-06 3.8722e-06  0.3100  0.0000  0.0000  1.0196  10083.0      219     '1T'
    387  4.9834 -0.1424  0.1424  0.6017 -0.0687  0.0687 2.0373e-04 -4.2547e-06 4.2547e-06  0.3100  0.0000  0.0000  1.0319  11451.6      235     '1T'
    388  4.9874 -0.1464  0.1464  0.5784 -0.0652  0.0652 1.9895e-04 -3.9548e-06 3.9548e-06  0.3100  0.0000  0.0000  1.0416  11135.3      230     '1T'
    389  5.1794 -0.1518  0.1518  0.5185 -0.0659  0.0659 1.9215e-04 -3.8579e-06 3.8579e-06  0.3100  0.0000  0.0000  1.0056  10716.1      228     '1T'
    390  5.1507 -0.1558  0.1558  0.5429 -0.0691  0.0691 1.7820e-04 -3.7808e-06 3.7808e-06  0.3100  0.0000  0.0000  1.0110  10240.6      221     '1T'
    391  5.0947 -0.1587  0.1587  0.4770 -0.0642  0.0642 1.7718e-04 -3.6146e-06 3.6146e-06  0.3100  0.0000  0.0000  1.1849  10177.3      222     '1T'
    392  5.7447 -0.2198  0.2198  0.4145 -0.0596  0.0596 1.9725e-04 -3.5057e-06 3.5057e-06  0.3100  0.0000  0.0000  0.9558  11525.1      241     '1T'
    393  5.4745 -0.2294  0.2294  0.2869 -0.0541  0.0541 1.8689e-04 -3.3085e-06 3.3085e-06  0.3100  0.0000  0.0000  1.1814  10814.6      228     '1T'
    394  5.3568 -0.1229  0.1229  0.4836 -0.0657  0.0657 1.6777e-04 -3.2595e-06 3.2595e-06  0.3100  0.0000  0.0000  1.0793  10213.9      221     '1T'
    395  5.6472 -0.2215  0.2215  0.3336 -0.0575  0.0575 1.9973e-04 -3.5851e-06 3.5851e-06  0.3100  0.0000  0.0000  0.9763  11432.2      243     '1T'
    396  5.7151 -0.2299  0.2299  0.3357 -0.0576  0.0576 1.9411e-04 -3.4979e-06 3.4979e-06  0.3100  0.0000  0.0000  0.9914  10962.5      232     '1T'
    397  5.8104 -0.2259  0.2259  0.4395 -0.0653  0.0653 1.8601e-04 -3.5336e-06 3.5336e-06  0.3100  0.0000  0.0000  0.9073  10815.0      232     '1T'
    398  6.3680 -0.2418  0.2418  0.3797 -0.0650  0.0650 1.7637e-04 -3.2582e-06 3.2582e-06  0.3100  0.0000  0.0000  0.9186  10389.6      230     '1T'
    399  6.2694 -0.2411  0.2411  0.2241 -0.0542  0.0542 1.8721e-04 -3.1717e-06 3.1717e-06  0.3100  0.0000  0.0000  0.7837  11220.6      247     '1T'
    400  6.0895 -0.2373  0.2373  0.2796 -0.0576  0.0576 1.7405e-04 -3.0820e-06 3.0820e-06  0.3100  0.0000  0.0000  1.1650  11095.2      245     '1T'
    401  6.5555 -0.2471  0.2471  0.2774 -0.0619  0.0619 1.6349e-04 -2.8433e-06 2.8433e-06  0.3100  0.0000  0.0000  0.9810  10794.1      242     '1T'
    402  6.0478 -0.2370  0.2370  0.4094 -0.0660  0.0660 1.5247e-04 -2.8592e-06 2.8592e-06  0.3100  0.0000  0.0000  1.0056  10467.5      232     '1T'
    403  5.9801 -0.2474  0.2474  0.3069 -0.0599  0.0599 1.4637e-04 -2.7113e-06 2.7113e-06  0.3100  0.0000  0.0000  1.1312  10310.8      228     '1T'
    404  6.4676 -0.2510  0.2510  0.2232 -0.0569  0.0569 1.6182e-04 -2.7108e-06 2.7108e-06  0.3100  0.0000  0.0000  0.9372  11068.5      247     '1T'
    405  6.5421 -0.2380  0.2380  0.3585 -0.0666  0.0666 1.5312e-04 -2.8328e-06 2.8328e-06  0.3100  0.0000  0.0000  0.9389  10949.4      241     '1T'
    406  6.4530 -0.2515  0.2515  0.2986 -0.0644  0.0644 1.4674e-04 -2.7561e-06 2.7561e-06  0.3100  0.0000  0.0000  1.1043  10398.8      237     '1T'
    407  6.3481 -0.2418  0.2418  0.3045 -0.0625  0.0625 1.5536e-04 -2.8416e-06 2.8416e-06  0.3100  0.0000  0.0000  0.9859  11047.5      246     '1T'
    408  6.4689 -0.2478  0.2478  0.3296 -0.0661  0.0661 1.4864e-04 -2.7435e-06 2.7435e-06  0.3100  0.0000  0.0000  1.0034  10689.6      245     '1T'
    409  6.5448 -0.2731  0.2731  0.1065 -0.0549  0.0549 1.5353e-04 -2.6081e-06 2.6081e-06  0.3100  0.0000  0.0000  0.8466  10372.6      239     '1T'
    410  6.7823 -0.5036  0.5036  0.2621 -0.0694  0.0694 1.4246e-04 -2.9106e-06 2.9106e-06  0.3100  0.0000  0.0000  1.0960  10193.7      239     '1T'
    411  6.2003 -0.2515  0.2515  0.2487 -0.0595  0.0595 1.5326e-04 -2.7290e-06 2.7290e-06  0.3100  0.0000  0.0000  0.7607  10806.7      246     '1T'
    412  6.5668 -0.2617  0.2617  0.2503 -0.0617  0.0617 1.4639e-04 -2.6368e-06 2.6368e-06  0.3100  0.0000  0.0000  1.1183  10536.8      242     '1T'
    413  6.1646 -0.2741  0.2741  0.0973 -0.0537  0.0537 1.4508e-04 -2.5852e-06 2.5852e-06  0.3100  0.0000  0.0000  1.0192  10000.3      237     '1T'
    414  6.5123 -0.2571  0.2571  0.3291 -0.0700  0.0700 1.3859e-04 -2.6619e-06 2.6619e-06  0.3100  0.0000  0.0000  0.9897  10345.9      246     '1T'
    415  6.2991 -0.2708  0.2708  0.2222 -0.0613  0.0613 1.3932e-04 -2.6013e-06 2.6013e-06  0.3100  0.0000  0.0000  1.0589  10017.6      240     '1T'
    416  6.5539 -0.2670  0.2670  0.2870 -0.0688  0.0688 1.4053e-04 -2.7013e-06 2.7013e-06  0.3100  0.0000  0.0000  1.0690  10212.7      244     '1T'
    417  6.4244 -0.2583  0.2583  0.3972 -0.0771  0.0771 1.3464e-04 -2.7408e-06 2.7408e-06  0.3100  0.0000  0.0000  1.0241   9942.6      245     '1T'
    418  6.3958 -0.2708  0.2708  0.2103 -0.0649  0.0649 1.4814e-04 -2.8553e-06 2.8553e-06  0.3100  0.0000  0.0000  1.0336  10276.4      247     '1T'
    419  6.2694 -0.2738  0.2738  0.2706 -0.0678  0.0678 1.4295e-04 -2.7597e-06 2.7597e-06  0.3100  0.0000  0.0000  1.1012  10013.8      250     '1T'
    420  6.6087 -0.2706  0.2706  0.3232 -0.0764  0.0764 1.4700e-04 -3.0626e-06 3.0626e-06  0.3100  0.0000  0.0000  0.9685  10322.2      259     '1T'
    421  6.8888 -0.3587  0.3587  0.2558 -0.0735  0.0735 1.4741e-04 -2.8102e-06 2.8102e-06  0.3100  0.0000  0.0000  1.1017  10443.8      261     '1T'
    422  6.4556 -0.2843  0.2843  0.1981 -0.0682  0.0682 1.5264e-04 -3.0035e-06 3.0035e-06  0.3100  0.0000  0.0000  0.9579  10354.4      264     '1T'
    423  6.5257 -0.3093  0.3093  0.1043 -0.0675  0.0675 1.5000e-04 -2.8508e-06 2.8508e-06  0.3100  0.0000  0.0000  0.8603   9992.7      254     '1T'
    424  5.6731 -0.2788  0.2788  0.2002 -0.0662  0.0662 1.4942e-04 -3.1413e-06 3.1413e-06  0.3100  0.0000  0.0000  1.1950  10020.5      264     '1T'
    425  6.2662 -0.3099  0.3099  0.0702 -0.0649  0.0649 1.5225e-04 -3.0106e-06 3.0106e-06  0.3100  0.0000  0.0000  0.9263  10046.5      271     '1T'
    426  5.8453 -0.2933  0.2933  0.2108 -0.0683  0.0683 1.5158e-04 -3.2244e-06 3.2244e-06  0.3100  0.0000  0.0000  1.0586  10252.4      272     '1T'
    427  6.0849 -0.2990  0.2990  0.2510 -0.0759  0.0759 1.4912e-04 -3.2804e-06 3.2804e-06  0.3100  0.0000  0.0000  0.9974  10138.0      281     '1T'
    428  6.4665 -0.3042  0.3042  0.3139 -0.0873  0.0873 1.4201e-04 -3.3080e-06 3.3080e-06  0.3100  0.0000  0.0000  1.1076  10042.3      287     '1T'
    429  5.4199 -0.2602  0.2602  0.2365 -0.0753  0.0753 1.4684e-04 -3.6897e-06 3.6897e-06  0.3100  0.0000  0.0000  0.9675   9939.2      291     '1T'
    430  5.1624 -0.2222  0.2222  0.2169 -0.0711  0.0711 1.5376e-04 -3.7800e-06 3.7800e-06  0.3100  0.0000  0.0000  1.0818  10103.5      297     '1T'
    431  4.8092 -0.2235  0.2235  0.2395 -0.0726  0.0726 1.5322e-04 -3.9563e-06 3.9563e-06  0.3100  0.0000  0.0000  1.1672   9974.9      307     '1T'
    432  5.3534 -0.2721  0.2721  0.2718 -0.0788  0.0788 1.5967e-04 -4.2459e-06 4.2459e-06  0.3100  0.0000  0.0000  1.2505  10365.4      349     '1T'
    433  4.9646 -0.2424  0.2424  0.1182 -0.0697  0.0697 1.7329e-04 -4.6210e-06 4.6210e-06  0.3100  0.0000  0.0000  1.2652  10267.5      324     '1T'
    434  5.3126 -0.1469  0.1469  0.2591 -0.0835  0.0835 1.6757e-04 -4.1845e-06 4.1845e-06  0.3100  0.0000  0.0000  1.3604  10501.8      344     '1T'
    435  4.8267 -0.2473  0.2473  0.3037 -0.0857  0.0857 1.7090e-04 -5.0869e-06 5.0869e-06  0.3100  0.0000  0.0000  1.3383  10516.9      358     '1T'
    436  5.0701 -0.2671  0.2671  0.2517 -0.0894  0.0894 1.7773e-04 -5.3612e-06 5.3612e-06  0.3100  0.0000  0.0000  1.3474  10555.2      383     '1T'
    437  4.8944 -0.2503  0.2503  0.5603 -0.1067  0.1067 2.0271e-04 -6.4752e-06 6.4752e-06  0.3100  0.0000  0.0000  1.4777  10975.0      419     '1T'
    438  1.4901 -0.0652  0.0652  0.1516 -0.0338  0.0338 3.1876e-04 -2.0889e-05 2.0889e-05  0.3100  0.0000  0.0000  1.7606   6951.7      444     '1T'
    439  0.6188 -0.0283  0.0283  0.2721 -0.0570  0.0570 3.8538e-04 -6.7720e-05 6.7720e-05  0.3100  0.0000  0.0000  1.3903   4187.8      443     '1T'
