# Fit results (zeros indicate that no fitting was performed)
# Reg_no. kT1 kT1_loerr kT1_hierr Z1 Z1_loerr Z1_hierr norm1 norm1_loerr norm1_hierr nH_Gal nH_loerr nH_hierr red_chisq total_counts num_bins model
      0  4.9154 -0.0821  0.0824  0.9650 -0.0509  0.0521 4.8763e-04 -6.6392e-06 6.6541e-06  0.3100  0.0000  0.0000  1.9834  76540.5      430     '1T'
      1  4.5555 -0.0551  0.0554  0.8156 -0.0310  0.0315 1.1265e-03 -1.0314e-05 1.0305e-05  0.3100  0.0000  0.0000  2.0090 163715.0      440     '1T'
      2  4.4681 -0.0470  0.0470  0.7809 -0.0260  0.0263 1.5771e-03 -1.2380e-05 1.2435e-05  0.3100  0.0000  0.0000  1.9633 222599.9      442     '1T'
      3  4.8753 -0.0445  0.0445  0.7023 -0.0232  0.0234 1.8700e-03 -1.2789e-05 1.2836e-05  0.3100  0.0000  0.0000  2.0957 265732.1      444     '1T'
      4  5.1580 -0.0440  0.0441  0.6542 -0.0217  0.0219 2.0271e-03 -1.2767e-05 1.2823e-05  0.3100  0.0000  0.0000  1.9539 289353.1      444     '1T'
      5  5.5934 -0.0645  0.0645  0.6171 -0.0221  0.0222 2.0617e-03 -1.2662e-05 1.2699e-05  0.3100  0.0000  0.0000  1.7803 282278.5      444     '1T'
      6  5.7422 -0.0675  0.0676  0.6003 -0.0228  0.0230 1.9707e-03 -1.2387e-05 1.2413e-05  0.3100  0.0000  0.0000  1.4771 264268.0      444     '1T'
      7  5.9487 -0.0744  0.0745  0.5857 -0.0249  0.0252 1.7721e-03 -1.2033e-05 1.2053e-05  0.3100  0.0000  0.0000  1.5182 222154.0      444     '1T'
      8  6.1554 -0.0810  0.0812  0.6052 -0.0281  0.0285 1.5282e-03 -1.1294e-05 1.1323e-05  0.3100  0.0000  0.0000  1.3708 187859.0      443     '1T'
      9  6.1861 -0.0864  0.0866  0.5395 -0.0278  0.0282 1.3667e-03 -1.0272e-05 1.0296e-05  0.3100  0.0000  0.0000  1.2641 172343.5      443     '1T'
     10  6.2559 -0.0932  0.0934  0.4874 -0.0283  0.0287 1.1918e-03 -9.2287e-06 9.2459e-06  0.3100  0.0000  0.0000  1.2683 154489.5      442     '1T'
     11  6.2176 -0.0980  0.0984  0.4484 -0.0284  0.0287 1.0842e-03 -8.6219e-06 8.6512e-06  0.3100  0.0000  0.0000  1.1538 142255.2      439     '1T'
     12  6.3834 -0.1049  0.1051  0.4629 -0.0311  0.0315 9.3123e-04 -7.8999e-06 7.9115e-06  0.3100  0.0000  0.0000  1.1503 126198.9      440     '1T'
     13  6.4320 -0.1137  0.1143  0.4314 -0.0330  0.0335 7.9002e-04 -7.1811e-06 7.2036e-06  0.3100  0.0000  0.0000  1.4016 108700.0      437     '1T'
     14  6.5516 -0.1195  0.1202  0.4025 -0.0337  0.0342 7.3807e-04 -6.8204e-06 6.8406e-06  0.3100  0.0000  0.0000  1.3079 101876.0      436     '1T'
     15  6.6180 -0.1259  0.1266  0.3926 -0.0350  0.0355 6.7759e-04 -6.4753e-06 6.5016e-06  0.3100  0.0000  0.0000  1.1662  93872.4      433     '1T'
     16  6.7294 -0.1298  0.1376  0.4026 -0.0365  0.0371 6.5561e-04 -6.4325e-06 6.4537e-06  0.3100  0.0000  0.0000  1.2599  89261.1      435     '1T'
     17  6.7737 -0.1348  0.1829  0.3927 -0.0372  0.0378 6.1091e-04 -6.1614e-06 6.1773e-06  0.3100  0.0000  0.0000  1.1268  83962.8      436     '1T'
     18  6.9656 -0.1779  0.2108  0.2947 -0.0361  0.0366 5.8877e-04 -5.8049e-06 5.8084e-06  0.3100  0.0000  0.0000  1.0576  80052.4      433     '1T'
     19  7.1393 -0.2113  0.2120  0.3610 -0.0398  0.0405 5.5429e-04 -5.7446e-06 5.7469e-06  0.3100  0.0000  0.0000  1.0019  77960.5      432     '1T'
     20  7.0422 -0.2019  0.2064  0.3083 -0.0363  0.0368 5.8866e-04 -5.7187e-06 5.7145e-06  0.3100  0.0000  0.0000  1.1204  84116.3      432     '1T'
     21  7.1865 -0.2073  0.2079  0.3796 -0.0391  0.0398 5.6023e-04 -5.6599e-06 5.6553e-06  0.3100  0.0000  0.0000  1.2147  82409.5      435     '1T'
     22  6.9785 -0.2008  0.2127  0.3254 -0.0375  0.0381 5.3842e-04 -5.4086e-06 5.4024e-06  0.3100  0.0000  0.0000  1.1511  79545.8      437     '1T'
     23  7.2916 -0.2093  0.2099  0.3208 -0.0379  0.0385 5.6033e-04 -5.5284e-06 5.5413e-06  0.3100  0.0000  0.0000  0.9818  83235.8      434     '1T'
     24  7.4787 -0.2223  0.2237  0.3037 -0.0405  0.0412 5.1016e-04 -5.3151e-06 5.3123e-06  0.3100  0.0000  0.0000  1.0763  75405.8      433     '1T'
     25  7.3638 -0.2130  0.2137  0.2906 -0.0381  0.0387 5.5201e-04 -5.5096e-06 5.5147e-06  0.3100  0.0000  0.0000  1.0358  81779.5      436     '1T'
     26  7.5184 -0.2164  0.2176  0.3368 -0.0408  0.0415 5.3086e-04 -5.4692e-06 5.4780e-06  0.3100  0.0000  0.0000  1.1358  79547.1      434     '1T'
     27  7.7919 -0.2259  0.2276  0.2642 -0.0411  0.0414 5.2150e-04 -5.3234e-06 5.3286e-06  0.3100  0.0000  0.0000  1.2191  76986.2      434     '1T'
     28  7.9371 -0.2194  0.2211  0.2941 -0.0411  0.0417 5.4500e-04 -5.4780e-06 5.4810e-06  0.3100  0.0000  0.0000  1.0441  81815.4      438     '1T'
     29  7.7867 -0.2247  0.2261  0.2720 -0.0405  0.0411 5.2007e-04 -5.3045e-06 5.2873e-06  0.3100  0.0000  0.0000  1.1527  78504.4      437     '1T'
     30  8.1354 -0.2285  0.2297  0.3116 -0.0447  0.0454 4.9036e-04 -5.2284e-06 5.2358e-06  0.3100  0.0000  0.0000  1.2097  76333.9      436     '1T'
     31  8.0808 -0.2274  0.2287  0.2557 -0.0418  0.0425 5.1418e-04 -5.2853e-06 5.2914e-06  0.3100  0.0000  0.0000  1.1238  79490.4      440     '1T'
     32  8.0387 -0.2319  0.2336  0.2726 -0.0436  0.0442 4.9198e-04 -5.1821e-06 5.1860e-06  0.3100  0.0000  0.0000  1.1791  76563.2      438     '1T'
     33  8.0174 -0.2306  0.2322  0.3118 -0.0453  0.0458 4.9225e-04 -5.2610e-06 5.2692e-06  0.3100  0.0000  0.0000  1.1639  77474.9      436     '1T'
     34  8.0903 -0.2290  0.2303  0.3049 -0.0450  0.0457 5.0179e-04 -5.3512e-06 5.3439e-06  0.3100  0.0000  0.0000  1.1417  79064.0      441     '1T'
     35  8.1422 -0.2301  0.2313  0.3181 -0.0464  0.0470 5.0275e-04 -5.4456e-06 5.4563e-06  0.3100  0.0000  0.0000  1.0765  79104.3      440     '1T'
     36  7.9587 -0.2330  0.2343  0.2931 -0.0455  0.0463 4.9488e-04 -5.4020e-06 5.4008e-06  0.3100  0.0000  0.0000  1.2592  78051.2      440     '1T'
     37  8.3706 -0.2421  0.2434  0.2765 -0.0483  0.0488 4.8021e-04 -5.3029e-06 5.3066e-06  0.3100  0.0000  0.0000  0.9954  75885.3      444     '1T'
     38  8.0067 -0.2406  0.2422  0.2422 -0.0454  0.0461 5.0391e-04 -5.4756e-06 5.4635e-06  0.3100  0.0000  0.0000  1.2448  77677.5      443     '1T'
     39  8.2432 -0.2405  0.2420  0.2267 -0.0465  0.0470 5.2212e-04 -5.6606e-06 5.6743e-06  0.3100  0.0000  0.0000  1.1933  79766.6      443     '1T'
     40  8.4984 -0.2449  0.3507  0.2227 -0.0481  0.0489 5.1573e-04 -5.6555e-06 5.6494e-06  0.3100  0.0000  0.0000  1.1327  79544.7      443     '1T'
     41  8.3774 -0.2554  0.2728  0.2109 -0.0500  0.0505 4.9983e-04 -5.6270e-06 5.6235e-06  0.3100  0.0000  0.0000  1.1873  76012.1      443     '1T'
     42  7.9699 -0.2497  0.2510  0.2213 -0.0478  0.0485 5.1236e-04 -5.8306e-06 5.8273e-06  0.3100  0.0000  0.0000  1.1383  77610.6      443     '1T'
     43  7.9921 -0.2561  0.2580  0.1713 -0.0472  0.0479 5.1098e-04 -5.7662e-06 5.7481e-06  0.3100  0.0000  0.0000  1.2126  77327.6      444     '1T'
     44  7.9769 -0.2577  0.2596  0.1939 -0.0493  0.0499 5.0679e-04 -5.8880e-06 5.8871e-06  0.3100  0.0000  0.0000  1.2503  77332.7      444     '1T'
     45  8.1117 -0.2590  0.2604  0.2299 -0.0518  0.0528 5.0384e-04 -6.0230e-06 6.0111e-06  0.3100  0.0000  0.0000  1.1936  77160.8      444     '1T'
     46  8.2460 -0.2655  0.2671  0.2230 -0.0543  0.0552 4.8927e-04 -6.0078e-06 6.0034e-06  0.3100  0.0000  0.0000  1.1836  75105.6      444     '1T'
     47  8.1871 -0.2658  0.2675  0.1915 -0.0534  0.0541 5.1149e-04 -6.1761e-06 6.1876e-06  0.3100  0.0000  0.0000  1.3757  78097.4      444     '1T'
     48  8.0191 -0.2717  0.2739  0.1860 -0.0539  0.0548 5.0209e-04 -6.2040e-06 6.1755e-06  0.3100  0.0000  0.0000  1.3145  76730.6      444     '1T'
     49  8.0872 -0.2773  0.2799  0.1533 -0.0546  0.0553 5.0142e-04 -6.2774e-06 6.2692e-06  0.3100  0.0000  0.0000  1.4810  76766.3      444     '1T'
     50  7.2611 -0.2738  0.2758  0.2012 -0.0513  0.0522 4.9474e-04 -6.2386e-06 6.2297e-06  0.3100  0.0000  0.0000  1.3657  76073.5      444     '1T'
     51  7.3772 -0.2772  0.2781  0.2513 -0.0552  0.0566 4.8849e-04 -6.4663e-06 6.4586e-06  0.3100  0.0000  0.0000  1.5927  76141.6      444     '1T'
     52  7.3550 -0.2810  0.2826  0.2319 -0.0555  0.0566 5.0005e-04 -6.5817e-06 6.5746e-06  0.3100  0.0000  0.0000  1.4903  77308.0      444     '1T'
     53  6.7855 -0.1912  0.3349  0.2764 -0.0551  0.0563 4.9379e-04 -6.2694e-06 6.8734e-06  0.3100  0.0000  0.0000  1.6610  76199.6      444     '1T'
     54  6.8258 -0.2067  0.3864  0.1473 -0.0554  0.0537 5.1602e-04 -7.3591e-06 6.9835e-06  0.3100  0.0000  0.0000  1.9064  75867.3      444     '1T'
     55  6.8107 -0.2118  0.3286  0.1604 -0.0552  0.0557 5.1926e-04 -7.2511e-06 7.2477e-06  0.3100  0.0000  0.0000  1.7790  75496.9      444     '1T'
     56  6.5319 -0.2073  0.2087  0.2062 -0.0550  0.0561 5.3598e-04 -7.7964e-06 7.8720e-06  0.3100  0.0000  0.0000  1.8294  77137.5      444     '1T'
     57  6.6221 -0.2194  0.2233  0.1682 -0.0571  0.0588 5.4592e-04 -8.1377e-06 8.1143e-06  0.3100  0.0000  0.0000  2.2757  75955.6      444     '1T'
     58  6.1969 -0.2227  0.2262  0.1424 -0.0540  0.0550 5.7520e-04 -8.7575e-06 8.8265e-06  0.3100  0.0000  0.0000  2.3762  76450.5      444     '1T'
     59  5.9074 -0.2226  0.2235  0.2819 -0.0597  0.0619 5.7229e-04 -9.6404e-06 9.6673e-06  0.3100  0.0000  0.0000  2.6343  76174.2      444     '1T'
     60  5.8462 -0.1461  0.1461  0.2997 -0.0404  0.0404 6.0083e-04 -6.6601e-06 6.6601e-06  0.3100  0.0000  0.0000  3.1790  76545.6      444     '1T'
     61  5.3885 -0.1078  0.1078  0.3936 -0.0437  0.0437 6.6402e-04 -7.9564e-06 7.9564e-06  0.3100  0.0000  0.0000  4.4013  79774.1      444     '1T'
     62  0.8313 -0.0129  0.0129  0.2199 -0.0110  0.0110 1.0191e-03 -3.7687e-05 3.7687e-05  0.3100  0.0000  0.0000  5.8728  52001.1      444     '1T'
