Bin | Vol (cm^3) | T (kT) | kT_lo  |  kT_hi |  n (cm^-3) |       n_lo |       n_hi | P (erg cm^-3) |       P_lo |       P_hi |      Yparm
  0 | 2.8608e+67 | 4.9154 | 0.0821 | 0.0824 |    0.10064 |   0.011743 |   0.011756 |     7.925e-10 | 9.3415e-11 | 9.3524e-11 | 1.2528e-05
  1 | 9.5226e+67 | 4.5555 | 0.0551 | 0.0554 |   0.083842 |  0.0080225 |   0.008019 |    6.1187e-10 | 5.9013e-11 | 5.8993e-11 | 1.1601e-05
  2 | 1.6504e+68 | 4.4681 |  0.047 |  0.047 |   0.075354 |  0.0066763 |  0.0066911 |    5.3937e-10 | 4.8124e-11 | 4.8229e-11 | 1.1885e-05
  3 | 2.4378e+68 | 4.8753 | 0.0445 | 0.0445 |   0.067515 |  0.0055834 |  0.0055936 |    5.2731e-10 | 4.3872e-11 | 4.3952e-11 | 1.3677e-05
  4 | 3.2784e+68 |  5.158 |  0.044 | 0.0441 |   0.060615 |  0.0048105 |   0.004821 |    5.0087e-10 | 3.9978e-11 | 4.0066e-11 | 1.3585e-05
  5 | 4.2395e+68 | 5.5934 | 0.0645 | 0.0645 |   0.053756 |  0.0042128 |  0.0042189 |    4.8169e-10 | 3.8156e-11 |  3.821e-11 |  1.451e-05
  6 | 5.3663e+68 | 5.7422 | 0.0675 | 0.0676 |   0.046714 |  0.0037036 |  0.0037075 |    4.2972e-10 | 3.4442e-11 | 3.4478e-11 | 1.3816e-05
  7 | 6.4146e+68 | 5.9487 | 0.0744 | 0.0745 |   0.040517 |  0.0033387 |  0.0033415 |    3.8612e-10 | 3.2182e-11 | 3.2209e-11 | 1.3493e-05
  8 | 7.5879e+68 | 6.1554 |  0.081 | 0.0812 |   0.034594 |   0.002974 |  0.0029778 |    3.4113e-10 | 2.9668e-11 | 2.9707e-11 | 1.2075e-05
  9 | 8.8964e+68 | 6.1861 | 0.0864 | 0.0866 |   0.030214 |  0.0026194 |  0.0026224 |    2.9942e-10 | 2.6293e-11 | 2.6324e-11 | 1.1488e-05
 10 | 1.0239e+69 | 6.2559 | 0.0932 | 0.0934 |     0.0263 |  0.0023143 |  0.0023165 |    2.6358e-10 | 2.3524e-11 | 2.3547e-11 | 1.0275e-05
 11 | 1.1557e+69 | 6.2176 |  0.098 | 0.0984 |    0.02361 |  0.0021055 |  0.0021091 |    2.3517e-10 | 2.1297e-11 | 2.1335e-11 | 9.7172e-06
 12 | 1.2856e+69 | 6.3834 | 0.1049 | 0.1051 |   0.020747 |  0.0019109 |  0.0019123 |    2.1216e-10 |  1.985e-11 | 1.9865e-11 | 8.8475e-06
 13 | 1.4032e+69 |  6.432 | 0.1137 | 0.1143 |   0.018291 |  0.0017438 |  0.0017466 |    1.8847e-10 | 1.8275e-11 | 1.8306e-11 |  8.171e-06
 14 | 1.5738e+69 | 6.5516 | 0.1195 | 0.1202 |   0.016694 |  0.0016048 |  0.0016071 |    1.7521e-10 | 1.7143e-11 | 1.7171e-11 |  8.057e-06
 15 |  1.759e+69 |  6.618 | 0.1259 | 0.1266 |    0.01513 |   0.001479 |   0.001482 |     1.604e-10 | 1.5975e-11 | 1.6009e-11 | 7.3768e-06
 16 | 1.9333e+69 | 6.7294 | 0.1298 | 0.1376 |   0.014195 |  0.0014061 |  0.0014084 |    1.5303e-10 | 1.5443e-11 | 1.5502e-11 | 7.3687e-06
 17 | 2.0813e+69 | 6.7737 | 0.1348 | 0.1829 |   0.013207 |  0.0013263 |   0.001328 |    1.4331e-10 | 1.4672e-11 | 1.4921e-11 | 7.1068e-06
 18 | 2.2713e+69 | 6.9656 | 0.1779 | 0.2108 |   0.012411 |  0.0012324 |  0.0012327 |    1.3849e-10 | 1.4199e-11 |  1.438e-11 | 6.9123e-06
 19 | 2.4577e+69 | 7.1393 | 0.2113 |  0.212 |   0.011576 |  0.0011785 |  0.0011788 |     1.324e-10 | 1.4037e-11 | 1.4043e-11 | 6.8729e-06
 20 | 3.1175e+69 | 7.0422 | 0.2019 | 0.2064 |   0.010593 |   0.001044 |  0.0010437 |     1.195e-10 | 1.2267e-11 | 1.2284e-11 | 6.4332e-06
 21 | 3.3675e+69 | 7.1865 | 0.2073 | 0.2079 |  0.0099427 | 0.00099936 | 0.00099896 |    1.1447e-10 |  1.197e-11 | 1.1968e-11 | 6.1793e-06
 22 | 3.5969e+69 | 6.9785 | 0.2008 | 0.2127 |  0.0094312 | 0.00094526 | 0.00094471 |    1.0544e-10 | 1.0994e-11 |  1.104e-11 | 5.8871e-06
 23 | 4.3397e+69 | 7.2916 | 0.2093 | 0.2099 |  0.0087593 | 0.00087005 | 0.00087107 |    1.0232e-10 | 1.0579e-11 | 1.0593e-11 | 5.9103e-06
 24 | 4.1038e+69 | 7.4787 | 0.2223 | 0.2237 |  0.0085948 | 0.00087728 | 0.00087704 |    1.0297e-10 | 1.0947e-11 |  1.095e-11 | 5.9485e-06
 25 |  5.168e+69 | 7.3638 |  0.213 | 0.2137 |  0.0079668 | 0.00079592 | 0.00079629 |    9.3983e-11 |  9.775e-12 | 9.7817e-12 | 5.5922e-06
 26 |  5.521e+69 | 7.5184 | 0.2164 | 0.2176 |  0.0075588 | 0.00076723 | 0.00076785 |    9.1042e-11 | 9.6053e-12 | 9.6164e-12 |  5.594e-06
 27 | 5.8976e+69 | 7.7919 | 0.2259 | 0.2276 |  0.0072488 | 0.00073237 | 0.00073273 |    9.0484e-11 | 9.5109e-12 | 9.5206e-12 |  5.583e-06
 28 | 7.2109e+69 | 7.9371 | 0.2194 | 0.2211 |  0.0067016 | 0.00067188 | 0.00067206 |    8.5212e-11 | 8.8618e-12 |  8.869e-12 |  5.428e-06
 29 | 7.6599e+69 | 7.7867 | 0.2247 | 0.2261 |  0.0063517 | 0.00064148 | 0.00064044 |    7.9233e-11 | 8.3223e-12 | 8.3137e-12 | 5.2195e-06
 30 | 8.1917e+69 | 8.1354 | 0.2285 | 0.2297 |  0.0059641 | 0.00061585 | 0.00061628 |     7.773e-11 | 8.3179e-12 | 8.3264e-12 | 5.1114e-06
 31 | 9.8335e+69 | 8.0808 | 0.2274 | 0.2287 |  0.0055741 | 0.00056514 | 0.00056546 |     7.216e-11 | 7.5925e-12 | 7.5997e-12 |  4.889e-06
 32 | 1.0475e+70 | 8.0387 | 0.2319 | 0.2336 |  0.0052828 | 0.00054218 | 0.00054239 |    6.8033e-11 | 7.2528e-12 | 7.2593e-12 | 4.7487e-06
 33 | 1.2321e+70 | 8.0174 | 0.2306 | 0.2322 |  0.0048725 | 0.00050373 | 0.00050412 |    6.2582e-11 | 6.7155e-12 | 6.7237e-12 | 4.3894e-06
 34 | 1.4496e+70 | 8.0903 |  0.229 | 0.2303 |  0.0045354 | 0.00046836 | 0.00046804 |    5.8782e-11 | 6.2942e-12 | 6.2927e-12 | 4.2585e-06
 35 | 1.6818e+70 | 8.1422 | 0.2301 | 0.2313 |  0.0042146 | 0.00043864 | 0.00043907 |    5.4975e-11 | 5.9287e-12 | 5.9362e-12 | 4.1171e-06
 36 | 1.8187e+70 | 7.9587 |  0.233 | 0.2343 |  0.0040211 | 0.00042012 | 0.00042007 |    5.1269e-11 | 5.5628e-12 | 5.5645e-12 | 3.8717e-06
 37 | 1.9753e+70 | 8.3706 | 0.2421 | 0.2434 |  0.0038008 |  0.0003994 | 0.00039954 |    5.0967e-11 |  5.555e-12 |  5.559e-12 | 3.9532e-06
 38 | 2.2712e+70 | 8.0067 | 0.2406 | 0.2422 |  0.0036309 | 0.00037849 | 0.00037807 |    4.6573e-11 | 5.0525e-12 | 5.0499e-12 | 3.6452e-06
 39 | 2.6664e+70 | 8.2432 | 0.2405 |  0.242 |  0.0034111 | 0.00035517 |  0.0003556 |    4.5046e-11 | 4.8709e-12 | 4.8786e-12 | 3.6366e-06
 40 | 2.9739e+70 | 8.4984 | 0.2449 | 0.3507 |  0.0032101 | 0.00033616 | 0.00033598 |    4.3704e-11 | 4.7468e-12 | 4.9169e-12 | 3.5579e-06
 41 | 3.1834e+70 | 8.3774 | 0.2554 | 0.2728 |  0.0030545 | 0.00032409 | 0.00032399 |    4.0993e-11 | 4.5255e-12 | 4.5484e-12 | 3.4458e-06
 42 | 3.6956e+70 | 7.9699 | 0.2497 |  0.251 |  0.0028702 | 0.00030619 |  0.0003061 |    3.6647e-11 | 4.0745e-12 | 4.0751e-12 | 3.1746e-06
 43 | 4.1892e+70 | 7.9921 | 0.2561 |  0.258 |  0.0026922 | 0.00028599 | 0.00028554 |    3.4469e-11 | 3.8246e-12 | 3.8215e-12 | 3.0109e-06
 44 | 4.9079e+70 | 7.9769 | 0.2577 | 0.2596 |  0.0024771 |   0.000267 | 0.00026698 |    3.1655e-11 | 3.5619e-12 | 3.5639e-12 | 2.8571e-06
 45 | 5.5673e+70 | 8.1117 |  0.259 | 0.2604 |   0.002319 | 0.00025355 |  0.0002533 |    3.0135e-11 | 3.4325e-12 | 3.4308e-12 | 2.7409e-06
 46 | 6.0077e+70 |  8.246 | 0.2655 | 0.2671 |  0.0021999 | 0.00024377 | 0.00024368 |     2.906e-11 | 3.3534e-12 | 3.3538e-12 | 2.7317e-06
 47 | 7.4091e+70 | 8.1871 | 0.2658 | 0.2675 |  0.0020254 | 0.00022256 | 0.00022277 |    2.6564e-11 | 3.0438e-12 |  3.048e-12 | 2.5257e-06
 48 | 8.3357e+70 | 8.0191 | 0.2717 | 0.2739 |  0.0018919 |  0.0002103 | 0.00020982 |    2.4304e-11 | 2.8244e-12 | 2.8204e-12 | 2.3876e-06
 49 |  9.566e+70 | 8.0872 | 0.2773 | 0.2799 |  0.0017649 | 0.00019747 | 0.00019734 |    2.2865e-11 | 2.6758e-12 | 2.6764e-12 | 2.2788e-06
 50 | 1.0653e+71 | 7.2611 | 0.2738 | 0.2758 |  0.0016612 | 0.00018654 | 0.00018641 |    1.9324e-11 |  2.289e-12 | 2.2892e-12 | 1.9515e-06
 51 | 1.2309e+71 | 7.3772 | 0.2772 | 0.2781 |  0.0015356 | 0.00017668 | 0.00017658 |    1.8149e-11 | 2.1966e-12 | 2.1961e-12 | 1.8924e-06
 52 |  1.451e+71 |  7.355 |  0.281 | 0.2826 |   0.001431 | 0.00016418 | 0.00016409 |    1.6861e-11 | 2.0389e-12 | 2.0391e-12 | 1.7846e-06
 53 | 1.6696e+71 | 6.7855 | 0.1912 | 0.3349 |  0.0013257 | 0.00014937 |  0.0001564 |     1.441e-11 | 1.6738e-12 | 1.8429e-12 | 1.5756e-06
 54 | 1.9612e+71 | 6.8258 | 0.2067 | 0.3864 |  0.0012504 | 0.00014932 | 0.00014546 |    1.3673e-11 | 1.6845e-12 |  1.769e-12 | 1.5192e-06
 55 | 2.4241e+71 | 6.8107 | 0.2118 | 0.3286 |  0.0011282 | 0.00013332 | 0.00013329 |     1.231e-11 | 1.5042e-12 | 1.5709e-12 | 1.3927e-06
 56 | 2.9647e+71 | 6.5319 | 0.2073 | 0.2087 |  0.0010365 | 0.00012501 | 0.00012561 |    1.0846e-11 | 1.3526e-12 | 1.3593e-12 | 1.2699e-06
 57 | 3.7501e+71 | 6.6221 | 0.2194 | 0.2233 | 0.00093007 | 0.00011355 | 0.00011339 |    9.8667e-12 | 1.2482e-12 | 1.2481e-12 | 1.1827e-06
 58 | 4.9527e+71 | 6.1969 | 0.2227 | 0.2262 | 0.00083073 |  0.0001025 | 0.00010291 |     8.247e-12 | 1.0599e-12 |  1.065e-12 | 1.0162e-06
 59 | 7.8862e+71 | 5.9074 | 0.2226 | 0.2235 | 0.00065667 | 8.5229e-05 | 8.5348e-05 |    6.2145e-12 | 8.3988e-13 | 8.4123e-13 | 7.9366e-07
 60 | 1.5652e+72 | 5.8462 | 0.1461 | 0.1461 |  0.0004776 | 5.0284e-05 | 5.0284e-05 |     4.473e-12 | 4.8402e-13 | 4.8402e-13 | 5.9385e-07
 61 | 7.8104e+72 | 5.3885 | 0.1078 | 0.1078 | 0.00022476 | 2.4603e-05 | 2.4603e-05 |    1.9402e-12 |  2.159e-13 |  2.159e-13 | 2.8633e-07
 62 | 2.7876e+74 | 0.8313 | 0.0129 | 0.0129 | 4.6609e-05 | 8.9631e-06 | 8.9631e-06 |    6.2071e-14 | 1.1975e-14 | 1.1975e-14 | 2.9967e-07
