| Bin |  t_cool (Myr) |     t_cool_lo |     t_cool_hi |    c_s (cm/s) |     sigma c_s |  radius (kpc) |  sigma radius |    t_cs (Myr) | sigma t_cs |
|   0 | 164.459721517 | 19.3852969257 | 19.4077499273 | 112582894.016 |  941967.60843 | 4.18625573054 | 4.18625573054 | 3.63820846082 |        0.0 |
|   1 | 195.008070982 | 18.8080137116 | 18.8015528604 | 108384889.824 | 657258.319716 |  10.605181184 | 2.23266972296 | 9.43286666397 |        0.0 |
|   2 | 216.188306031 | 19.2886232704 | 19.3307885302 | 107338862.586 | 564564.205475 |   15.07052063 | 2.23266972296 | 13.5032163602 |        0.0 |
|   3 | 261.225351331 | 21.7341724259 | 21.7733999295 | 112123771.281 | 511722.120239 | 19.5358600759 | 2.23266972296 | 17.3998629119 |        0.0 |
|   4 | 305.579516667 | 24.3909563123 | 24.4442201739 | 115329486.229 | 492468.487936 | 24.0011995218 | 2.23266972296 | 21.1881977169 |        0.0 |
|   5 | 366.638263628 | 29.0424323187 |  29.083594277 | 120097030.815 | 692467.783912 | 28.4665389677 | 2.23266972296 | 24.8261453311 |        0.0 |
|   6 | 431.388149486 | 34.5753967791 | 34.6121243473 | 121684447.747 | 715752.745287 | 32.9318784136 | 2.23266972296 | 28.4166346238 |        0.0 |
|   7 | 511.222968771 | 42.6084852333 |  42.644703893 | 123852821.992 | 775054.057428 | 37.3972178595 | 2.23266972296 | 31.9442628175 |        0.0 |
|   8 | 609.418103672 | 53.0010730228 | 53.0702411311 | 125986436.404 | 829984.721656 | 41.8625573054 | 2.23266972296 | 35.4121496726 |        0.0 |
|   9 | 711.821181425 | 62.5069742815 | 62.5804138522 | 126299872.038 | 883051.327305 | 46.3278967513 | 2.23266972296 | 38.8714303486 |        0.0 |
|  10 | 834.800567718 | 74.5046262504 | 74.5779342326 | 127009977.231 |  947147.01608 | 50.7932361973 | 2.23266972296 | 42.3113703931 |        0.0 |
|  11 | 935.583351703 | 84.7268911734 | 84.8778523278 | 126621186.612 | 999950.679394 | 55.2585756432 | 2.23266972296 | 45.7618727807 |        0.0 |
|  12 | 1078.71187903 | 100.923634596 | 101.001232519 | 128296939.313 | 1055227.71005 | 59.7239150891 | 2.23266972296 | 49.1673063714 |        0.0 |
|  13 | 1239.41461927 | 120.175509037 | 120.383164056 | 128785700.746 | 1141326.01141 |  64.189254535 | 2.23266972296 | 52.5598158208 |        0.0 |
|  14 | 1384.00955168 | 135.419054083 | 135.634002643 |  129977646.76 | 1188893.76278 | 68.6545939809 | 2.23266972296 | 55.9212146275 |        0.0 |
|  15 | 1540.56118823 | 153.419471865 | 153.750472239 | 130634130.734 | 1246083.39965 | 73.1199334268 | 2.23266972296 | 59.2657211839 |        0.0 |
|  16 | 1654.58026585 | 166.974435682 | 167.614143961 | 131763199.537 | 1308308.11687 | 77.5852728727 | 2.23266972296 | 62.5815689187 |        0.0 |
|  17 | 1790.18072563 | 183.273008286 | 186.384667419 | 132389792.648 | 1547054.80188 | 82.0506123186 | 2.23266972296 | 65.8817229411 |        0.0 |
|  18 | 1989.16895354 | 203.951174878 | 206.538047414 | 134168621.687 | 1867698.20375 | 86.5159517646 | 2.23266972296 | 69.1381229937 |        0.0 |
|  19 |  2132.5505136 | 226.093792331 | 226.205307889 | 135672642.977 | 2011401.99456 | 90.9812912105 | 2.23266972296 | 72.3584236906 |        0.0 |
|  20 | 2340.00652797 |  240.18073794 | 240.539166397 | 134765736.718 | 1953182.91872 | 95.7257143718 | 2.51175343833 | 75.8030186389 |        0.0 |
|  21 | 2482.81665783 | 259.626254453 | 259.587525328 | 136120651.142 | 1966421.80141 | 100.749221248 | 2.51175343833 | 79.4139332278 |        0.0 |
|  22 | 2600.50400285 | 271.168870647 | 272.280788733 |  134189973.83 | 1986544.86957 | 105.772728125 | 2.51175343833 | 83.0768003634 |        0.0 |
|  23 | 2887.96193873 | 298.595265145 | 298.984347745 | 137112496.956 | 1971002.99873 | 111.075318717 |  2.7908371537 | 86.8607494982 |        0.0 |
|  24 |  3006.2382666 | 319.596270012 | 319.673518144 | 138863037.464 | 2070577.08786 | 116.377909309 | 2.51175343833 | 90.5969972695 |        0.0 |
|  25 | 3220.33749502 | 334.939899986 | 335.168791876 | 137789868.349 | 1996402.47218 | 121.680499901 |  2.7908371537 | 94.3623446093 |        0.0 |
|  26 | 3402.52277391 | 358.978436243 | 359.395372243 | 139231135.175 | 2009539.23595 | 127.262174209 |  2.7908371537 | 98.2848392634 |        0.0 |
|  27 | 3697.69287721 | 388.666711696 |  389.06642007 |  141742778.43 | 2062620.17798 | 132.843848516 |  2.7908371537 | 102.137828385 |        0.0 |
|  28 | 4018.73498453 | 417.938697261 |  418.27230681 | 143058585.908 | 1985067.82443 | 138.704606539 | 3.06992086906 | 106.146256463 |        0.0 |
|  29 | 4209.97733352 | 442.195834987 | 441.741943672 | 141694273.211 | 2051044.68566 | 144.844448277 | 3.06992086906 | 110.385995361 |        0.0 |
|  30 | 4569.47390017 | 488.985197626 |  489.48032903 | 144831810.711 | 2039549.32531 | 150.984290015 | 3.06992086906 | 114.533887449 |        0.0 |
|  31 | 4933.12339144 | 519.061656136 | 519.547249812 | 144345401.624 | 2037040.96146 | 157.403215468 | 3.34900458443 | 118.884932816 |        0.0 |
|  32 | 5166.61289256 | 550.804632777 | 551.298912359 | 143969965.908 | 2084446.62542 | 164.101224637 | 3.34900458443 | 123.436993768 |        0.0 |
|  33 | 5540.35017633 |  594.52803542 | 595.252372746 | 143778767.583 | 2075110.74817 | 171.078317522 |  3.6280882998 | 128.185029523 |        0.0 |
|  34 | 5996.93540709 | 642.131627476 |  641.97913625 | 144430045.621 | 2050133.04256 | 178.613577837 | 3.90717201517 | 133.289785008 |        0.0 |
|  35 |  6459.6728839 | 696.642553067 | 697.528448505 | 144892151.353 | 2052940.28836 | 186.707005582 | 4.18625573054 | 138.755183917 |        0.0 |
|  36 | 6711.12673464 | 728.178195832 | 728.394421914 | 143249646.349 | 2103026.91714 | 195.079517043 | 4.18625573054 | 144.473872207 |        0.0 |
|  37 | 7363.15599926 | 802.515995343 | 803.081608281 | 146909890.331 |  2130496.1626 | 203.452028504 | 4.18625573054 | 150.050079998 |        0.0 |
|  38 | 7552.94593161 |  819.39043229 | 818.970757912 |  143681434.47 | 2166255.71657 | 212.103623681 | 4.46533944591 | 155.941632706 |        0.0 |
|  39 | 8221.04853225 | 888.959981899 |  890.36227249 | 145788315.242 | 2133623.46297 | 221.313386288 | 4.74442316128 | 162.122649896 |        0.0 |
|  40 | 8913.42736601 |  968.10653536 | 1002.80455305 | 148474460.052 | 2586104.90115 | 231.081316326 | 5.02350687665 | 168.559672268 |        0.0 |
|  41 | 9309.84260917 | 1027.76524191 | 1032.98103183 | 147037370.622 | 2315868.53061 | 241.128330079 | 5.02350687665 | 175.245320181 |        0.0 |
|  42 | 9575.10071263 | 1064.60295128 | 1064.75615025 | 143348161.474 | 2251795.69499 | 251.454427548 | 5.30259059202 | 182.293521908 |        0.0 |
|  43 | 10352.5339008 | 1148.68584671 | 1147.74348419 | 143549487.177 | 2308817.11903 | 262.338692447 | 5.58167430739 | 189.712288207 |        0.0 |
|  44 | 11175.9834545 | 1257.57241226 | 1258.25287956 | 143412629.246 | 2325401.22942 | 273.781124778 | 5.86075802276 | 197.518946811 |        0.0 |
|  45 | 11960.8204804 | 1362.36930018 | 1361.71225509 | 144617408.487 | 2315390.14959 | 285.781724538 | 6.13984173813 | 205.638209814 |        0.0 |
|  46 | 12761.9749661 | 1472.63669443 | 1472.82841806 | 145810118.852 | 2354815.77231 | 298.061408015 | 6.13984173813 | 213.878333702 |        0.0 |
|  47 | 13903.3736202 | 1593.05109215 | 1595.25331026 | 145288605.122 | 2366372.31696 | 311.178342637 | 6.97709288424 | 222.711878837 |        0.0 |
|  48 | 14710.5872618 | 1709.47437718 | 1707.08813756 | 143790873.344 | 2446166.98149 | 325.411612121 | 7.25617659961 | 232.397056313 |        0.0 |
|  49 | 15981.7141155 |   1870.236131 | 1870.62348589 | 144401303.033 | 2487612.31542 | 340.203049035 | 7.53526031498 | 242.419496801 |        0.0 |
|  50 | 15651.3201587 | 1853.96753403 | 1854.18416392 | 136821668.061 | 2589611.85222 | 355.552653381 | 7.81434403035 | 253.396316669 |        0.0 |
|  51 | 16892.3817914 | 2044.59113671 | 2044.18649975 | 137906154.084 | 2595896.18492 | 371.460425157 | 8.09342774572 | 264.682833598 |        0.0 |
|  52 | 18180.3890066 | 2198.46217749 | 2198.63070304 | 137700902.348 | 2638623.07732 | 388.205448079 | 8.65159517646 | 276.581086422 |        0.0 |
|  53 | 18394.3529584 | 2136.36676492 | 2352.33046518 | 132953502.986 | 2551005.31928 | 406.066805863 | 9.20976260719 | 289.725733142 |        0.0 |
|  54 | 20249.8678527 | 2494.73253072 | 2619.78823725 |  133511343.69 | 2863867.48433 | 425.044498508 | 9.76793003793 | 303.633566381 |        0.0 |
|  55 | 22335.0741864 | 2729.21164438 | 2850.31110766 | 133066097.145 | 2618129.07281 |  445.41760973 |  10.605181184 | 318.613992591 |        0.0 |
|  56 | 23433.3966915 | 2922.46062836 | 2936.85741885 | 129774547.693 | 2066556.57126 | 467.465223244 | 11.4424323302 | 335.236873602 |        0.0 |
|  57 | 26598.5588059 | 3364.80427422 | 3364.53048291 | 130678067.715 | 2183985.94021 | 491.745506481 |  12.837850907 | 353.416513532 |        0.0 |
|  58 | 28838.5692172 | 3706.11655977 | 3724.35479886 | 126409260.815 | 2289359.72614 | 519.374794303 | 14.7914369146 | 374.802290416 |        0.0 |
|  59 |  34062.434364 | 4603.50549323 | 4610.88148764 | 123406733.822 | 2330430.94812 | 553.143923862 | 18.9776926451 | 401.576412599 |        0.0 |
|  60 | 46295.9116629 | 5009.68181559 | 5009.68181559 | 122773453.577 | 1534330.71818 | 600.029988045 |  27.908371537 | 438.942148326 |        0.0 |
|  61 | 90932.9853897 |  10118.706495 |  10118.706495 | 117872846.797 | 1179174.61461 | 697.430204708 |  69.491845127 | 519.792215151 |        0.0 |
|  62 | 88928.1650374 | 17156.8351109 | 17156.8351109 | 46298548.1286 | 359248.753353 | 1734.68173178 | 967.759681944 | 2711.84467489 |        0.0 |
