Radius1 | Radius2 | SB  |   SBError | BGRD |      BGRDError | BinNo
                  0.0 |                30.996 |         2.06584818509e-08 | 2.75366230815e-10 |            2.95739133534e-09 | 1.04187564584e-10 |          0
               30.996 |                46.248 |         1.88708465558e-08 | 2.48941570523e-10 |            3.00060987739e-09 |  9.9267367449e-11 |          1
               46.248 |                58.548 |          1.7897079339e-08 | 2.36845537908e-10 |              2.977728009e-09 | 9.66087863024e-11 |          2
               58.548 |                 68.88 |         1.79106160425e-08 | 2.38267347772e-10 |            3.03794998955e-09 | 9.81294963719e-11 |          3
                68.88 |                 78.72 |         1.66910319136e-08 | 2.18795621856e-10 |            3.00993671867e-09 | 9.29128410318e-11 |          4
                78.72 |                88.068 |         1.60226576439e-08 |  2.0896613638e-10 |            2.85562451026e-09 | 8.82184027225e-11 |          5
               88.068 |                96.924 |         1.52600649296e-08 |  2.0019609191e-10 |            2.86184221353e-09 | 8.66962396837e-11 |          6
               96.924 |               105.288 |         1.49840825348e-08 | 1.93765256235e-10 |            2.92635375885e-09 |  8.5629667319e-11 |          7
              105.288 |                113.16 |         1.41600333258e-08 | 1.84057683174e-10 |             2.8957716772e-09 | 8.32346143452e-11 |          8
               113.16 |                120.54 |         1.33465668163e-08 | 1.76932630474e-10 |            2.91988270306e-09 | 8.27572129988e-11 |          9
               120.54 |                127.92 |         1.28337774069e-08 | 1.68473100641e-10 |            2.96368178334e-09 | 8.09597356638e-11 |         10
               127.92 |               134.808 |         1.25146352129e-08 | 1.65231414166e-10 |            2.99189049375e-09 | 8.07897666395e-11 |         11
              134.808 |               141.696 |         1.20546945347e-08 | 1.55844364924e-10 |            2.96745037704e-09 | 7.73222946924e-11 |         12
              141.696 |               148.092 |         1.16084941482e-08 | 1.54296727347e-10 |            2.95881732543e-09 | 7.78982728908e-11 |         13
              148.092 |               154.488 |         1.14204254878e-08 | 1.48902248716e-10 |            2.93639959874e-09 | 7.55036082981e-11 |         14
              154.488 |               160.392 |         1.13484871055e-08 |  1.4982850881e-10 |            2.91370268863e-09 | 7.59185792472e-11 |         15
              160.392 |               166.296 |         1.11274920933e-08 | 1.45860408326e-10 |            2.91963879492e-09 | 7.47142335314e-11 |         16
              166.296 |                 172.2 |         1.07482276471e-08 | 1.41317294973e-10 |            3.00308478866e-09 | 7.46982973947e-11 |         17
                172.2 |               178.104 |          1.0787711143e-08 |  1.3882758713e-10 |            2.93679054033e-09 | 7.24348550927e-11 |         18
              178.104 |               184.008 |         1.04718615142e-08 | 1.34112103866e-10 |            2.95602782594e-09 | 7.12541674355e-11 |         19
              184.008 |               189.912 |          1.0149883281e-08 | 1.29600309024e-10 |            3.03076609637e-09 | 7.08193182948e-11 |         20
              189.912 |               195.816 |          9.8142139248e-09 |  1.2570866595e-10 |            2.99156349823e-09 | 6.94043307596e-11 |         21
              195.816 |                201.72 |         9.73431545172e-09 | 1.26151264135e-10 |            2.99135343033e-09 | 6.99314849353e-11 |         22
               201.72 |               207.624 |         9.52816895741e-09 | 1.25293871849e-10 |            2.99024861967e-09 | 7.01905704213e-11 |         23
              207.624 |               213.528 |         9.41637025134e-09 | 1.23896853951e-10 |            2.99586288945e-09 | 6.98842791102e-11 |         24
              213.528 |               219.432 |          9.2765241849e-09 | 1.19239616948e-10 |             3.0187587192e-09 | 6.80208612326e-11 |         25
              219.432 |               225.336 |          9.1232033334e-09 | 1.19596909174e-10 |            3.04767987001e-09 | 6.91243351428e-11 |         26
              225.336 |               232.224 |         8.44094591255e-09 | 1.10625918667e-10 |            3.17524283631e-09 | 6.78499946263e-11 |         27
              232.224 |               239.112 |         8.35462003385e-09 | 1.09046615222e-10 |            3.19122205411e-09 | 6.73949472056e-11 |         28
              239.112 |               245.508 |         8.06738463446e-09 | 1.06864640693e-10 |            3.17092531038e-09 | 6.69978168489e-11 |         29
              245.508 |               251.412 |         8.13494900481e-09 | 1.07370206758e-10 |            3.16674351265e-09 | 6.69904391722e-11 |         30
              251.412 |               257.316 |         7.96481499003e-09 |  1.0409877286e-10 |            3.15906867112e-09 | 6.55597524912e-11 |         31
              257.316 |               262.728 |         8.04930008472e-09 | 1.05800724849e-10 |            3.13712178703e-09 |  6.6050374117e-11 |         32
              262.728 |               268.632 |         7.42291940103e-09 | 9.65826362899e-11 |            3.12310894702e-09 | 6.26477193016e-11 |         33
              268.632 |               274.044 |         7.67824340258e-09 | 1.00659211008e-10 |            3.12935182665e-09 | 6.42613402031e-11 |         34
              274.044 |               279.456 |         7.64686188974e-09 | 9.86697367052e-11 |             3.0961047857e-09 | 6.27841731131e-11 |         35
              279.456 |               284.868 |         7.59472626806e-09 | 9.73334644579e-11 |            3.11186797844e-09 | 6.23041092963e-11 |         36
              284.868 |                290.28 |         7.21227528525e-09 | 9.40216058235e-11 |            3.12892999045e-09 |  6.1928339406e-11 |         37
               290.28 |               295.692 |         7.11939952827e-09 | 9.27780047339e-11 |            3.13702913184e-09 | 6.15860891336e-11 |         38
              295.692 |               301.104 |          6.8839591278e-09 | 9.11925666649e-11 |             3.1282580501e-09 | 6.14740161994e-11 |         39
              301.104 |               306.516 |         6.95359905796e-09 | 9.06375087563e-11 |            3.13459192549e-09 | 6.08546303788e-11 |         40
              306.516 |               311.928 |         6.86444875182e-09 | 8.85362834659e-11 |            3.10568102519e-09 | 5.95520735643e-11 |         41
              311.928 |                317.34 |         6.74049589065e-09 | 8.76127555838e-11 |            3.08268819231e-09 | 5.92497064793e-11 |         42
               317.34 |               322.752 |           6.530007472e-09 | 8.57470102071e-11 |            3.08459282254e-09 | 5.89333439225e-11 |         43
              322.752 |               328.164 |         6.51714930588e-09 | 8.48697231366e-11 |            3.08387842691e-09 | 5.83811408751e-11 |         44
              328.164 |               333.576 |         6.41992094408e-09 | 8.34817821788e-11 |            3.10152326487e-09 | 5.80248978012e-11 |         45
              333.576 |               338.988 |         6.15846766752e-09 | 8.11428584777e-11 |            3.09907182817e-09 | 5.75611937716e-11 |         46
              338.988 |                 344.4 |         6.01869196422e-09 | 7.95444168874e-11 |            3.07695982389e-09 | 5.68747581981e-11 |         47
                344.4 |               349.812 |         5.93424491924e-09 | 7.82049395334e-11 |            3.06109903144e-09 | 5.61681517339e-11 |         48
              349.812 |               355.224 |           5.974953678e-09 | 7.74379627545e-11 |            3.03964422236e-09 | 5.52329228499e-11 |         49
              355.224 |               360.636 |         5.80512747164e-09 | 7.61780325466e-11 |            3.04177472364e-09 |  5.5142621269e-11 |         50
              360.636 |                366.54 |         5.73509849136e-09 | 7.33434828471e-11 |            3.04978801836e-09 | 5.34842520019e-11 |         51
               366.54 |               372.444 |         5.46103070479e-09 | 7.05668810587e-11 |            3.07669537171e-09 | 5.29670607899e-11 |         52
              372.444 |               377.856 |          5.5921970756e-09 | 7.36702462694e-11 |            3.08516878354e-09 | 5.47192759716e-11 |         53
              377.856 |               383.268 |          5.4760889138e-09 | 7.23406906858e-11 |            3.06733932906e-09 | 5.41412537059e-11 |         54
              383.268 |                388.68 |          5.2789600217e-09 | 6.99293095599e-11 |             3.0775487344e-09 | 5.33933932327e-11 |         55
               388.68 |               394.584 |         5.10232865441e-09 | 6.55806871166e-11 |             3.1101849348e-09 | 5.12017566267e-11 |         56
              394.584 |               400.488 |         5.14618372072e-09 | 6.56840868521e-11 |            3.10923619561e-09 | 5.10557169906e-11 |         57
              400.488 |                 405.9 |         5.19509224888e-09 | 6.84547801486e-11 |            3.07909917383e-09 | 5.27010168397e-11 |         58
                405.9 |               411.804 |         4.96917062425e-09 | 6.35802872127e-11 |            3.09755970956e-09 | 5.01984574335e-11 |         59
              411.804 |               417.216 |         5.23179596936e-09 | 6.76541049554e-11 |            3.10210122074e-09 | 5.20950827106e-11 |         60
              417.216 |               422.628 |         5.00432045429e-09 | 6.59479712754e-11 |            3.08503974152e-09 | 5.17796670414e-11 |         61
              422.628 |                428.04 |         4.83937340859e-09 | 6.42938788189e-11 |            3.10451465764e-09 | 5.14958126684e-11 |         62
               428.04 |               433.944 |         4.55339903375e-09 | 5.96570605629e-11 |            3.08524007149e-09 | 4.91064429928e-11 |         63
              433.944 |                440.34 |         4.36249016076e-09 | 5.60762749327e-11 |            3.08425220199e-09 | 4.71505615348e-11 |         64
               440.34 |               446.736 |         4.35867461025e-09 | 5.67722077222e-11 |            3.11804622645e-09 | 4.80175308539e-11 |         65
              446.736 |                452.64 |         4.52435979122e-09 | 6.02125638802e-11 |            3.09558548994e-09 | 4.98058031262e-11 |         66
               452.64 |               459.036 |         4.26678166959e-09 | 5.64021542488e-11 |            3.13453439609e-09 | 4.83428224856e-11 |         67
              459.036 |               465.432 |         4.32785347613e-09 | 5.67973634946e-11 |            3.11934351267e-09 | 4.82195864427e-11 |         68
              465.432 |               471.828 |         4.10673632117e-09 | 5.45383260266e-11 |            3.08464554602e-09 | 4.72667785805e-11 |         69
              471.828 |               478.224 |         4.12823768403e-09 | 5.35316880409e-11 |             3.0743264635e-09 | 4.61959146025e-11 |         70
              478.224 |                484.62 |         4.11591410108e-09 | 5.33876884091e-11 |            3.04931762218e-09 | 4.59525145184e-11 |         71
               484.62 |               491.016 |         4.00532089749e-09 |  5.3079440601e-11 |            3.08586519455e-09 | 4.65903688972e-11 |         72
              491.016 |               497.904 |         3.87820919123e-09 |  5.0508058362e-11 |            3.09177942269e-09 |  4.5097172193e-11 |         73
              497.904 |               504.792 |         3.75749696088e-09 |  4.9555932932e-11 |            3.07231945417e-09 | 4.48104714609e-11 |         74
              504.792 |                511.68 |         3.81402987487e-09 | 4.98322774489e-11 |            3.07183655683e-09 | 4.47216423513e-11 |         75
               511.68 |               518.568 |         3.74840600969e-09 | 4.96292578642e-11 |            3.07685057456e-09 | 4.49642840463e-11 |         76
              518.568 |               525.456 |          3.7557004469e-09 | 4.96061987708e-11 |            3.07290598759e-09 | 4.48709324961e-11 |         77
              525.456 |               532.344 |           3.705729177e-09 | 4.92911162567e-11 |            3.06438070714e-09 | 4.48232304595e-11 |         78
              532.344 |               539.724 |          3.5593851778e-09 | 4.69806007667e-11 |            3.07879246479e-09 | 4.36939475743e-11 |         79
              539.724 |               547.596 |         3.45112157588e-09 | 4.47780197431e-11 |            3.04842106914e-09 | 4.20845039031e-11 |         80
              547.596 |               555.468 |         3.20539498901e-09 | 4.26848020974e-11 |            3.06705306781e-09 | 4.17535235148e-11 |         81
              555.468 |                563.34 |         3.25662561926e-09 |  4.2984589387e-11 |            3.04162004123e-09 | 4.15414214026e-11 |         82
               563.34 |               571.704 |         3.16233632233e-09 | 4.14110557253e-11 |            3.04895407086e-09 | 4.06619052589e-11 |         83
              571.704 |               580.068 |         3.19232133768e-09 | 4.19593938324e-11 |            3.07997824584e-09 | 4.12144718005e-11 |         84
              580.068 |               588.924 |         3.06039834513e-09 | 3.97661829754e-11 |            3.08849506316e-09 | 3.99483063342e-11 |         85
              588.924 |               598.272 |         2.82333931554e-09 | 3.76156862753e-11 |            3.09834617238e-09 | 3.94050985863e-11 |         86
              598.272 |               608.112 |         2.83546850071e-09 | 3.69232959127e-11 |            3.08333632929e-09 | 3.85033497219e-11 |         87
              608.112 |               618.444 |         2.68560965183e-09 | 3.54979380375e-11 |            3.10673503912e-09 | 3.81798135843e-11 |         88
              618.444 |               628.776 |         2.71002540009e-09 | 3.54692697549e-11 |            3.09096688357e-09 | 3.78802430204e-11 |         89
              628.776 |                 639.6 |         2.51740098318e-09 | 3.34746143461e-11 |            3.08623891942e-09 | 3.70641583991e-11 |         90
                639.6 |               652.392 |         2.27970842592e-09 | 3.02405483566e-11 |            3.09000043845e-09 | 3.52070197691e-11 |         91
              652.392 |               665.184 |         2.24468358214e-09 | 2.95600533142e-11 |            3.06657212267e-09 | 3.45504917699e-11 |         92
              665.184 |               677.976 |         2.28026431112e-09 | 3.01977611498e-11 |             3.0525611312e-09 | 3.49393101026e-11 |         93
              677.976 |                691.26 |         2.26236458598e-09 | 3.01389968211e-11 |            3.06043598245e-09 |   3.505412712e-11 |         94
               691.26 |                706.02 |         2.09822391311e-09 | 2.79209384277e-11 |             3.0729010126e-09 | 3.37892366592e-11 |         95
               706.02 |               723.732 |         1.88931686121e-09 | 2.48371570287e-11 |            3.10827145601e-09 | 3.18572990885e-11 |         96
              723.732 |               740.952 |         1.86438910163e-09 | 2.46205191326e-11 |            3.11335957776e-09 | 3.18158527112e-11 |         97
              740.952 |               759.648 |         1.79156646061e-09 | 2.36277490061e-11 |            3.09697465749e-09 |  3.1065240081e-11 |         98
              759.648 |               780.312 |         1.70952461217e-09 | 2.26783469215e-11 |            3.08991030853e-09 | 3.04892441316e-11 |         99
              780.312 |                801.96 |         1.69917492408e-09 |  2.2616681933e-11 |            3.12403981623e-09 |  3.0666776117e-11 |        100
               801.96 |               827.052 |         1.62481711759e-09 | 2.16446061186e-11 |            3.13759149943e-09 | 3.00777698158e-11 |        101
              827.052 |               857.064 |         1.56287035854e-09 | 2.08070264463e-11 |            3.17955521521e-09 | 2.96778006924e-11 |        102
              857.064 |               891.996 |         1.50063598745e-09 | 1.99923476137e-11 |            3.23132869555e-09 | 2.93370657837e-11 |        103
              891.996 |               943.164 |         1.28913662506e-09 | 1.71548019721e-11 |            3.31943150937e-09 | 2.75275836555e-11 |        104
              943.164 |              1039.104 |          9.1185974192e-10 | 1.21382646897e-11 |            3.50943256532e-09 | 2.38128321848e-11 |        105
