| Bin |  t_cool (Myr) |     t_cool_lo |     t_cool_hi |    c_s (cm/s) |     sigma c_s |  radius (kpc) |   sigma radius |    t_cs (Myr) | sigma t_cs |
|   0 |  176.67129938 | 35.4417719063 | 35.4577118344 | 128760511.658 | 3076680.04805 | 3.06992086906 |  3.06992086906 | 2.33280651813 |        0.0 |
|   1 | 220.569559589 | 32.5151841191 | 32.5385808289 |  120982315.35 | 2076593.79519 | 7.81434403035 |  1.67450229222 |  6.1698414976 |        0.0 |
|   2 | 239.177054135 | 33.7451138547 | 34.1018922952 | 117254284.535 | 1637341.14432 | 10.8842648994 |  1.39541857685 | 8.73156759625 |        0.0 |
|   3 | 261.330270695 | 38.8657825958 | 38.9303139324 | 119834223.953 | 2264336.83363 | 13.3960183377 |  1.11633486148 | 10.7824009427 |        0.0 |
|   4 | 281.079327507 | 40.2045652228 | 40.6246305258 | 119198534.418 | 2039523.50866 | 15.6286880607 |  1.11633486148 | 12.6150858363 |        0.0 |
|   5 |    327.280012 | 48.1888973757 | 48.2979356243 | 125999763.879 | 1976506.21392 | 17.8613577837 |  1.11633486148 |  14.348845858 |        0.0 |
|   6 | 361.181965012 | 50.9817196284 | 51.0629411521 | 125418607.136 | 2047862.53203 | 20.0940275066 |  1.11633486148 | 16.0906396664 |        0.0 |
|   7 |  381.67813889 | 52.4588795905 | 52.5498258914 | 126892424.165 |  1981398.6989 | 22.3266972296 |  1.11633486148 | 17.8122030678 |        0.0 |
|   8 | 382.004564353 | 55.9132918932 | 56.0729737046 | 128422986.159 | 2144526.54921 | 24.2802832371 | 0.837251146109 | 19.3006179529 |        0.0 |
|   9 | 375.517471276 | 55.6503677839 | 55.7334077255 | 125213959.362 | 2164478.19779 | 25.9547855294 | 0.837251146109 |   20.60909838 |        0.0 |
|  10 | 401.608177243 | 58.2941393594 | 58.3648406956 | 128287684.265 | 2064374.84124 | 27.6292878216 | 0.837251146109 | 21.8862281058 |        0.0 |
|  11 | 420.618074424 | 60.7174256326 | 60.8083375136 | 129881891.439 | 2092147.48212 | 29.3037901138 | 0.837251146109 |  23.147681979 |        0.0 |
|  12 | 441.479971645 | 62.9553749656 | 63.0848844701 | 128591253.272 | 2191353.39453 |  30.978292406 | 0.837251146109 | 24.4217967485 |        0.0 |
|  13 | 455.564600149 | 66.6780251079 | 66.7657861567 | 129322686.065 | 2188431.92416 | 32.6527946982 | 0.837251146109 | 25.6887052857 |        0.0 |
|  14 | 476.650525521 | 68.5799240408 | 68.7112112223 | 129470669.624 | 2216801.66069 | 34.3272969905 | 0.837251146109 | 26.9541657602 |        0.0 |
|  15 | 512.256817314 | 69.3043423382 | 69.4169187348 | 130466201.606 | 1970115.03337 |  36.280882998 |  1.11633486148 | 28.4192707593 |        0.0 |
|  16 | 530.364585103 | 74.2027636525 | 74.3136362663 | 129484819.544 | 1956664.72727 |  38.513552721 |  1.11633486148 | 30.1063670084 |        0.0 |
|  17 | 582.354042204 | 81.6956838707 | 81.9728389081 | 130353988.237 | 2096932.37076 |  40.746222444 |  1.11633486148 | 31.7822141099 |        0.0 |
|  18 | 609.683589652 | 86.6867946848 | 86.8366982815 | 130143061.196 | 2161756.48458 | 42.9788921669 |  1.11633486148 | 33.4607773107 |        0.0 |
|  19 |  676.88705168 | 97.0772290246 | 99.1008379541 | 132066422.546 | 2584738.82523 | 45.2115618899 |  1.11633486148 | 35.1148946038 |        0.0 |
|  20 | 785.359505017 | 109.788527675 | 109.771217234 | 135931390.425 | 3053807.93788 | 47.7233153282 |  1.39541857685 | 36.9228656821 |        0.0 |
|  21 | 841.284282956 |  116.45394435 |  119.79906433 | 134374182.369 | 2756242.15791 | 50.5141524819 |  1.39541857685 | 38.9550022644 |        0.0 |
|  22 | 889.286334979 | 124.818771315 | 128.923528644 | 134025116.497 | 2747548.68544 | 53.3049896356 |  1.39541857685 | 40.9924315078 |        0.0 |
|  23 | 1069.52406177 | 154.947211116 |  155.11991575 | 138773796.312 |  3433048.8786 | 56.0958267893 |  1.39541857685 | 42.9601422642 |        0.0 |
|  24 |  1181.8195802 | 164.304316754 |  164.44194128 | 138377219.034 |  3209013.6174 | 59.1657476583 |  1.67450229222 |  45.130827316 |        0.0 |
|  25 |  1271.9738653 | 174.038878763 | 174.268436498 | 139832776.471 | 3254448.68879 | 62.5147522428 |  1.67450229222 | 47.4741980072 |        0.0 |
|  26 | 1348.17211838 |  179.47065506 | 179.848106187 | 140116651.514 | 3306286.23544 | 65.8637568272 |  1.67450229222 | 49.8128210509 |        0.0 |
|  27 | 1301.87263294 | 182.842711851 | 183.176152092 | 138973795.675 | 3492125.10261 | 68.9336776963 |  1.39541857685 | 51.9741879432 |        0.0 |
|  28 | 1358.44455309 | 184.002888402 | 184.200912028 |  141206490.41 | 3460649.35214 |   71.72451485 |  1.39541857685 | 53.9079991364 |        0.0 |
|  29 | 1078.22225864 | 138.432803277 | 145.988081876 | 133315613.521 | 2887413.65286 | 74.2362682883 |  1.11633486148 | 55.7514442967 |        0.0 |
|  30 | 1537.34547641 | 214.385512453 | 214.736758515 | 143139858.056 | 3557576.79104 | 76.7480217266 |  1.39541857685 | 57.4683666541 |        0.0 |
|  31 | 2369.20149603 | 353.341827718 | 353.423011229 | 157508720.171 | 4671306.89677 | 80.3761100264 |  2.23266972296 | 59.7221256766 |        0.0 |
|  32 | 2671.67124425 | 400.820209183 |   401.4298766 | 162183857.741 | 4782305.14314 | 84.8414494723 |  2.23266972296 | 62.4160232865 |        0.0 |
|  33 | 2751.84201917 | 412.245250105 | 412.893236902 | 159866618.951 | 4821376.69579 | 89.3067889183 |  2.23266972296 | 65.1489684728 |        0.0 |
|  34 | 2687.69304207 |  402.96040865 | 403.965794034 | 154280174.364 | 4981332.36953 | 93.7721283642 |  2.23266972296 | 67.9808728865 |        0.0 |
|  35 | 2857.33972911 | 426.260136054 | 427.335379056 | 158362015.405 | 4828512.91468 | 98.2374678101 |  2.23266972296 | 70.7397838893 |        0.0 |
|  36 | 2906.49068413 |  434.56023289 | 435.078295173 | 158405092.437 | 4736444.05968 | 102.702807256 |  2.23266972296 | 73.4979446277 |        0.0 |
|  37 | 2963.09560877 | 439.070913621 | 440.185508875 | 156163937.403 |  4947255.4952 | 107.168146702 |  2.23266972296 | 76.2956885498 |        0.0 |
|  38 | 2870.45586247 | 421.082215159 | 429.261347829 | 152931746.729 | 4685910.27114 | 111.633486148 |  2.23266972296 | 79.1525623911 |        0.0 |
|  39 | 3073.24614472 | 452.336077596 | 453.365720327 | 154495968.071 | 4958102.56313 | 116.098825594 |  2.23266972296 | 81.9805113154 |        0.0 |
|  40 | 3080.42138607 | 458.157009594 | 458.602550957 |  153932612.17 | 4861075.83555 |  120.56416504 |  2.23266972296 | 84.8188098447 |        0.0 |
|  41 | 3383.55474318 |   495.1447812 | 495.851015137 | 158899525.209 | 4833684.47726 | 125.029504486 |  2.23266972296 | 87.5683882726 |        0.0 |
|  42 | 3333.28159248 | 485.269711313 |   487.2135347 | 153914729.417 | 4922796.50276 | 129.494843931 |  2.23266972296 | 90.4070165727 |        0.0 |
|  43 | 3480.08707358 | 514.074464985 | 514.667338589 | 155737213.588 | 4858564.10093 | 133.960183377 |  2.23266972296 | 93.2124263823 |        0.0 |
|  44 | 3404.03645731 | 479.479385815 | 507.800462711 | 150889752.028 | 4294303.60609 | 138.425522823 |  2.23266972296 | 96.1079623671 |        0.0 |
|  45 | 3713.20822497 | 549.298957655 | 550.256045952 | 155150300.155 | 5068496.10014 | 142.890862269 |  2.23266972296 | 98.9239846776 |        0.0 |
|  46 | 3746.70649079 | 560.964983326 | 562.798587961 | 153876720.155 | 4945376.38446 | 147.356201715 |  2.23266972296 |  101.76331415 |        0.0 |
|  47 | 3925.23196278 | 586.620025124 | 587.922080642 | 154247105.675 | 5097756.17796 | 151.821541161 |  2.23266972296 |  104.59582569 |        0.0 |
|  48 | 4255.96155311 | 638.181085937 | 639.482601051 | 159531525.734 | 5006080.21736 | 156.286880607 |  2.23266972296 |  107.33451138 |        0.0 |
|  49 |  4541.8993463 | 662.510889453 | 663.323961867 | 160423523.209 | 4748383.10853 | 161.031303768 |  2.51175343833 | 110.228185367 |        0.0 |
|  50 | 4631.96267204 | 694.835658438 | 695.438997929 | 159684294.703 | 4832937.97723 | 166.054810645 |  2.51175343833 | 113.306259175 |        0.0 |
|  51 | 4770.87047246 | 710.496779592 |   710.2882767 | 159725673.458 | 4812717.17975 | 171.078317522 |  2.51175343833 | 116.383535572 |        0.0 |
|  52 | 4827.60137044 | 713.374856567 | 714.170353726 | 156995398.002 | 4888613.26215 | 176.101824398 |  2.51175343833 | 119.514328266 |        0.0 |
|  53 | 4807.66002561 | 720.711332848 | 721.820518311 | 155406465.069 | 4939427.03865 | 181.125331275 |  2.51175343833 | 122.677131338 |        0.0 |
|  54 | 5585.50782755 | 800.294749033 |  938.32151856 | 168833427.085 | 5699005.83794 | 186.148838151 |  2.51175343833 | 125.588403434 |        0.0 |
|  55 | 5193.95243076 | 785.122196186 | 785.009277751 | 159401244.798 | 4879133.48312 | 191.172345028 |  2.51175343833 | 128.671942999 |        0.0 |
|  56 | 5513.15576434 | 823.943869143 | 825.329038809 | 161026687.187 | 5015647.32636 | 196.195851905 |  2.51175343833 | 131.724356568 |        0.0 |
|  57 | 5686.16133287 | 860.967139035 | 862.816007427 | 161506145.797 | 4985191.72655 | 201.219358781 |  2.51175343833 | 134.767708527 |        0.0 |
|  58 | 5570.15102344 | 859.297748934 | 860.960565591 | 156354778.386 | 5156857.13403 | 206.242865658 |  2.51175343833 | 137.911328761 |        0.0 |
|  59 | 5811.48228123 | 884.049166876 | 886.243164056 | 158907647.257 |  5193691.3414 | 211.266372535 |  2.51175343833 |  141.00444639 |        0.0 |
|  60 | 6047.75043942 | 928.224607598 | 929.869922656 | 161752885.217 | 5105124.05038 | 216.289879411 |  2.51175343833 | 144.043155989 |        0.0 |
|  61 | 6309.79862508 | 930.772062551 | 932.653944629 | 159803422.963 | 5013698.24752 | 221.592470003 |   2.7908371537 | 147.289811816 |        0.0 |
|  62 | 6239.14244081 | 925.818965341 | 928.105379365 | 154824517.935 | 5209073.57869 | 227.174144311 |   2.7908371537 | 150.817246557 |        0.0 |
|  63 | 6574.50819079 |  1004.8708635 | 1006.91194626 | 156903216.501 | 5138420.46678 | 232.755818618 |   2.7908371537 | 154.297948837 |        0.0 |
|  64 | 6915.86797922 | 1058.50274658 | 1059.90769605 | 159714666.818 | 5102461.85354 | 238.337492926 |   2.7908371537 | 157.717380466 |        0.0 |
|  65 | 7362.69892503 |  1106.5118422 | 1109.59585293 |  160464715.91 | 5069772.60501 | 244.198250948 |  3.06992086906 | 161.291001305 |        0.0 |
|  66 | 7440.69947771 | 1120.18654609 |  1122.8750748 | 157805986.513 | 5106983.29418 | 250.338092686 |  3.06992086906 | 165.097870328 |        0.0 |
|  67 | 7595.75328916 |  1152.6216699 | 1153.85924652 | 159786849.951 | 4988800.30355 | 256.477934425 |  3.06992086906 | 168.857545933 |        0.0 |
|  68 | 7123.47748949 | 1019.24121366 | 1064.11944019 | 148990071.298 | 4253429.23333 | 262.617776163 |  3.06992086906 | 172.889671809 |        0.0 |
|  69 | 8039.51559868 | 1235.81347672 |  1238.1845628 | 158983127.783 | 5204605.90324 | 268.757617901 |  3.06992086906 | 176.668354051 |        0.0 |
|  70 | 8230.79092885 | 1252.86723606 | 1255.28836979 | 159489843.239 | 5209896.63631 | 274.897459639 |  3.06992086906 | 180.435031035 |        0.0 |
|  71 | 8062.77866782 | 1255.98863087 |   1259.271852 | 155967085.248 | 5354442.43379 | 281.037301377 |  3.06992086906 | 184.286784248 |        0.0 |
|  72 | 8795.11744944 | 1337.98131783 | 1331.99000284 | 159503310.203 | 5376385.68609 | 287.177143115 |  3.06992086906 |  188.05314321 |        0.0 |
|  73 |  8847.1606129 | 1342.68115551 | 1344.45787836 | 159692296.782 | 5107619.50188 | 293.596068569 |  3.34900458443 | 191.986040435 |        0.0 |
|  74 |  9368.0328155 | 1437.83329348 | 1977.87399892 | 169145429.765 | 8085472.07263 | 300.014994022 |  3.06992086906 | 195.699137453 |        0.0 |
|  75 | 8863.57493861 |  1372.9118736 | 1374.78910261 | 159294972.636 | 5281026.26262 |  306.15483576 |  3.06992086906 | 199.470422333 |        0.0 |
|  76 | 9133.92522806 | 1419.97230759 | 1421.47109547 | 159059856.905 | 5299775.10741 | 312.294677499 |  3.06992086906 | 203.247281771 |        0.0 |
|  77 | 9065.39063449 |  1407.2334528 | 1408.29469212 | 157549626.622 |  5281014.1644 | 318.434519237 |  3.06992086906 | 207.060345214 |        0.0 |
|  78 | 8870.74957476 | 1369.50956529 | 1396.80829745 | 153562926.969 | 5251868.54425 | 324.574360975 |  3.06992086906 | 210.972400901 |        0.0 |
|  79 | 9342.70101807 | 1455.88806642 | 1457.49333029 | 156575632.581 | 5352982.23132 | 330.714202713 |  3.06992086906 | 214.809183878 |        0.0 |
|  80 | 8902.16251271 | 1363.43510926 | 1421.77657098 | 152518695.749 | 4841893.01925 | 336.854044451 |  3.06992086906 | 218.748023762 |        0.0 |
|  81 | 9010.90482956 |  1349.3599716 | 1437.47412159 | 150914158.262 | 4748556.73606 | 342.993886189 |  3.06992086906 | 222.728741864 |        0.0 |
|  82 | 8628.35566834 | 1293.26289506 | 1295.17055856 | 144558373.265 | 3833507.32756 | 349.133727927 |  3.06992086906 | 226.884479842 |        0.0 |
|  83 | 9310.93022053 |  1370.9868928 | 1482.26550906 | 149461105.033 | 4681710.86437 | 355.552653381 |  3.34900458443 | 231.086599121 |        0.0 |
|  84 |  9514.1776823 | 1415.10887333 | 1495.06926494 |  149132683.25 | 4507436.04654 |  362.25066255 |  3.34900458443 | 235.481075541 |        0.0 |
|  85 | 9386.00824636 | 1412.54906456 | 1414.44808584 | 144767162.127 | 3774095.81313 | 368.948671719 |  3.34900458443 | 240.008069443 |        0.0 |
|  86 | 9880.21289068 | 1468.97609581 | 1513.61479269 | 147129595.297 | 4281362.84538 | 375.646680887 |  3.34900458443 | 244.462374226 |        0.0 |
|  87 | 10418.0908291 | 1608.65599548 | 1674.26515419 | 152288898.574 | 5079066.50132 | 382.344690056 |  3.34900458443 | 248.765774318 |        0.0 |
|  88 | 9880.29159002 | 1485.33164445 | 1485.48379308 | 145032297.198 | 3942328.22618 | 389.042699225 |  3.34900458443 | 253.284492374 |        0.0 |
|  89 | 9826.10267526 | 1507.49358923 |  1509.5933884 | 143700823.273 | 3920089.94216 | 395.740708394 |  3.34900458443 | 257.845079051 |        0.0 |
|  90 | 10755.7293364 | 1606.90411429 | 1714.71929976 | 150096920.103 | 4692804.61285 | 402.717801278 |   3.6280882998 |  262.39325185 |        0.0 |
|  91 |  10473.967778 | 1603.46975782 | 1615.01234498 | 146183760.737 | 4044021.48075 | 409.694894162 |  3.34900458443 | 267.063173638 |        0.0 |
|  92 | 10366.4518073 | 1554.76466116 | 1557.50449329 | 143163418.812 |  4028019.0644 | 416.392903331 |  3.34900458443 | 271.640879769 |        0.0 |
|  93 |  10493.801173 | 1590.03394627 | 1591.56695158 | 144570299.187 | 3970089.55995 |   423.0909125 |  3.34900458443 | 276.174038127 |        0.0 |
|  94 | 10840.6943308 | 1659.63398411 | 1759.92653709 | 148122672.575 |  4710524.8923 | 429.788921669 |  3.34900458443 |  280.59847936 |        0.0 |
|  95 | 10470.2205361 | 1583.37879058 | 1585.91913736 | 142535588.637 | 4046665.04124 | 436.486930838 |  3.34900458443 | 285.196349032 |        0.0 |
|  96 | 9914.43923576 | 1539.30359614 | 1540.59494247 | 137267022.824 | 4098660.79536 | 443.184940007 |  3.34900458443 | 289.970693565 |        0.0 |
|  97 | 11334.1391218 | 1682.75212218 | 1697.74719243 | 145444084.331 | 4075665.15561 | 450.162032891 |   3.6280882998 | 294.664364899 |        0.0 |
|  98 | 11151.6960174 | 1675.26163473 | 1677.85735821 | 142968071.127 | 3939276.29694 | 457.418209491 |   3.6280882998 | 299.630322632 |        0.0 |
|  99 | 10820.4164092 | 1671.97283667 | 1674.70328288 | 142236571.013 | 4037495.42697 | 464.395302375 |  3.34900458443 | 304.429838849 |        0.0 |
| 100 |  10866.775291 |  1673.7023852 | 1675.11546021 | 138841969.359 | 4040557.24127 | 471.372395259 |   3.6280882998 | 309.346700317 |        0.0 |
| 101 | 11071.4301438 | 1701.50961055 | 1702.57130827 | 138958152.468 | 4035325.08161 | 478.628571859 |   3.6280882998 | 314.455960809 |        0.0 |
| 102 | 10798.9854133 |  1635.1879592 | 1647.78553319 |  136412768.51 | 3925836.92314 | 485.884748458 |   3.6280882998 | 319.660557169 |        0.0 |
| 103 | 11445.0760218 | 1724.78343919 | 1727.14135381 |  138675556.12 | 4106771.79006 | 493.140925058 |   3.6280882998 | 324.780229433 |        0.0 |
| 104 | 11118.6340836 | 1712.77241727 |  1722.6863037 | 136505180.617 |  3981268.9484 | 500.397101658 |   3.6280882998 | 329.981302354 |        0.0 |
| 105 | 11219.4584104 | 1672.17068199 | 1727.24042478 | 134672556.712 | 3649614.36646 | 507.932361973 |  3.90717201517 | 335.455914893 |        0.0 |
| 106 | 11208.5659771 | 1662.50702958 | 1729.83470585 | 134152208.622 | 3540266.75081 | 515.746706003 |  3.90717201517 | 341.155312201 |        0.0 |
| 107 | 11034.3167164 |  1662.8870269 |  1750.7753182 |  132412694.03 | 3617935.71794 | 523.281966318 |   3.6280882998 | 346.723358928 |        0.0 |
| 108 | 11704.6747915 | 1721.21826782 |   1818.141089 | 133692911.374 | 3560626.38925 | 530.817226633 |  3.90717201517 | 352.238087122 |        0.0 |
| 109 | 12133.6383313 | 1873.48190211 | 1877.15546305 |   134072530.3 | 4353072.41001 | 538.631570663 |  3.90717201517 |  357.94087154 |        0.0 |
| 110 | 11994.7927486 | 1806.00279859 |  1876.2072044 | 131127000.725 | 3507881.97722 | 546.724998409 |  4.18625573054 | 363.980004606 |        0.0 |
| 111 | 11905.1759151 | 1828.87900618 | 1838.75403273 | 127845766.181 | 3108273.48449 |  555.09750987 |  4.18625573054 | 370.387726188 |        0.0 |
| 112 |  12509.032213 | 1903.38027144 |  1912.3677704 | 128716425.432 | 3098267.97847 | 563.749105046 |  4.46533944591 | 376.964250835 |        0.0 |
| 113 | 12928.2988131 | 1946.89068402 | 1961.15537315 | 127347840.985 |  3180163.8202 | 572.958867654 |  4.74442316128 | 384.040303916 |        0.0 |
| 114 | 13582.7353937 |  2077.1702125 | 2091.63643544 | 128995133.877 | 3179035.49427 | 582.447713976 |  4.74442316128 | 391.237682018 |        0.0 |
| 115 | 14941.8401536 | 2283.48406791 | 2323.70882953 | 130835459.821 | 3363935.40006 |  592.49472773 |  5.30259059202 | 398.751242115 |        0.0 |
| 116 |  14055.250773 | 2174.03834444 | 2187.66300383 | 127639687.759 | 3136022.31196 | 602.820825198 |  5.02350687665 | 406.666858151 |        0.0 |
| 117 | 14212.8956173 | 2194.18366106 | 2206.59319136 |  126881364.98 | 3114115.62034 | 612.867838952 |  5.02350687665 | 414.414568702 |        0.0 |
| 118 | 14447.3174548 | 2275.15984813 | 2284.51468076 | 123167784.861 | 3193352.46184 |  623.19393642 |  5.30259059202 | 422.617580231 |        0.0 |
| 119 | 16452.0487976 | 2542.43747122 | 2557.52840328 | 126388315.003 | 3145138.18696 |  634.63636875 |  6.13984173813 | 431.475783903 |        0.0 |
| 120 | 16489.1960332 | 2495.10239737 | 2547.72669513 | 120174008.883 | 3031503.09523 | 647.474219657 |  6.69800916887 | 441.928183664 |        0.0 |
| 121 | 17910.3429967 | 2846.77942976 | 2863.60404016 | 124606931.948 | 3241321.21389 | 660.870237995 |  6.69800916887 | 452.447021579 |        0.0 |
| 122 | 17498.4535084 | 2754.59206701 | 2830.07996704 | 116879429.193 |  2698858.0493 | 674.545340048 |  6.97709288424 | 463.894945295 |        0.0 |
| 123 |  17773.040696 | 2819.20283124 | 2849.85157782 | 115075955.535 | 2433595.63552 | 688.778609532 |  7.25617659961 | 475.996866336 |        0.0 |
| 124 | 19274.3349596 |  3041.1271833 | 3078.78226008 | 114788013.757 | 2468904.22563 | 704.128213877 |  8.09342774572 | 489.080695869 |        0.0 |
| 125 | 19406.3469324 | 3087.35959632 | 3120.34663307 | 110806936.203 | 2431356.38869 | 721.152320515 |  8.93067889183 | 504.113209865 |        0.0 |
| 126 | 21956.3132717 | 3498.20031181 | 3537.06188285 | 112523630.717 | 2444677.90507 | 740.409096875 |  10.3260974687 | 520.857783079 |        0.0 |
| 127 | 26427.2239569 | 4245.92596071 | 4304.07336392 | 116030990.868 | 2516354.48927 | 763.852128966 |  13.1169346224 | 540.626296586 |        0.0 |
| 128 | 29517.0092772 | 4841.80241661 | 4897.29912184 | 112940819.399 | 2560087.29276 |  793.15591908 |  16.1868554914 | 566.013045843 |        0.0 |
| 129 | 31068.4824898 |  5231.0807494 | 5285.08424624 |  111617838.88 | 2588699.08894 | 828.320467217 |  18.9776926451 | 596.838228896 |        0.0 |
| 130 | 37348.1126349 |  6517.5650059 | 6796.64038766 | 106555752.004 | 2652993.64191 | 874.090196537 |  26.7920366755 | 638.865934202 |        0.0 |
| 131 |  38569.240817 | 7242.67814019 | 7210.44659081 | 102572358.149 | 2340573.13813 | 932.139609334 |  31.2573761214 | 694.239402161 |        0.0 |
| 132 | 45158.3985936 | 8771.12222344 | 9011.67381992 | 105323108.516 | 2785648.61584 | 999.677868454 |   36.280882998 | 756.981700906 |        0.0 |
| 133 | 56427.9198987 | 11157.7613457 | 11236.7453528 | 101686952.336 |  2385680.0994 | 1086.19382022 |  50.2350687665 | 840.228049118 |        0.0 |
| 134 | 72182.5708555 | 12130.6678212 | 12130.6678212 | 88658676.4462 | 1547367.75446 | 1216.24683158 |  79.8179425957 | 983.754981206 |        0.0 |
| 135 | 61714.6001037 | 19949.3370029 | 21228.9200984 | 43792525.1452 | 1079063.79132 | 1999.25309395 |  703.188319774 | 2733.19670532 |        0.0 |
| 136 | 129.036008966 | 18.4445887905 | 18.4445887905 | 142317463.582 | 1680579.89357 | 2.23266972296 |  2.23266972296 | 1360.23461995 |        0.0 |
| 137 |  143.13315229 | 22.5608403877 | 24.1703311135 |   118579221.8 | 2696052.46431 | 5.30259059202 | 0.837251146109 | 1362.76772277 |        0.0 |
| 138 | 152.287631636 |  22.764730264 | 22.8227355179 | 113677696.609 | 1466549.61234 | 6.97709288424 | 0.837251146109 | 1364.20899067 |        0.0 |
| 139 | 154.158381634 | 23.6772656181 | 23.7605113351 | 112816137.347 | 1650894.31741 | 8.37251146109 | 0.558167430739 | 1365.41921953 |        0.0 |
| 140 | 152.055207187 | 23.7009127667 | 23.7850212764 | 109793242.965 | 1614143.61419 | 9.48884632256 | 0.558167430739 | 1366.41405923 |        0.0 |
| 141 | 156.828571023 | 23.2298067464 | 23.3223616669 | 109827161.338 | 1499182.66242 |  10.605181184 | 0.558167430739 | 1367.40859169 |        0.0 |
| 142 | 160.994966765 | 22.9185280424 | 23.0038742815 | 108455777.956 | 1486039.74199 | 11.7215160455 | 0.558167430739 | 1368.41569964 |        0.0 |
| 143 |  167.96630745 | 23.9451102047 | 24.0369557833 | 110088246.363 | 1441751.30649 |  12.837850907 | 0.558167430739 | 1369.40787347 |        0.0 |
| 144 | 172.937768217 | 24.1272364502 | 24.2057276198 | 109651829.625 | 1338131.39749 | 13.9541857685 | 0.558167430739 | 1370.40399617 |        0.0 |
| 145 | 172.126117889 | 23.3417594898 | 23.3833186839 | 107991595.882 | 1312739.75848 |   15.07052063 | 0.558167430739 |   1371.415433 |        0.0 |
| 146 | 177.777101933 | 24.2034115509 | 24.2610625595 | 109264270.783 | 1290368.00457 | 16.1868554914 | 0.558167430739 | 1372.41508893 |        0.0 |
| 147 | 187.748924872 | 24.7433240043 |  24.822084287 | 109973571.732 | 1235736.11029 | 17.3031903529 | 0.558167430739 | 1373.40829734 |        0.0 |
| 148 | 196.312542668 |  25.679871154 | 25.7251777879 | 111328953.799 | 1217215.14684 | 18.4195252144 | 0.558167430739 | 1374.38941387 |        0.0 |
| 149 | 206.364841131 | 26.9202664652 | 27.0239290283 | 112672372.952 | 1221011.77952 | 19.5358600759 | 0.558167430739 | 1375.35883232 |        0.0 |
| 150 | 198.196398845 | 29.4115743974 | 29.5182112807 | 113621539.634 | 1593235.85985 |  20.373111222 |  0.27908371537 | 1376.07982244 |        0.0 |
| 151 |  201.56091895 | 29.7541077989 | 29.9200552479 |  113233714.08 |  1647083.9601 | 20.9312786527 |  0.27908371537 | 1376.56212878 |        0.0 |
| 152 | 208.970576327 | 31.4400053514 | 31.5813356672 | 115020745.889 | 1624297.44558 | 21.4894460835 |  0.27908371537 | 1377.03694172 |        0.0 |
| 153 | 231.015805843 | 28.8191180997 | 28.9070961818 | 115386630.036 | 1171059.17115 | 22.3266972296 | 0.558167430739 | 1377.74690272 |        0.0 |
| 154 | 218.347850827 | 32.4866597537 | 32.6472939173 | 114634926.736 | 1632574.56685 | 23.1639483757 |  0.27908371537 |  1378.4615192 |        0.0 |
| 155 | 228.718186847 | 33.9769203315 |  34.135996416 | 115670422.168 | 1648056.97203 | 23.7221158064 |  0.27908371537 | 1378.93366529 |        0.0 |
| 156 | 233.411444291 | 33.4645840229 | 33.7379611123 | 117425193.997 | 1634408.27728 | 24.2802832371 |  0.27908371537 | 1379.39875576 |        0.0 |
| 157 | 237.133149061 | 34.7480848911 | 34.9604405172 | 116953610.492 | 1643755.82552 | 24.8384506679 |  0.27908371537 | 1379.86572158 |        0.0 |
| 158 | 245.487696974 |  35.288109631 | 36.0545843422 | 118808800.505 | 2021253.14425 | 25.3966180986 |  0.27908371537 | 1380.32539576 |        0.0 |
| 159 |  275.50071229 | 34.4611297802 | 34.7557784242 | 119599500.629 | 1508748.17009 | 26.2338692447 | 0.558167430739 | 1381.01034852 |        0.0 |
| 160 | 275.251237378 | 40.0397530001 | 40.1227223566 | 121380186.723 | 2229656.87311 | 27.0711203908 |  0.27908371537 |  1381.6852528 |        0.0 |
| 161 | 299.273211807 | 36.8815092729 | 36.9301605269 | 120638516.159 | 1634159.89666 |  27.908371537 | 0.558167430739 |  1382.3643063 |        0.0 |
| 162 | 319.540349893 | 39.1721213863 |   39.24554085 | 121640159.855 | 1705500.44253 | 29.0247063984 | 0.558167430739 | 1383.26225544 |        0.0 |
| 163 | 298.321315138 | 43.4718365614 | 43.5320618739 | 121937529.158 | 2236381.75889 | 29.8619575445 |  0.27908371537 | 1383.93407492 |        0.0 |
| 164 | 328.399862119 | 41.5673127345 | 41.6120715923 | 122017034.406 | 1659549.79585 | 30.6992086906 | 0.558167430739 | 1384.60545665 |        0.0 |
| 165 | 340.910345703 |  42.296343832 | 42.3573220813 | 120975589.247 | 1686625.56861 | 31.8155435521 | 0.558167430739 | 1385.50833861 |        0.0 |
| 166 | 371.436405861 | 46.8319235091 | 46.9670015713 | 125039341.767 |  1731319.9898 | 32.9318784136 | 0.558167430739 | 1386.38187709 |        0.0 |
| 167 | 384.094617103 | 48.0740311691 | 48.1315143757 | 124307661.956 | 1730619.73672 | 34.0482132751 | 0.558167430739 | 1387.26055725 |        0.0 |
| 168 | 390.379164217 | 50.7342899366 |  50.771491833 | 123735863.268 | 1768312.90967 | 35.1645481366 | 0.558167430739 |  1388.1432979 |        0.0 |
| 169 | 413.786016118 | 54.0203247612 | 54.1059712613 | 124849940.748 |  1842382.1237 |  36.280882998 | 0.558167430739 | 1389.01816157 |        0.0 |
| 170 |  436.70390133 | 56.6243087456 | 56.7959547741 | 125611116.537 | 1856366.02653 | 37.3972178595 | 0.558167430739 | 1389.88772375 |        0.0 |
| 171 |  432.01554038 | 58.3865271098 | 58.5077941168 | 122253339.777 | 1922645.68575 |  38.513552721 | 0.558167430739 | 1390.78116909 |        0.0 |
| 172 | 469.874371852 | 62.3545178877 | 62.4569115041 | 127470046.618 | 1828281.26845 | 39.6298875825 | 0.558167430739 | 1391.63805021 |        0.0 |
| 173 | 486.156554253 | 65.6060507819 | 65.7202529327 |  127645844.28 |  1868693.2589 |  40.746222444 | 0.558167430739 | 1392.49375122 |        0.0 |
| 174 | 503.410607475 | 66.9056718549 | 67.0270879049 | 129309723.139 | 1836173.01475 | 41.8625573054 | 0.558167430739 | 1393.33844158 |        0.0 |
| 175 |  514.60180099 | 69.5844863242 | 69.7202701743 | 128627703.274 | 1918081.33148 | 42.9788921669 | 0.558167430739 | 1394.18761072 |        0.0 |
| 176 | 525.550687111 | 70.9106593242 | 70.9789665785 | 127156825.876 | 1949900.07485 | 44.0952270284 | 0.558167430739 | 1395.04660257 |        0.0 |
| 177 | 559.034851359 | 75.0636975169 | 75.2310968015 | 130414799.358 | 1903661.04957 | 45.2115618899 | 0.558167430739 |  1395.8841354 |        0.0 |
| 178 | 557.749136348 | 74.4906282507 | 74.7382701177 | 127253189.683 | 2010231.80975 | 46.3278967513 | 0.558167430739 | 1396.74247677 |        0.0 |
| 179 | 594.810724514 | 79.9194229846 | 80.0812378377 | 129715750.931 | 2013816.23084 | 47.4442316128 | 0.558167430739 | 1397.58452313 |        0.0 |
| 180 |  631.18734823 | 84.8328302284 | 85.8694696609 |  131574479.76 |  2175475.4685 | 48.5605664743 | 0.558167430739 | 1398.41467406 |        0.0 |
| 181 | 653.327737769 | 89.7722733493 | 89.9649707793 | 129602177.251 | 2150882.69147 | 49.6769013358 | 0.558167430739 | 1399.25745834 |        0.0 |
| 182 | 676.349609472 | 91.5145320823 | 91.7183479153 | 129405349.286 | 2162622.99767 | 50.7932361973 | 0.558167430739 |  1400.1015245 |        0.0 |
| 183 | 694.090446936 | 96.2356610549 | 96.4560852374 |  128345024.01 | 2240263.11843 | 51.9095710587 | 0.558167430739 | 1400.95256393 |        0.0 |
| 184 | 731.296010187 | 99.3913468601 | 99.7569543643 | 130472002.576 | 2281316.91439 | 53.0259059202 | 0.558167430739 | 1401.78972957 |        0.0 |
| 185 | 728.909056169 |  100.88185379 | 101.132305963 | 127205629.141 | 2304925.55456 | 54.1422407817 | 0.558167430739 | 1402.64839186 |        0.0 |
| 186 | 771.965067498 | 107.245644254 | 107.975527636 |  131096561.39 | 2308806.12301 | 55.2585756432 | 0.558167430739 | 1403.48156914 |        0.0 |
| 187 | 779.688014443 | 110.083544029 | 110.453227932 | 128375970.823 | 2335640.39233 | 56.3749105046 | 0.558167430739 | 1404.33240342 |        0.0 |
| 188 | 798.858867086 | 114.142914554 | 114.497806976 | 129286785.924 |  2275302.9583 | 57.4912453661 | 0.558167430739 | 1405.17724364 |        0.0 |
| 189 | 867.444972649 | 120.579922215 | 125.712628354 |  133556909.81 | 2922262.50233 | 58.6075802276 | 0.558167430739 | 1405.99507236 |        0.0 |
| 190 | 919.094103602 | 119.778962168 | 120.180482916 | 129676371.445 | 1956263.52921 | 60.0029988045 | 0.837251146109 | 1407.04794995 |        0.0 |
| 191 | 961.950067021 | 124.766692787 | 125.275354549 | 131019702.392 | 2017884.25793 | 61.6775010967 | 0.837251146109 | 1408.29844902 |        0.0 |
| 192 | 1017.62678888 | 131.867831562 | 136.548981182 | 133484439.259 |  2621995.8291 | 63.3520033889 | 0.837251146109 | 1409.52585811 |        0.0 |
| 193 | 894.505478593 | 122.828443819 |  123.22574461 | 129931671.786 | 2372174.67921 | 64.7474219657 | 0.558167430739 | 1410.57666693 |        0.0 |
| 194 | 866.149970647 |  114.32673719 | 114.782704801 | 135489144.165 | 3074244.32969 | 65.8637568272 | 0.558167430739 | 1411.38283245 |        0.0 |
| 195 | 887.319804941 | 122.522492591 | 122.942977068 | 127154610.511 | 2377845.93806 | 66.9800916887 | 0.558167430739 | 1412.24183926 |        0.0 |
| 196 | 1169.49304114 | 155.863902876 |  161.87895316 | 133071853.623 | 2717813.57677 | 68.3755102655 | 0.837251146109 | 1413.26785146 |        0.0 |
| 197 | 1253.87747586 | 172.449224046 | 178.686762129 | 133717681.079 | 2916337.44158 | 70.0500125578 | 0.837251146109 | 1414.49311961 |        0.0 |
| 198 | 1276.93587676 | 180.204515604 |  183.50212012 | 131747756.801 | 2560163.16281 |   71.72451485 | 0.837251146109 | 1415.73670826 |        0.0 |
| 199 | 1431.44660749 | 185.352027114 | 191.955565676 | 133084514.292 | 2465662.47077 | 73.6781008576 |  1.11633486148 | 1417.17298869 |        0.0 |
| 200 | 1458.12669364 | 196.142576952 | 202.839277314 | 133509059.966 |  2765891.5021 | 75.9107705805 |  1.11633486148 | 1418.80923236 |        0.0 |
| 201 | 1546.04103544 | 207.624605373 | 211.932534544 | 134604168.182 | 2942153.27189 | 78.1434403035 |  1.11633486148 | 1420.43216392 |        0.0 |
| 202 | 1545.84034005 | 210.217640935 | 219.330227689 | 133345837.705 | 2807955.98081 | 80.3761100264 |  1.11633486148 | 1422.07041043 |        0.0 |
| 203 | 1682.69681138 | 236.721273993 | 236.725768403 | 136312900.885 |  3247205.5341 | 82.6087797494 |  1.11633486148 | 1423.67299795 |        0.0 |
| 204 |  1734.9785855 | 238.016298542 | 241.850521483 | 135038059.744 | 3186202.37309 | 84.8414494723 |  1.11633486148 | 1425.29071487 |        0.0 |
| 205 | 1850.30184379 | 256.367717141 |  256.75002457 | 138368630.191 | 3355044.10796 | 87.0741191953 |  1.11633486148 |  1426.8694929 |        0.0 |
| 206 | 1914.38282189 | 271.465509542 | 271.515302201 | 138330385.774 | 3432404.22345 | 89.3067889183 |  1.11633486148 | 1428.44870741 |        0.0 |
| 207 | 1959.90059393 | 278.842703957 | 279.152147834 | 139246308.115 | 3359823.66067 | 91.5394586412 |  1.11633486148 | 1430.01753431 |        0.0 |
| 208 | 2016.37815682 | 284.589870915 | 285.047790733 | 136588400.904 | 3493641.95704 | 93.7721283642 |  1.11633486148 | 1431.61688939 |        0.0 |
| 209 | 2092.99751614 | 298.688140065 | 299.291945328 | 137450365.118 | 3566477.49903 | 96.0047980871 |  1.11633486148 | 1433.20621477 |        0.0 |
| 210 | 2130.07081398 | 309.737018734 | 310.137495996 | 138242583.693 | 3512928.77377 | 98.2374678101 |  1.11633486148 | 1434.78643229 |        0.0 |
| 211 | 2182.49980457 | 315.908285721 | 316.008745184 | 137737663.172 | 3544993.52892 | 100.470137533 |  1.11633486148 |  1436.3724426 |        0.0 |
| 212 |  2265.0290346 | 326.248261684 | 326.743396159 | 139250942.422 | 3509712.00944 | 102.702807256 |  1.11633486148 | 1437.94121729 |        0.0 |
| 213 | 2330.14228274 | 316.483697729 | 318.093012549 | 135616460.886 | 3203511.15981 | 105.214560694 |  1.39541857685 | 1439.75338685 |        0.0 |
| 214 | 2476.38689021 | 337.599233568 | 338.079711787 | 137849833.419 | 3305005.25844 | 108.005397848 |  1.39541857685 | 1441.73428653 |        0.0 |
| 215 | 2581.71499871 |  361.55351785 | 361.742731819 | 140062179.014 | 3254640.43377 | 110.796235002 |  1.39541857685 | 1443.68389701 |        0.0 |
| 216 |  2638.5105236 | 364.388551059 | 365.031034037 | 139118566.033 | 3336496.50584 | 113.587072155 |  1.39541857685 |  1445.6467313 |        0.0 |
| 217 | 2859.67088691 | 389.146105375 | 389.618158287 | 144833006.605 | 3263162.83085 | 116.377909309 |  1.39541857685 | 1447.53212123 |        0.0 |
| 218 | 2741.14307797 | 381.293173247 | 381.530651951 | 139429359.218 | 3308713.91696 | 119.168746463 |  1.39541857685 | 1449.49058029 |        0.0 |
| 219 | 2913.56789073 | 401.033686769 | 401.988021275 | 140823381.032 | 3366145.97982 | 121.959583616 |  1.39541857685 |  1451.4296524 |        0.0 |
| 220 | 3044.53426353 | 426.131012216 | 426.632635769 | 143682323.275 | 3318906.46278 |  124.75042077 |  1.39541857685 | 1453.33014152 |        0.0 |
| 221 | 3089.91922056 | 434.344893314 | 434.928337329 | 143179331.196 | 3358934.21775 | 127.541257924 |  1.39541857685 |  1455.2373071 |        0.0 |
| 222 | 3213.20559996 | 451.956036106 | 452.892081089 | 143601337.012 | 3384977.64453 | 130.332095078 |  1.39541857685 | 1457.13886803 |        0.0 |
| 223 | 3302.37763103 | 458.968709293 | 460.003093507 | 143913497.562 | 3495899.95627 | 133.122932231 |  1.39541857685 | 1459.03630431 |        0.0 |
| 224 |  3451.7946626 | 487.687254014 | 488.653290549 | 144916995.712 | 3587801.38545 | 135.913769385 |  1.39541857685 | 1460.92060152 |        0.0 |
| 225 | 3623.61355351 | 520.533544286 | 538.295672936 | 148529061.697 | 3902037.55312 | 138.704606539 |  1.39541857685 | 1462.75907467 |        0.0 |
| 226 | 3582.62030469 | 512.369891149 | 513.324784473 |  143451841.69 | 3585343.64938 | 141.495443692 |  1.39541857685 | 1464.66261727 |        0.0 |
| 227 | 3830.25596341 | 550.232647146 | 597.912747396 | 149684065.656 |  4594199.2465 | 144.286280846 |  1.39541857685 | 1466.48690425 |        0.0 |
| 228 | 4029.92068288 | 557.461716423 | 589.216333075 | 148712660.394 |  3979586.5305 | 147.356201715 |  1.67450229222 | 1468.50672798 |        0.0 |
| 229 |  4207.8330445 | 582.549214142 | 620.552785417 | 150079559.151 |  4018083.2806 |   150.7052063 |  1.67450229222 | 1470.69010347 |        0.0 |
| 230 | 4295.93450188 | 603.613041317 | 615.589920741 | 147455024.666 | 3655893.80527 | 154.054210884 |  1.67450229222 | 1472.91234059 |        0.0 |
| 231 | 4585.78915858 | 646.332632908 | 678.460900528 | 150636319.475 | 4480417.94944 | 157.403215468 |  1.67450229222 |  1475.0876462 |        0.0 |
| 232 | 4580.14764073 | 646.277655137 | 679.719302358 | 149548271.043 | 3996147.11954 | 160.752220053 |  1.67450229222 | 1477.27877838 |        0.0 |
| 233 | 4786.51943037 | 692.437731854 | 723.537563296 | 150563928.535 | 4637574.02825 | 164.101224637 |  1.67450229222 | 1479.45512987 |        0.0 |
| 234 |  4800.2475052 | 686.913187019 | 716.358967811 | 148329106.923 | 4117221.62556 | 167.450229222 |  1.67450229222 | 1481.66427167 |        0.0 |
| 235 | 5039.76733028 | 788.786202472 | 787.516411891 | 149235052.262 | 5346292.09357 | 170.799233806 |  1.67450229222 | 1483.86000267 |        0.0 |
| 236 | 5242.81134852 |  733.62366479 | 754.139139997 | 147152631.483 | 3843907.28314 | 174.427322106 |  1.95358600759 | 1486.27237338 |        0.0 |
| 237 | 5707.90221667 | 846.740599044 | 851.670410489 | 153649430.927 | 4998844.11545 | 178.334494121 |  1.95358600759 |  1488.7604618 |        0.0 |
| 238 | 5478.29971388 | 791.361218337 | 830.973704973 | 148569421.954 |  4127052.7228 | 182.241666136 |  1.95358600759 | 1491.33362499 |        0.0 |
| 239 | 5687.98389795 | 840.217489496 | 887.689045171 | 150241219.825 | 4436845.57399 | 186.148838151 |  1.95358600759 |  1493.8781555 |        0.0 |
| 240 | 5879.28762214 |   860.4732158 | 915.711573595 | 149810356.122 | 4373441.12685 | 190.056010167 |  1.95358600759 | 1496.43000424 |        0.0 |
| 241 | 5811.54040728 | 861.142157718 | 867.940422311 | 145822718.465 | 3740142.39761 | 193.963182182 |  1.95358600759 | 1499.05163531 |        0.0 |
| 242 | 5902.81957482 | 872.270433477 | 885.075439981 | 146598356.038 | 3755538.07177 | 197.870354197 |  1.95358600759 | 1501.65939558 |        0.0 |
| 243 | 6377.71243835 | 970.740130444 | 997.260800085 | 150894007.628 | 5053382.70232 | 201.777526212 |  1.95358600759 | 1504.19291811 |        0.0 |
| 244 |  6977.0728313 | 1049.72968901 | 1052.28401384 | 154525648.352 | 5059363.38206 | 205.963781943 |  2.23266972296 |   1506.843611 |        0.0 |
| 245 | 6517.52361342 | 930.772035177 | 937.353118689 | 145841432.509 | 3647276.98456 | 210.429121389 |  2.23266972296 | 1509.83937633 |        0.0 |
| 246 | 6712.94316293 | 961.489179184 | 976.968569584 | 146297334.586 |  3803361.4341 | 214.894460835 |  2.23266972296 | 1512.82580604 |        0.0 |
| 247 |  7146.8854653 | 1058.02963611 | 1086.34386271 | 150525416.346 | 5061905.27594 |  219.35980028 |  2.23266972296 | 1515.72835045 |        0.0 |
| 248 | 7036.91769941 | 1038.04259884 | 1051.89740267 | 146476187.665 | 3851975.57902 | 223.825139726 |  2.23266972296 | 1518.71113362 |        0.0 |
| 249 | 7221.28397775 | 1047.84649194 | 1075.34526764 | 146307224.686 | 4168393.76882 | 228.290479172 |  2.23266972296 | 1521.69736145 |        0.0 |
| 250 | 7841.59662859 | 1247.47389096 | 1249.25265892 | 154771619.177 | 5403709.52434 | 232.755818618 |  2.23266972296 | 1524.52027375 |        0.0 |
| 251 | 7727.64067147 | 1174.19696036 | 1232.03187744 | 151019089.728 | 4964677.19515 | 237.221158064 |  2.23266972296 |  1527.4133299 |        0.0 |
| 252 | 8234.74324207 | 1286.90392625 | 1291.23735621 | 150826963.099 | 5562135.55492 | 241.965581225 |  2.51175343833 | 1530.49111763 |        0.0 |
| 253 | 8125.41168682 | 1186.19434384 | 1212.67732337 | 148761908.553 | 4018138.84448 | 246.989088102 |  2.51175343833 | 1533.79518955 |        0.0 |
| 254 | 8144.02610837 | 1226.81296621 | 1284.69478981 | 149090328.532 | 4256622.65814 | 252.012594979 |  2.51175343833 | 1537.09198318 |        0.0 |
| 255 | 8610.35902872 | 1254.94781456 | 1270.35283216 | 145773573.056 | 4119967.91685 | 257.036101855 |  2.51175343833 | 1540.46378806 |        0.0 |
| 256 | 8413.20468143 | 1283.07173705 | 1283.08553476 | 143791075.045 | 3866517.26893 | 262.059608732 |  2.51175343833 |  1543.8820812 |        0.0 |
| 257 | 9201.81100805 | 1446.81887243 |  1492.5507147 | 150309290.068 | 5350115.08775 | 267.083115609 |  2.51175343833 | 1547.15213885 |        0.0 |
| 258 | 9229.66127147 | 1373.52732773 | 1375.12429436 | 143421481.707 | 3888166.88391 | 272.385706201 |   2.7908371537 |  1550.7696354 |        0.0 |
| 259 | 9802.61468318 | 1478.44037066 | 1580.10946088 | 148568861.372 | 4809198.79473 | 277.967380508 |   2.7908371537 | 1554.44559669 |        0.0 |
| 260 | 9989.23155756 | 1522.59642598 | 1734.01709777 |  149730265.11 | 5509444.28983 | 283.549054815 |   2.7908371537 | 1558.09304487 |        0.0 |
| 261 | 10340.5440411 | 1567.95169688 | 1664.64490148 | 149483058.814 | 4724151.46069 | 289.130729123 |   2.7908371537 | 1561.74652499 |        0.0 |
| 262 | 10593.6352254 | 1615.13686884 | 1732.02437274 | 149451267.872 | 4881312.25639 |  294.71240343 |   2.7908371537 | 1565.40078227 |        0.0 |
| 263 | 11298.9829055 | 1838.95626794 | 1854.13252755 | 153243272.869 | 5728950.66395 | 300.294077738 |   2.7908371537 | 1568.96461494 |        0.0 |
| 264 | 11027.8324651 | 1685.47106075 | 1748.09576145 | 146303341.647 | 4435091.07413 |  306.15483576 |  3.06992086906 |   1572.884143 |        0.0 |
| 265 | 11552.5359692 |  1778.6165781 | 1931.48066682 | 149149967.115 | 5173418.38142 | 312.294677499 |  3.06992086906 | 1576.91194625 |        0.0 |
| 266 | 11671.3550056 | 1794.24854155 | 1864.60863111 | 147508388.399 | 4592470.67656 | 318.434519237 |  3.06992086906 | 1580.98457377 |        0.0 |
| 267 |  12236.802968 | 1895.25116171 | 2001.44879348 | 147876394.388 | 4756732.27463 |  324.85344469 |  3.34900458443 | 1585.23172487 |        0.0 |
| 268 | 13134.4967592 | 2062.35492266 | 2166.84422615 | 151050636.986 | 5401106.25797 | 331.551453859 |  3.34900458443 | 1589.57040276 |        0.0 |
| 269 | 12935.9688486 |  2022.2479254 | 2058.37307326 | 147167929.243 |  4378371.8297 | 338.249463028 |  3.34900458443 |  1594.0235473 |        0.0 |
| 270 | 13058.5034186 | 2084.07626806 | 2295.21285307 |  148463026.95 | 5436188.47988 | 344.947472197 |  3.34900458443 | 1598.43784541 |        0.0 |
| 271 |  12542.325634 | 1976.91988074 | 1981.60881441 | 140716076.228 | 4326687.35126 | 351.645481366 |  3.34900458443 | 1603.09516729 |        0.0 |
| 272 | 13674.4447928 |  2159.2470639 | 2163.25418607 | 143840528.893 |  4258247.6277 |  358.62257425 |   3.6280882998 | 1607.84116436 |        0.0 |
| 273 | 13102.0328337 | 2110.70225096 | 2109.72385604 | 138840407.581 | 4202657.13267 | 365.878750849 |   3.6280882998 | 1612.95475781 |        0.0 |
| 274 | 14202.8945242 | 2309.10586583 | 2311.22543493 | 143944085.083 | 4210400.68428 | 373.134927449 |   3.6280882998 | 1617.88704383 |        0.0 |
| 275 | 14247.2032021 | 2307.75791026 |  2310.2717122 | 140242875.947 | 4417132.39577 | 380.391104049 |   3.6280882998 |  1622.9494999 |        0.0 |
| 276 | 14985.0023432 | 2443.97479692 | 2452.36235823 | 142644947.037 |  4543867.6832 | 387.647280648 |   3.6280882998 | 1627.92670669 |        0.0 |
| 277 |  14972.365407 | 2426.79538731 | 2428.96928826 | 138283842.628 | 4530991.48666 | 395.182540963 |  3.90717201517 | 1633.25834959 |        0.0 |
| 278 | 14877.2540003 | 2466.52474584 |  2466.5343794 | 137055090.202 | 4573026.64885 | 402.996884994 |  3.90717201517 | 1638.83703138 |        0.0 |
| 279 | 15124.1730996 | 2442.69237705 | 2506.12841636 |  135088446.38 | 4174779.49711 | 411.090312739 |  4.18625573054 |  1644.6990679 |        0.0 |
| 280 | 16793.2511409 |  2751.4044114 | 2752.80627942 | 139282816.836 | 4732235.69862 |   419.4628242 |  4.18625573054 | 1650.58062669 |        0.0 |
| 281 | 15680.0387766 | 2505.30365437 | 2664.30844672 | 132163840.554 | 4220824.08802 | 427.835335662 |  4.18625573054 | 1656.77899435 |        0.0 |
| 282 | 16463.1352106 | 2638.27475618 | 2762.15856855 | 131507609.348 | 4033051.20784 | 436.486930838 |  4.46533944591 | 1663.21593551 |        0.0 |
| 283 | 18457.7763842 | 3062.40635963 | 2895.20391728 | 137668923.754 | 5069149.38112 |  445.41760973 |  4.46533944591 | 1669.56314438 |        0.0 |
| 284 | 18518.4411508 | 3138.77201991 | 3138.27256942 | 136907932.177 | 4762056.49025 | 454.627372337 |  4.74442316128 | 1676.14508648 |        0.0 |
| 285 | 18459.2141773 | 3086.44931058 | 3303.92794671 | 133382700.103 |   4789315.533 |  464.11621866 |  4.74442316128 | 1683.10570994 |        0.0 |
| 286 | 19943.2296588 | 3366.56207249 | 3392.52588203 | 136292438.505 | 4791129.01145 | 473.884148697 |  5.02350687665 | 1690.11808298 |        0.0 |
| 287 | 20692.9398692 | 3530.16561228 | 3549.14045164 |  135989069.62 | 4906111.03341 | 484.210246166 |  5.30259059202 | 1697.54770039 |        0.0 |
| 288 | 21412.7998267 |  3661.6144863 | 3718.59032311 | 134881459.326 |  4865146.9605 | 495.094511066 |  5.58167430739 |  1705.4432266 |        0.0 |
| 289 |  20669.631839 | 3477.18715788 |  3487.5921846 | 129090937.905 | 3436861.40873 | 506.536943396 |  5.86075802276 | 1714.11597663 |        0.0 |
| 290 | 24088.7123786 | 4205.06286281 | 4201.91165716 | 138258484.513 |  5034944.5524 | 518.537543157 |  6.13984173813 | 1722.60866899 |        0.0 |
| 291 | 22998.4844369 | 3930.13623884 | 3942.30606259 | 125114595.696 | 3804240.02698 | 531.375394064 |  6.69800916887 | 1732.64831924 |        0.0 |
| 292 | 26399.2191201 | 4559.56145165 | 4822.03966752 | 132303644.542 | 4359618.95275 | 545.608663547 |  7.53526031498 | 1743.17440967 |        0.0 |
| 293 | 27876.3957533 |  4932.1272847 | 4945.24469183 | 125904058.977 | 3753760.50363 | 561.795519039 |  8.65159517646 | 1755.75372463 |        0.0 |
| 294 | 31838.2900545 | 5659.48980134 | 5680.36439168 | 127761343.986 | 3872267.15535 | 580.215044253 |  9.76793003793 | 1769.86002712 |        0.0 |
| 295 | 34660.3592233 | 6225.65205751 | 6249.14875509 | 122562981.605 | 4026512.26046 | 601.983574052 |  12.0005997609 | 1787.23819602 |        0.0 |
| 296 | 42828.6398865 | 7748.86401365 | 7783.16231367 | 126043555.414 | 3993580.65014 | 628.496527012 |  14.5123531992 | 1807.81944322 |        0.0 |
| 297 | 52059.8546652 | 9984.71972467 | 10111.4115093 |  114537801.18 | 3277488.65288 | 663.940158864 |  20.9312786527 | 1838.09719387 |        0.0 |
| 298 | 75647.8174177 | 14954.1681559 | 15123.0760139 | 111623538.433 | 3370564.48301 |   720.8732368 |  36.0017992827 |  1888.0020848 |        0.0 |
| 299 | 103891.944462 | 19293.8518766 | 19293.8518766 | 71294394.2099 |  886163.83401 | 866.554936222 |   109.67990014 |  2087.9347929 |        0.0 |
| 300 |  79458.895234 | 30998.0582653 | 26037.1443873 |   46973089.28 | 1137754.21243 | 1219.03766873 |  242.802832371 | 2822.14929084 |        0.0 |
| 301 |           0.0 |           0.0 |           0.0 |           0.0 |           0.0 | 2082.14095741 |  620.300456309 |           inf |        0.0 |
| 302 | 164.307350891 | 21.0364160302 | 21.0364160302 | 120224436.541 | 1355587.03862 |  3.6280882998 |   3.6280882998 |           inf |        0.0 |
| 303 | 179.266625763 | 27.3066480326 | 27.6476859083 |  104831452.07 | 1321563.26234 | 8.93067889183 |  1.67450229222 |           inf |        0.0 |
| 304 | 182.508733307 | 27.6346182741 | 27.7054544209 | 101396803.585 | 1024904.41823 | 12.0005997609 |  1.39541857685 |           inf |        0.0 |
| 305 | 185.717858326 | 28.6672979936 | 28.7590161972 | 100892109.383 | 1075400.94825 | 14.5123531992 |  1.11633486148 |           inf |        0.0 |
| 306 |  198.76804381 | 29.0596819513 | 29.1677749481 | 102120645.265 | 1053625.58196 | 16.7450229222 |  1.11633486148 |           inf |        0.0 |
| 307 | 219.259104673 | 33.3289314217 | 33.4971552788 | 107895944.951 | 1741713.35525 | 18.6986089298 | 0.837251146109 |           inf |        0.0 |
| 308 | 226.699133047 | 34.4306177437 | 34.6042873925 |  107238136.86 | 1688071.14045 |  20.373111222 | 0.837251146109 |           inf |        0.0 |
| 309 | 238.514139075 | 35.3803649359 | 35.5639484629 |  108978319.34 |  1642777.7076 | 22.0476135142 | 0.837251146109 |           inf |        0.0 |
| 310 | 244.718813669 | 35.5936350958 | 35.7674216939 | 108688569.264 | 1609195.36709 | 23.7221158064 | 0.837251146109 |           inf |        0.0 |
| 311 | 258.286492971 | 37.1675874482 | 37.3072366289 | 110431064.993 | 1556949.49213 | 25.3966180986 | 0.837251146109 |           inf |        0.0 |
| 312 |  284.85989278 | 40.2531246363 | 40.4910023981 | 113961314.589 | 1563026.96631 | 27.0711203908 | 0.837251146109 |           inf |        0.0 |
| 313 |  303.99534339 | 42.6215887086 | 42.8368187215 | 115748682.228 | 1548916.70745 | 28.7456226831 | 0.837251146109 |           inf |        0.0 |
| 314 | 314.767495367 | 44.2842040573 | 44.4934389757 | 116496719.943 | 1531775.05797 | 30.4201249753 | 0.837251146109 |           inf |        0.0 |
| 315 | 333.226964998 | 46.1555310708 |  46.749067944 | 118081971.589 | 1687011.38855 | 32.0946272675 | 0.837251146109 |           inf |        0.0 |
| 316 | 347.924990363 | 48.7230272549 | 49.1453280149 | 117326972.587 | 1666549.43312 | 33.7691295597 | 0.837251146109 |           inf |        0.0 |
| 317 | 365.619232413 | 51.9904075421 | 52.6596252851 | 117212361.332 | 1796329.38372 | 35.4436318519 | 0.837251146109 |           inf |        0.0 |
| 318 | 406.756165476 | 58.2659839519 | 59.1238828563 |  119826092.17 | 2150969.79383 | 37.1181341441 | 0.837251146109 |           inf |        0.0 |
| 319 | 457.805943911 | 63.0195830119 | 64.2424235854 | 118860630.498 | 1905385.85227 | 39.0717201517 |  1.11633486148 |           inf |        0.0 |
| 320 | 557.101353298 | 76.0295516747 | 77.9025978171 | 118136312.813 | 1950903.71787 | 41.5834735901 |  1.39541857685 |           inf |        0.0 |
| 321 | 626.528126646 | 91.0651216567 | 91.6169277893 | 116554916.997 | 1759446.82443 | 44.3743107438 |  1.39541857685 |           inf |        0.0 |
| 322 | 685.337719286 | 97.4279752214 | 97.9907785353 | 113876101.229 | 1666099.36465 | 47.4442316128 |  1.67450229222 |           inf |        0.0 |
| 323 | 749.121552865 |  106.44924782 | 107.094610346 | 115532514.101 | 1698011.38176 | 50.7932361973 |  1.67450229222 |           inf |        0.0 |
| 324 | 833.968403393 | 119.476517357 | 120.958917559 | 117316462.429 |  1854633.2882 | 54.1422407817 |  1.67450229222 |           inf |        0.0 |
| 325 | 910.481435387 | 129.385999534 | 131.602337296 | 119345792.752 | 2179073.25154 | 57.4912453661 |  1.67450229222 |           inf |        0.0 |
| 326 | 1031.33018373 | 143.307593726 | 144.889429226 | 119687020.829 | 2190634.17729 | 61.1193336659 |  1.95358600759 |           inf |        0.0 |
| 327 | 1149.50403971 | 162.463764563 |  163.68458139 | 120558360.289 | 2372657.47108 | 65.0265056811 |  1.95358600759 |           inf |        0.0 |
| 328 | 1349.07107944 | 187.474610319 | 187.964424575 | 125815543.887 |   2301697.494 | 69.2127614116 |  2.23266972296 |           inf |        0.0 |
| 329 | 1454.56768761 | 201.245320497 | 202.216377417 | 125628162.986 | 2395447.74724 | 73.6781008576 |  2.23266972296 |           inf |        0.0 |
| 330 | 1575.84452182 | 221.858573396 | 222.751053771 | 127962389.959 | 2396592.87295 | 78.1434403035 |  2.23266972296 |           inf |        0.0 |
| 331 | 1682.99038957 | 237.029963712 | 238.119974241 | 128108021.632 | 2496021.36123 | 82.6087797494 |  2.23266972296 |           inf |        0.0 |
| 332 | 1895.45978927 | 259.099685736 | 260.470125152 | 127990496.891 | 2428803.00814 | 87.3532029107 |  2.51175343833 |           inf |        0.0 |
| 333 | 2042.06914096 |  284.86114506 | 285.926927077 | 129367654.109 | 2433349.09479 | 92.3767097873 |  2.51175343833 |           inf |        0.0 |
| 334 | 2225.21456211 | 311.788146684 | 314.832624474 | 131109878.587 | 2545575.73777 |  97.400216664 |  2.51175343833 |           inf |        0.0 |
| 335 | 2359.63963446 | 323.702649855 | 324.865273161 | 129017854.025 | 2379481.57502 | 102.702807256 |   2.7908371537 |           inf |        0.0 |
| 336 | 2580.67160386 | 361.127017485 | 362.688094263 | 129529464.143 | 2539305.86014 | 108.284481563 |   2.7908371537 |           inf |        0.0 |
| 337 | 2834.62712734 | 389.741914944 | 393.754736556 | 132035487.042 | 2517963.63717 | 114.145239586 |  3.06992086906 |           inf |        0.0 |
| 338 | 2997.19344051 |  414.45546532 |  416.55082589 | 130345489.338 |  2442791.4526 | 120.285081324 |  3.06992086906 |           inf |        0.0 |
| 339 | 3214.42208276 | 452.415388974 | 454.265173707 | 130088607.792 | 2491719.21887 | 126.424923062 |  3.06992086906 |           inf |        0.0 |
| 340 |  3406.3303224 | 482.743766578 | 496.971653999 | 132279040.831 | 2914915.76644 | 132.564764801 |  3.06992086906 |           inf |        0.0 |
| 341 |  3734.9653056 | 519.857606818 | 544.521915919 | 133502796.739 |  3374470.9671 | 138.983690254 |  3.34900458443 |           inf |        0.0 |
| 342 | 3857.77769195 | 537.349308362 | 546.988810835 | 131124360.114 | 2776861.70147 | 145.681699423 |  3.34900458443 |           inf |        0.0 |
| 343 | 4149.80628191 | 579.003805529 | 591.926451789 | 132051435.975 | 2770060.76662 | 152.658792307 |   3.6280882998 |           inf |        0.0 |
| 344 | 4475.66466743 | 634.646015584 |  647.31108608 | 131394620.254 | 2862409.60709 | 159.914968907 |   3.6280882998 |           inf |        0.0 |
| 345 | 4781.49441652 | 677.178461157 | 691.935655443 | 131446231.297 | 2879924.74394 | 167.450229222 |  3.90717201517 |           inf |        0.0 |
| 346 | 5026.01536591 | 729.679917862 | 732.907142199 | 129774182.233 | 2560846.43416 | 175.543656967 |  4.18625573054 |           inf |        0.0 |
| 347 | 5700.71230398 | 813.829803195 | 834.051430251 | 132330348.999 | 2952271.11496 | 184.195252144 |  4.46533944591 |           inf |        0.0 |
| 348 |   6253.234988 | 897.739579532 | 930.230347729 | 134114354.042 | 3348507.62798 | 193.405014751 |  4.74442316128 |           inf |        0.0 |
| 349 | 6588.23731732 |  942.88286933 | 974.603128122 | 131442319.759 | 3115924.01627 | 203.172944789 |  5.02350687665 |           inf |        0.0 |
| 350 | 7520.88242895 | 1095.44177367 | 1117.68393009 | 135321304.868 | 3605436.76103 | 213.778125973 |  5.58167430739 |           inf |        0.0 |
| 351 | 8213.86942459 | 1248.17548112 | 1250.32690246 | 136836575.664 | 3939589.31388 | 224.941474588 |  5.58167430739 |           inf |        0.0 |
| 352 | 8881.86278827 | 1311.26457652 | 1329.91855131 | 135439502.028 | 3860754.31696 | 236.662990633 |  6.13984173813 |           inf |        0.0 |
| 353 |  9471.2225019 | 1383.31611977 | 1426.16498403 |  131599659.59 | 3238097.85096 |  249.50084154 |  6.69800916887 |           inf |        0.0 |
| 354 | 10285.7262271 | 1528.57396497 | 1546.08862527 | 130164196.873 | 3038052.85669 | 263.734111024 |  7.53526031498 |           inf |        0.0 |
| 355 | 11250.0721827 | 1705.07899434 | 1730.49134019 | 130513554.147 | 3073388.82725 |  279.08371537 |  7.81434403035 |           inf |        0.0 |
| 356 | 12658.2069185 | 1932.19386653 | 1979.22344934 | 131831122.632 | 3239746.12492 | 295.549654576 |  8.65159517646 |           inf |        0.0 |
| 357 | 14273.2248319 | 2227.83965269 | 2238.60098033 | 129183975.534 | 3073081.51781 | 314.248263506 |  10.0470137533 |           inf |        0.0 |
| 358 | 15255.3225604 | 2415.67179263 | 2420.87734597 | 123918138.523 | 3332690.45894 | 334.900458443 |   10.605181184 |           inf |        0.0 |
| 359 | 15948.5994767 | 2606.12093653 | 2610.52089361 | 121116653.544 |  3314499.2823 | 356.948071958 |  11.4424323302 |           inf |        0.0 |
| 360 |  18519.210498 | 3069.23031881 | 3075.98803794 | 123755284.207 | 3367812.93824 | 380.949271479 |  12.5587671916 |           inf |        0.0 |
| 361 | 20819.7751722 |   3534.065133 | 3548.90743483 | 123547944.325 |  3456432.4242 | 407.741308155 |  14.2332694838 |           inf |        0.0 |
| 362 | 23967.1011859 | 4105.35822694 | 4119.00183834 | 123284691.313 | 3437142.88534 | 438.719600561 |  16.7450229222 |           inf |        0.0 |
| 363 | 27060.9084975 | 4770.19597887 | 4964.17807449 | 119543904.593 |  3846697.5022 | 474.721399844 |  19.2567763605 |           inf |        0.0 |
| 364 | 34296.8676456 | 6027.38342367 | 6232.95884602 |  116123768.87 | 3388724.90611 | 520.491129164 |  26.5129529601 |           inf |        0.0 |
| 365 | 51386.0112211 | 9797.51397863 | 10410.1346145 | 117201285.617 |  3836673.0487 | 593.611062591 |  46.6069804667 |           inf |        0.0 |
| 366 | 67570.0722231 | 29175.2767965 | 31426.8736197 | 44226855.5896 | 1368744.78596 | 1671.32972839 |  1031.11168533 |           inf |        0.0 |
