# Fit results (zeros indicate that no fitting was performed)
# Reg_no. kT1 kT1_loerr kT1_hierr Z1 Z1_loerr Z1_hierr norm1 norm1_loerr norm1_hierr nH_Gal nH_loerr nH_hierr red_chisq total_counts num_bins model
      0  6.4336 -0.3079  0.3066  1.2800 -0.1790  0.1923 5.6708e-05 -2.1525e-06 2.1556e-06  0.3100  0.0000  0.0000  1.2508  10524.5      230     '1T'
      1  5.6779 -0.1951  0.1946  0.8786 -0.0809  0.0842 1.8054e-04 -3.7103e-06 3.7169e-06  0.3100  0.0000  0.0000  1.3839  29814.1      363     '1T'
      2  5.3214 -0.1377  0.1601  0.6736 -0.0674  0.0695 1.9831e-04 -3.8151e-06 3.8519e-06  0.3100  0.0000  0.0000  1.1530  30573.3      350     '1T'
      3  5.5705 -0.2102  0.2107  0.7132 -0.0759  0.0790 1.6699e-04 -3.4559e-06 3.4671e-06  0.3100  0.0000  0.0000  1.2376  26295.0      345     '1T'
      4  5.4985 -0.1756  0.2015  0.6584 -0.0692  0.0716 1.8525e-04 -3.6011e-06 3.6209e-06  0.3100  0.0000  0.0000  1.0649  28907.2      352     '1T'
      5  6.1585 -0.1936  0.1927  0.8742 -0.0859  0.0891 1.7753e-04 -3.6734e-06 3.6924e-06  0.3100  0.0000  0.0000  1.1832  29532.2      361     '1T'
      6  6.1011 -0.1988  0.1996  0.6414 -0.0721  0.0748 1.9012e-04 -3.5862e-06 3.5966e-06  0.3100  0.0000  0.0000  1.2252  30236.9      358     '1T'
      7  6.2454 -0.1948  0.1952  0.6405 -0.0691  0.0712 2.0234e-04 -3.6255e-06 3.6380e-06  0.3100  0.0000  0.0000  1.1826  32565.6      367     '1T'
      8  6.3972 -0.2134  0.2138  0.6881 -0.0811  0.0840 1.6180e-04 -3.2863e-06 3.3055e-06  0.3100  0.0000  0.0000  1.3498  26320.3      348     '1T'
      9  6.0816 -0.2100  0.2104  0.7039 -0.0805  0.0837 1.6552e-04 -3.4378e-06 3.4479e-06  0.3100  0.0000  0.0000  1.1055  26255.9      342     '1T'
     10  6.3835 -0.2051  0.2057  0.7308 -0.0814  0.0844 1.7552e-04 -3.5168e-06 3.5248e-06  0.3100  0.0000  0.0000  1.1971  27807.6      349     '1T'
     11  6.5434 -0.2107  0.2108  0.7097 -0.0810  0.0839 1.7563e-04 -3.4776e-06 3.4884e-06  0.3100  0.0000  0.0000  1.1384  27015.1      351     '1T'
     12  6.4135 -0.2178  0.2193  0.5715 -0.0738  0.0763 1.8235e-04 -3.4978e-06 3.5102e-06  0.3100  0.0000  0.0000  1.1049  26802.6      346     '1T'
     13  6.4873 -0.2194  0.2196  0.6652 -0.0811  0.0841 1.7832e-04 -3.6160e-06 3.6257e-06  0.3100  0.0000  0.0000  1.1648  25700.8      346     '1T'
     14  6.5017 -0.2220  0.2232  0.5788 -0.0759  0.0786 1.8867e-04 -3.6858e-06 3.6983e-06  0.3100  0.0000  0.0000  1.1112  25883.1      345     '1T'
     15  6.6018 -0.1989  0.1998  0.5897 -0.0684  0.0705 2.5445e-04 -4.4264e-06 4.4395e-06  0.3100  0.0000  0.0000  1.2026  32599.7      369     '1T'
     16  6.5030 -0.1962  0.1968  0.7001 -0.0758  0.0785 2.4594e-04 -4.5902e-06 4.6033e-06  0.3100  0.0000  0.0000  1.0718  31320.5      367     '1T'
     17  6.5907 -0.2116  0.2124  0.5645 -0.0729  0.0753 2.3721e-04 -4.4236e-06 4.4535e-06  0.3100  0.0000  0.0000  1.2241  28904.8      358     '1T'
     18  6.5697 -0.2180  0.2184  0.6032 -0.0753  0.0779 2.2864e-04 -4.3705e-06 4.3855e-06  0.3100  0.0000  0.0000  1.0869  27195.2      351     '1T'
     19  6.7326 -0.2311  0.2984  0.5654 -0.0771  0.0796 2.1033e-04 -4.0783e-06 4.0952e-06  0.3100  0.0000  0.0000  1.0445  25113.8      348     '1T'
     20  7.1686 -0.3216  0.3223  0.5457 -0.0719  0.0745 2.5371e-04 -4.4473e-06 4.4435e-06  0.3100  0.0000  0.0000  1.0779  30763.8      367     '1T'
     21  6.9558 -0.2380  0.3365  0.5027 -0.0710  0.0734 2.3472e-04 -4.2226e-06 4.2101e-06  0.3100  0.0000  0.0000  1.0936  28526.0      356     '1T'
     22  6.9129 -0.2298  0.3414  0.5644 -0.0751  0.0780 2.1724e-04 -4.0397e-06 4.0360e-06  0.3100  0.0000  0.0000  0.9732  27582.9      357     '1T'
     23  7.4719 -0.3687  0.3703  0.4349 -0.0742  0.0768 1.9415e-04 -3.6023e-06 3.6073e-06  0.3100  0.0000  0.0000  0.9375  25405.0      356     '1T'
     24  7.4285 -0.3434  0.3454  0.4149 -0.0688  0.0706 2.2172e-04 -3.8119e-06 3.8133e-06  0.3100  0.0000  0.0000  0.9523  29334.0      368     '1T'
     25  7.5852 -0.3515  0.3544  0.3106 -0.0643  0.0659 2.2355e-04 -3.7050e-06 3.7082e-06  0.3100  0.0000  0.0000  1.0776  29360.2      364     '1T'
     26  7.6154 -0.3571  0.3615  0.2121 -0.0584  0.0591 2.2648e-04 -3.5155e-06 3.5201e-06  0.3100  0.0000  0.0000  1.2957  29578.6      362     '1T'
     27  7.4925 -0.3745  0.3783  0.2859 -0.0660  0.0674 1.9186e-04 -3.3051e-06 3.3091e-06  0.3100  0.0000  0.0000  0.9303  26005.3      354     '1T'
     28  7.7339 -0.3760  0.3820  0.1768 -0.0595  0.0604 2.0558e-04 -3.2856e-06 3.2781e-06  0.3100  0.0000  0.0000  1.1628  27518.2      361     '1T'
     29  6.8408 -0.2439  0.3532  0.1767 -0.0518  0.0528 2.1808e-04 -3.3177e-06 3.4166e-06  0.3100  0.0000  0.0000  1.1862  29424.3      358     '1T'
     30  7.9478 -0.3924  0.3975  0.2059 -0.0656  0.0666 1.8049e-04 -3.0700e-06 3.0699e-06  0.3100  0.0000  0.0000  1.0054  25263.2      357     '1T'
     31  9.6290 -0.5705  0.5708  0.4411 -0.0912  0.0944 1.8313e-04 -3.4301e-06 3.4316e-06  0.3100  0.0000  0.0000  1.0935  27000.6      364     '1T'
     32 10.2073 -0.5997  0.6034  0.3812 -0.0960  0.0978 1.7299e-04 -3.2966e-06 3.3007e-06  0.3100  0.0000  0.0000  0.9312  25577.1      364     '1T'
     33  9.9187 -0.5966  0.5990  0.3556 -0.0921  0.0941 1.7078e-04 -3.2147e-06 3.2217e-06  0.3100  0.0000  0.0000  1.0311  25471.5      359     '1T'
     34  9.2377 -0.5938  0.5983  0.3528 -0.0860  0.0875 1.7446e-04 -3.2007e-06 3.2092e-06  0.3100  0.0000  0.0000  1.0056  25719.3      360     '1T'
     35  9.7320 -0.5908  0.5953  0.3552 -0.0907  0.0919 1.7781e-04 -3.3018e-06 3.3118e-06  0.3100  0.0000  0.0000  1.0452  26173.7      361     '1T'
     36  9.7381 -0.5808  0.5830  0.4047 -0.0923  0.0945 1.8070e-04 -3.3968e-06 3.4016e-06  0.3100  0.0000  0.0000  0.9970  26562.9      363     '1T'
     37  9.4638 -0.5964  0.6020  0.2994 -0.0854  0.0862 1.8577e-04 -3.3416e-06 3.3480e-06  0.3100  0.0000  0.0000  1.0104  26454.6      362     '1T'
     38  9.0482 -0.5258  0.5858  0.3748 -0.0847  0.0862 1.9106e-04 -3.4665e-06 3.4719e-06  0.3100  0.0000  0.0000  1.0013  26660.9      361     '1T'
     39  9.2636 -0.5920  0.5962  0.2606 -0.0806  0.0814 1.9144e-04 -3.3654e-06 3.3732e-06  0.3100  0.0000  0.0000  1.0558  26470.8      365     '1T'
     40  9.1969 -0.5793  0.5814  0.3842 -0.0848  0.0870 1.8993e-04 -3.4482e-06 3.4508e-06  0.3100  0.0000  0.0000  0.9467  26984.7      366     '1T'
     41  9.7984 -0.5937  0.5977  0.2590 -0.0843  0.0857 1.9077e-04 -3.3852e-06 3.3871e-06  0.3100  0.0000  0.0000  1.0134  26794.2      360     '1T'
     42  9.1914 -0.5830  0.5923  0.2525 -0.0780  0.0787 1.9034e-04 -3.2684e-06 3.2759e-06  0.3100  0.0000  0.0000  1.1140  26990.7      365     '1T'
     43  9.4131 -0.5853  0.5884  0.3187 -0.0844  0.0858 1.8462e-04 -3.3146e-06 3.3164e-06  0.3100  0.0000  0.0000  1.1997  27020.3      366     '1T'
     44  8.7454 -0.4117  0.5934  0.2908 -0.0781  0.0796 1.8016e-04 -3.1753e-06 3.1797e-06  0.3100  0.0000  0.0000  0.9511  26315.8      365     '1T'
     45  9.3422 -0.6074  0.6124  0.2154 -0.0808  0.0815 1.7956e-04 -3.1702e-06 3.1717e-06  0.3100  0.0000  0.0000  1.1080  25898.6      364     '1T'
     46  9.1866 -0.5852  0.5952  0.3512 -0.0857  0.0877 1.7504e-04 -3.2136e-06 3.2145e-06  0.3100  0.0000  0.0000  1.0934  26318.8      365     '1T'
     47  9.2342 -0.6076  0.6121  0.2406 -0.0825  0.0834 1.7682e-04 -3.1837e-06 3.1898e-06  0.3100  0.0000  0.0000  1.0482  25638.4      365     '1T'
     48  9.8775 -0.6178  0.6210  0.2282 -0.0889  0.0901 1.7295e-04 -3.2125e-06 3.2212e-06  0.3100  0.0000  0.0000  1.0771  25089.7      363     '1T'
     49  9.9875 -0.5895  0.5921  0.2825 -0.0862  0.0878 1.8609e-04 -3.3111e-06 3.3151e-06  0.3100  0.0000  0.0000  1.1288  27759.2      372     '1T'
     50  9.8956 -0.5968  0.6003  0.3432 -0.0933  0.0952 1.7616e-04 -3.3233e-06 3.3227e-06  0.3100  0.0000  0.0000  1.1403  26761.4      369     '1T'
     51  9.9015 -0.5953  0.5971  0.3082 -0.0901  0.0925 1.7676e-04 -3.2813e-06 3.2752e-06  0.3100  0.0000  0.0000  1.0536  26791.5      372     '1T'
     52  9.5658 -0.5937  0.5968  0.2576 -0.0849  0.0864 1.7939e-04 -3.2261e-06 3.2276e-06  0.3100  0.0000  0.0000  1.1700  27138.4      366     '1T'
     53  9.3733 -0.5936  0.5971  0.3215 -0.0877  0.0895 1.7827e-04 -3.2912e-06 3.2951e-06  0.3100  0.0000  0.0000  1.1140  26889.7      370     '1T'
     54 10.8483 -0.5281  0.9644  0.1145 -0.0910  0.0921 1.8347e-04 -3.3317e-06 3.7278e-06  0.3100  0.0000  0.0000  1.0850  26237.9      368     '1T'
     55  9.8620 -0.6027  0.6037  0.3320 -0.0935  0.0962 1.7563e-04 -3.3571e-06 3.3538e-06  0.3100  0.0000  0.0000  1.0940  26163.3      369     '1T'
     56 10.0632 -0.6246  0.6282  0.2067 -0.0901  0.0910 1.7432e-04 -3.2219e-06 3.2273e-06  0.3100  0.0000  0.0000  1.0371  25697.2      369     '1T'
     57 10.1222 -0.6218  0.6271  0.2744 -0.0959  0.0970 1.6931e-04 -3.2428e-06 3.2485e-06  0.3100  0.0000  0.0000  1.0631  25636.0      372     '1T'
     58  9.4886 -0.6234  0.6273  0.3169 -0.0942  0.0958 1.6371e-04 -3.1895e-06 3.1957e-06  0.3100  0.0000  0.0000  1.1622  25140.1      365     '1T'
     59  9.8001 -0.6374  0.6428  0.2263 -0.0922  0.0927 1.7063e-04 -3.2267e-06 3.2340e-06  0.3100  0.0000  0.0000  1.0707  25191.2      365     '1T'
     60 10.1542 -0.6384  0.6425  0.2572 -0.0980  0.0995 1.6856e-04 -3.3045e-06 3.3100e-06  0.3100  0.0000  0.0000  1.0284  24948.0      368     '1T'
     61  9.9101 -0.6187  0.6241  0.1375 -0.0865  0.0868 1.8983e-04 -3.3908e-06 3.3945e-06  0.3100  0.0000  0.0000  1.1071  27412.9      371     '1T'
     62  9.3032 -0.6226  0.6284  0.1479 -0.0810  0.0810 1.8329e-04 -3.2150e-06 3.2196e-06  0.3100  0.0000  0.0000  1.0671  26887.3      375     '1T'
     63  9.5554 -0.6236  0.6270  0.2633 -0.0922  0.0937 1.6937e-04 -3.2353e-06 3.2435e-06  0.3100  0.0000  0.0000  1.1222  26027.0      368     '1T'
     64  9.9004 -0.6303  0.6338  0.2657 -0.0954  0.0970 1.6610e-04 -3.2177e-06 3.2206e-06  0.3100  0.0000  0.0000  1.0352  25532.4      370     '1T'
     65  9.9914 -0.6272  0.6347  0.2061 -0.0937  0.0937 1.8090e-04 -3.3729e-06 3.3786e-06  0.3100  0.0000  0.0000  0.8833  27408.5      379     '1T'
     66  9.6651 -0.6230  0.6271  0.1988 -0.0895  0.0902 1.7621e-04 -3.2617e-06 3.2712e-06  0.3100  0.0000  0.0000  0.9556  26904.6      377     '1T'
     67  9.9098 -0.6174  0.6191  0.2819 -0.0944  0.0967 1.7495e-04 -3.3494e-06 3.3543e-06  0.3100  0.0000  0.0000  1.0613  26974.4      382     '1T'
     68  8.5465 -0.4228  0.5602  0.1691 -0.0775  0.0787 1.7565e-04 -3.1661e-06 3.1650e-06  0.3100  0.0000  0.0000  1.0076  26416.3      374     '1T'
     69  9.8101 -0.6397  0.6438  0.2212 -0.0952  0.0964 1.6964e-04 -3.2871e-06 3.2932e-06  0.3100  0.0000  0.0000  1.0414  25852.4      372     '1T'
     70  9.8725 -0.6422  0.6467  0.1429 -0.0921  0.0930 1.7458e-04 -3.3064e-06 3.3116e-06  0.3100  0.0000  0.0000  0.9968  26058.2      377     '1T'
     71  9.4417 -0.6450  0.6504  0.2384 -0.0953  0.0962 1.6953e-04 -3.3228e-06 3.3310e-06  0.3100  0.0000  0.0000  0.9259  25695.6      379     '1T'
     72  9.8731 -0.6611  0.6691  0.0615 -0.0615  0.0902 1.6874e-04 -3.1486e-06 3.0953e-06  0.3100  0.0000  0.0000  0.9380  25449.5      378     '1T'
     73  9.8976 -0.6308  0.6344  0.2089 -0.0935  0.0948 1.8043e-04 -3.4229e-06 3.4256e-06  0.3100  0.0000  0.0000  1.0040  27257.6      386     '1T'
     74 10.7352 -0.6758  1.4456  0.0917 -0.0917  0.1028 1.7102e-04 -3.3511e-06 4.5224e-06  0.3100  0.0000  0.0000  1.1077  25478.2      380     '1T'
     75  9.8488 -0.6503  0.6546  0.2111 -0.0968  0.0982 1.6810e-04 -3.3001e-06 3.3014e-06  0.3100  0.0000  0.0000  0.9709  25714.8      381     '1T'
     76  9.8197 -0.6515  0.6561  0.2138 -0.0969  0.0986 1.6517e-04 -3.2648e-06 3.2629e-06  0.3100  0.0000  0.0000  1.0377  25561.5      380     '1T'
     77  9.6349 -0.6437  0.6469  0.2234 -0.0949  0.0972 1.6762e-04 -3.2910e-06 3.2896e-06  0.3100  0.0000  0.0000  1.0085  25998.6      379     '1T'
     78  9.1238 -0.5939  0.6571  0.2145 -0.0925  0.0939 1.6466e-04 -3.2269e-06 3.2285e-06  0.3100  0.0000  0.0000  1.0181  25409.2      375     '1T'
     79  9.5169 -0.6488  0.6513  0.2075 -0.0941  0.0960 1.6487e-04 -3.2373e-06 3.2403e-06  0.3100  0.0000  0.0000  1.0903  25706.5      379     '1T'
     80  8.9580 -0.5009  0.6446  0.3200 -0.0963  0.0994 1.6222e-04 -3.2980e-06 3.2979e-06  0.3100  0.0000  0.0000  1.0245  25574.5      384     '1T'
     81  8.7380 -0.4531  0.6585  0.2242 -0.0911  0.0928 1.6282e-04 -3.2133e-06 3.2188e-06  0.3100  0.0000  0.0000  0.8996  25322.0      383     '1T'
     82  8.1073 -0.4277  0.4319  0.2466 -0.0829  0.0854 1.6581e-04 -3.2637e-06 3.2655e-06  0.3100  0.0000  0.0000  1.1020  25762.2      385     '1T'
     83  8.5476 -0.4191  0.6663  0.2647 -0.0882  0.0893 1.7503e-04 -3.3740e-06 3.3723e-06  0.3100  0.0000  0.0000  1.0286  27261.3      387     '1T'
     84  8.5431 -0.4319  0.6108  0.2213 -0.0857  0.0879 1.7031e-04 -3.3323e-06 3.3348e-06  0.3100  0.0000  0.0000  1.1137  26223.4      386     '1T'
     85  8.1305 -0.4216  0.4259  0.2892 -0.0866  0.0895 1.6715e-04 -3.3363e-06 3.3372e-06  0.3100  0.0000  0.0000  1.1208  26359.3      384     '1T'
     86  8.3517 -0.4386  0.5385  0.1826 -0.0835  0.0853 1.7072e-04 -3.3030e-06 3.2969e-06  0.3100  0.0000  0.0000  1.0382  26244.8      388     '1T'
     87  8.9383 -0.5346  0.6652  0.2546 -0.0957  0.0977 1.6210e-04 -3.2850e-06 3.2887e-06  0.3100  0.0000  0.0000  1.0267  25387.4      386     '1T'
     88  8.1601 -0.4406  0.4463  0.2101 -0.0840  0.0861 1.6709e-04 -3.2890e-06 3.2771e-06  0.3100  0.0000  0.0000  1.0704  25694.0      390     '1T'
     89  8.0123 -0.4354  0.4384  0.2608 -0.0880  0.0909 1.6493e-04 -3.3948e-06 3.3990e-06  0.3100  0.0000  0.0000  0.9498  25420.9      383     '1T'
     90  8.6409 -0.4421  0.6505  0.2306 -0.0913  0.0933 1.7658e-04 -3.4790e-06 3.4871e-06  0.3100  0.0000  0.0000  1.1197  27018.5      389     '1T'
     91  8.2804 -0.4456  0.4714  0.2356 -0.0902  0.0928 1.6458e-04 -3.3806e-06 3.3796e-06  0.3100  0.0000  0.0000  0.9798  25344.8      384     '1T'
     92  7.9514 -0.4443  0.4502  0.1415 -0.0801  0.0816 1.7300e-04 -3.3515e-06 3.3508e-06  0.3100  0.0000  0.0000  1.1920  25975.9      385     '1T'
     93  8.1083 -0.4423  0.4480  0.1977 -0.0855  0.0875 1.7170e-04 -3.4311e-06 3.4254e-06  0.3100  0.0000  0.0000  1.0516  25910.0      387     '1T'
     94  8.4211 -0.4454  0.6369  0.2411 -0.0918  0.0946 1.6900e-04 -3.4881e-06 3.4875e-06  0.3100  0.0000  0.0000  0.9572  25525.0      390     '1T'
     95  7.8823 -0.4448  0.4499  0.1813 -0.0806  0.0826 1.7501e-04 -3.4450e-06 3.4449e-06  0.3100  0.0000  0.0000  1.1159  25782.6      389     '1T'
     96  7.3115 -0.4345  0.4382  0.2697 -0.0813  0.0844 1.7028e-04 -3.5032e-06 3.4998e-06  0.3100  0.0000  0.0000  1.0492  25181.6      383     '1T'
     97  8.1951 -0.4451  0.4744  0.1228 -0.0800  0.0815 1.8617e-04 -3.5544e-06 3.5532e-06  0.3100  0.0000  0.0000  1.0861  27066.9      400     '1T'
     98  7.9298 -0.4342  0.4394  0.1780 -0.0819  0.0839 1.8731e-04 -3.6656e-06 3.6652e-06  0.3100  0.0000  0.0000  1.0579  27341.0      395     '1T'
     99  7.8495 -0.4431  0.4477  0.2581 -0.0873  0.0902 1.7150e-04 -3.5483e-06 3.5502e-06  0.3100  0.0000  0.0000  1.0021  25344.9      396     '1T'
    100  7.4799 -0.4332  0.4370  0.2678 -0.0824  0.0854 1.7846e-04 -3.6349e-06 3.6316e-06  0.3100  0.0000  0.0000  1.0552  26490.4      398     '1T'
    101  7.4925 -0.4331  0.4367  0.2263 -0.0808  0.0838 1.8218e-04 -3.6942e-06 3.6894e-06  0.3100  0.0000  0.0000  1.1073  26704.4      396     '1T'
    102  7.2075 -0.4007  0.4300  0.2421 -0.0772  0.0801 1.8615e-04 -3.6926e-06 3.6714e-06  0.3100  0.0000  0.0000  1.0820  27203.6      401     '1T'
    103  7.4614 -0.4390  0.4444  0.1290 -0.0753  0.0770 1.8864e-04 -3.6313e-06 3.6267e-06  0.3100  0.0000  0.0000  1.1748  26907.8      396     '1T'
    104  7.2223 -0.4117  0.4313  0.2724 -0.0812  0.0842 1.8333e-04 -3.7546e-06 3.7469e-06  0.3100  0.0000  0.0000  1.0964  26680.7      400     '1T'
    105  6.9881 -0.3309  0.4315  0.2425 -0.0765  0.0794 1.9133e-04 -3.8210e-06 3.8050e-06  0.3100  0.0000  0.0000  1.0900  27062.8      396     '1T'
    106  6.9253 -0.3098  0.4269  0.2757 -0.0783  0.0807 1.9140e-04 -3.8276e-06 3.8314e-06  0.3100  0.0000  0.0000  1.0413  27196.2      408     '1T'
    107  6.7358 -0.3031  0.4400  0.2382 -0.0768  0.0790 1.8328e-04 -3.7913e-06 3.8319e-06  0.3100  0.0000  0.0000  1.1090  25457.0      388     '1T'
    108  6.8680 -0.3010  0.4374  0.1860 -0.0733  0.0758 1.9704e-04 -3.8825e-06 3.9553e-06  0.3100  0.0000  0.0000  1.0257  26908.5      401     '1T'
    109  6.9731 -0.4477  0.4576  0.1717 -0.0740  0.0761 1.9085e-04 -3.7632e-06 3.7459e-06  0.3100  0.0000  0.0000  1.1862  25844.1      404     '1T'
    110  6.6244 -0.3086  0.4049  0.1890 -0.0734  0.0753 1.9299e-04 -3.9563e-06 4.0009e-06  0.3100  0.0000  0.0000  1.1008  25825.0      401     '1T'
    111  6.3402 -0.3064  0.3100  0.1889 -0.0705  0.0729 1.9070e-04 -4.0552e-06 4.0933e-06  0.3100  0.0000  0.0000  1.1845  25304.1      398     '1T'
    112  6.4261 -0.3068  0.3118  0.1621 -0.0705  0.0727 1.9853e-04 -4.1441e-06 4.1727e-06  0.3100  0.0000  0.0000  1.0328  25915.9      399     '1T'
    113  6.2896 -0.3108  0.3174  0.0699 -0.0649  0.0662 2.1139e-04 -4.2775e-06 4.3260e-06  0.3100  0.0000  0.0000  1.2458  26395.4      405     '1T'
    114  6.4537 -0.3151  0.3210  0.0986 -0.0683  0.0701 2.0567e-04 -4.3199e-06 4.3684e-06  0.3100  0.0000  0.0000  1.1652  25662.4      405     '1T'
    115  6.6230 -0.3218  0.3609  0.1179 -0.0718  0.0738 2.0066e-04 -4.2130e-06 4.2572e-06  0.3100  0.0000  0.0000  1.1723  25723.3      409     '1T'
    116  6.3193 -0.3081  0.3128  0.2082 -0.0744  0.0768 2.0070e-04 -4.3249e-06 4.3704e-06  0.3100  0.0000  0.0000  1.2268  25401.1      406     '1T'
    117  6.2447 -0.3044  0.3085  0.2257 -0.0722  0.0747 2.0762e-04 -4.4548e-06 4.4977e-06  0.3100  0.0000  0.0000  1.1046  25590.8      403     '1T'
    118  5.8850 -0.3032  0.3069  0.2386 -0.0720  0.0746 2.0503e-04 -4.5406e-06 4.5690e-06  0.3100  0.0000  0.0000  1.1591  25086.9      403     '1T'
    119  6.1962 -0.3061  0.3105  0.2092 -0.0722  0.0745 2.0965e-04 -4.4950e-06 4.5394e-06  0.3100  0.0000  0.0000  1.2301  25858.2      408     '1T'
    120  5.5795 -0.2581  0.3070  0.1226 -0.0620  0.0638 2.1971e-04 -4.5605e-06 4.5800e-06  0.3100  0.0000  0.0000  1.1831  25712.5      403     '1T'
    121  6.0231 -0.3111  0.3154  0.1880 -0.0708  0.0738 2.0520e-04 -4.6368e-06 4.6830e-06  0.3100  0.0000  0.0000  1.1686  25268.2      409     '1T'
    122  5.2764 -0.2207  0.2686  0.1394 -0.0611  0.0633 2.0889e-04 -4.8107e-06 4.9222e-06  0.3100  0.0000  0.0000  1.2868  25206.1      406     '1T'
    123  5.1358 -0.2154  0.2190  0.1823 -0.0630  0.0653 2.1509e-04 -5.0334e-06 5.1392e-06  0.3100  0.0000  0.0000  1.2209  24990.1      400     '1T'
    124  5.1096 -0.2174  0.2222  0.1367 -0.0611  0.0631 2.2128e-04 -5.1083e-06 5.2277e-06  0.3100  0.0000  0.0000  1.2349  25034.4      401     '1T'
    125  4.7618 -0.2071  0.2108  0.1711 -0.0598  0.0620 2.2696e-04 -5.3152e-06 5.4226e-06  0.3100  0.0000  0.0000  1.1736  24947.9      401     '1T'
    126  4.9102 -0.2112  0.2155  0.1944 -0.0636  0.0657 2.4060e-04 -5.6626e-06 5.7802e-06  0.3100  0.0000  0.0000  1.1094  24753.5      404     '1T'
    127  5.2186 -0.2217  0.2312  0.2189 -0.0689  0.0713 2.4965e-04 -5.9937e-06 6.1322e-06  0.3100  0.0000  0.0000  1.2010  24400.0      404     '1T'
    128  4.9468 -0.2220  0.2265  0.1294 -0.0641  0.0668 2.8314e-04 -7.0479e-06 7.2003e-06  0.3100  0.0000  0.0000  1.2912  24582.3      412     '1T'
    129  4.8318 -0.2220  0.2262  0.1698 -0.0702  0.0735 3.5950e-04 -9.4319e-06 9.6144e-06  0.3100  0.0000  0.0000  1.4302  24533.6      407     '1T'
    130  4.3984 -0.2119  0.2266  0.1497 -0.0708  0.0745 4.0551e-04 -1.1408e-05 1.2353e-05  0.3100  0.0000  0.0000  1.2887  24385.6      422     '1T'
    131  4.0805 -0.1846  0.1878  0.0452 -0.0452  0.0736 5.2548e-04 -1.7454e-05 1.7252e-05  0.3100  0.0000  0.0000  1.5087  24144.3      435     '1T'
    132  4.2668 -0.1896  0.2655  0.2004 -0.0883  0.0964 5.0324e-04 -1.7991e-05 1.8092e-05  0.3100  0.0000  0.0000  1.5106  24275.0      443     '1T'
    133  4.0120 -0.1881  0.1882  0.2727 -0.0896  0.0988 5.2060e-04 -1.9210e-05 1.9498e-05  0.3100  0.0000  0.0000  2.3351  26807.1      444     '1T'
    134  3.0491 -0.1064  0.1064  0.1740 -0.0415  0.0415 5.8415e-04 -1.5786e-05 1.5786e-05  0.3100  0.0000  0.0000  3.3745  26088.2      444     '1T'
    135  0.7436 -0.0361  0.0372  0.0606 -0.0111  0.0125 1.1670e-03 -1.1919e-04 1.3517e-04  0.3100  0.0000  0.0000  1.4571   6553.7      411     '1T'
    136  7.8555 -0.1855  0.1855  2.5401 -0.1393  0.1393 1.1205e-04 -2.2270e-06 2.2270e-06  0.3100  0.0000  0.0000  3.8393  25336.5      397     '1T'
    137  5.3529 -0.1453  0.3506  1.1032 -0.0987  0.1031 1.4658e-04 -3.5336e-06 3.5508e-06  0.3100  0.0000  0.0000  1.6363  25006.6      341     '1T'
    138  5.0118 -0.1290  0.1296  0.9923 -0.0823  0.0855 1.9148e-04 -4.1519e-06 4.1729e-06  0.3100  0.0000  0.0000  1.4858  30829.6      365     '1T'
    139  4.9362 -0.1440  0.1449  0.8556 -0.0813  0.0846 1.6612e-04 -3.7775e-06 3.8035e-06  0.3100  0.0000  0.0000  1.2469  25587.5      335     '1T'
    140  4.6754 -0.1372  0.1377  0.9044 -0.0824  0.0859 1.6946e-04 -3.9710e-06 3.9991e-06  0.3100  0.0000  0.0000  1.3825  26380.7      330     '1T'
    141  4.6782 -0.1275  0.1279  0.8174 -0.0724  0.0753 2.0870e-04 -4.4240e-06 4.4597e-06  0.3100  0.0000  0.0000  1.2002  31000.0      353     '1T'
    142  4.5620 -0.1247  0.1253  0.6989 -0.0626  0.0647 2.3087e-04 -4.5064e-06 4.5393e-06  0.3100  0.0000  0.0000  1.2317  33223.0      355     '1T'
    143  4.7002 -0.1227  0.1235  0.7552 -0.0656  0.0678 2.3498e-04 -4.6152e-06 4.6499e-06  0.3100  0.0000  0.0000  1.2477  33903.2      358     '1T'
    144  4.6631 -0.1136  0.1140  0.7992 -0.0638  0.0660 2.6993e-04 -5.0934e-06 5.1265e-06  0.3100  0.0000  0.0000  1.1184  39430.0      373     '1T'
    145  4.5228 -0.1096  0.1103  0.7342 -0.0578  0.0598 2.9421e-04 -5.2374e-06 5.2550e-06  0.3100  0.0000  0.0000  1.2386  41766.8      379     '1T'
    146  4.6301 -0.1091  0.1096  0.7963 -0.0606  0.0626 2.9145e-04 -5.2402e-06 5.2642e-06  0.3100  0.0000  0.0000  1.2045  42263.3      379     '1T'
    147  4.6905 -0.1053  0.1055  0.7325 -0.0560  0.0576 3.2317e-04 -5.4500e-06 5.4853e-06  0.3100  0.0000  0.0000  1.1862  46400.6      386     '1T'
    148  4.8068 -0.1050  0.1052  0.7405 -0.0562  0.0579 3.2452e-04 -5.3980e-06 5.4173e-06  0.3100  0.0000  0.0000  1.3395  46945.3      389     '1T'
    149  4.9235 -0.1066  0.1068  0.7214 -0.0564  0.0580 3.2060e-04 -5.3056e-06 5.3468e-06  0.3100  0.0000  0.0000  1.3303  46420.8      388     '1T'
    150  5.0068 -0.1399  0.1409  0.7123 -0.0728  0.0757 1.8595e-04 -3.9494e-06 3.9775e-06  0.3100  0.0000  0.0000  1.2205  27088.3      337     '1T'
    151  4.9726 -0.1440  0.1453  0.6383 -0.0690  0.0714 1.8523e-04 -3.8810e-06 3.9236e-06  0.3100  0.0000  0.0000  1.2981  26612.4      333     '1T'
    152  5.1308 -0.1443  0.1455  0.7130 -0.0758  0.0788 1.7636e-04 -3.8523e-06 3.8861e-06  0.3100  0.0000  0.0000  1.3028  26074.3      337     '1T'
    153  5.1634 -0.1046  0.1050  0.6596 -0.0521  0.0535 3.5161e-04 -5.3276e-06 5.3600e-06  0.3100  0.0000  0.0000  1.3541  51070.2      396     '1T'
    154  5.0965 -0.1446  0.1457  0.6895 -0.0730  0.0759 1.7962e-04 -3.8313e-06 3.8689e-06  0.3100  0.0000  0.0000  1.0708  26359.5      334     '1T'
    155  5.1889 -0.1472  0.1485  0.6987 -0.0745  0.0774 1.7352e-04 -3.6896e-06 3.7233e-06  0.3100  0.0000  0.0000  1.1420  25817.1      333     '1T'
    156  5.3421 -0.1428  0.1549  0.6288 -0.0686  0.0708 1.9467e-04 -3.8622e-06 3.9034e-06  0.3100  0.0000  0.0000  1.0327  28475.3      343     '1T'
    157  5.3022 -0.1460  0.1522  0.6816 -0.0728  0.0756 1.7997e-04 -3.7280e-06 3.7636e-06  0.3100  0.0000  0.0000  1.1039  26657.5      342     '1T'
    158  5.4550 -0.1658  0.2067  0.6342 -0.0693  0.0717 1.8566e-04 -3.6646e-06 3.7379e-06  0.3100  0.0000  0.0000  1.0220  27436.8      340     '1T'
    159  5.5356 -0.1277  0.1522  0.6663 -0.0547  0.0562 3.3304e-04 -5.0336e-06 5.0486e-06  0.3100  0.0000  0.0000  1.0606  49399.6      400     '1T'
    160  5.7152 -0.2098  0.2100  0.6122 -0.0706  0.0732 1.8615e-04 -3.6882e-06 3.7041e-06  0.3100  0.0000  0.0000  1.1629  27521.6      344     '1T'
    161  5.6445 -0.1526  0.1532  0.5994 -0.0513  0.0526 3.4674e-04 -5.0125e-06 5.0245e-06  0.3100  0.0000  0.0000  1.1994  50621.4      398     '1T'
    162  5.7388 -0.1607  0.1611  0.5312 -0.0496  0.0508 3.3752e-04 -4.8076e-06 4.8253e-06  0.3100  0.0000  0.0000  1.2719  48217.8      395     '1T'
    163  5.7677 -0.2113  0.2117  0.6339 -0.0722  0.0751 1.8341e-04 -3.6485e-06 3.6584e-06  0.3100  0.0000  0.0000  1.0281  27108.1      349     '1T'
    164  5.7743 -0.1568  0.1573  0.6651 -0.0565  0.0583 3.2791e-04 -5.0117e-06 5.0214e-06  0.3100  0.0000  0.0000  1.1029  47655.7      402     '1T'
    165  5.6761 -0.1579  0.1586  0.5583 -0.0512  0.0525 3.4104e-04 -4.9858e-06 4.9985e-06  0.3100  0.0000  0.0000  1.0427  47982.5      395     '1T'
    166  6.0638 -0.1675  0.1683  0.5810 -0.0560  0.0574 3.1605e-04 -4.7831e-06 4.8099e-06  0.3100  0.0000  0.0000  1.1590  44624.9      392     '1T'
    167  5.9932 -0.1666  0.1671  0.5793 -0.0542  0.0557 3.2552e-04 -4.8480e-06 4.8587e-06  0.3100  0.0000  0.0000  1.1535  45179.8      397     '1T'
    168  5.9383 -0.1695  0.1699  0.6515 -0.0600  0.0619 3.0266e-04 -4.8654e-06 4.8718e-06  0.3100  0.0000  0.0000  1.1006  41776.9      391     '1T'
    169  6.0456 -0.1780  0.1788  0.5849 -0.0597  0.0615 2.9150e-04 -4.7155e-06 4.7291e-06  0.3100  0.0000  0.0000  1.0870  39126.5      379     '1T'
    170  6.1195 -0.1804  0.1813  0.5519 -0.0586  0.0602 2.9208e-04 -4.6567e-06 4.6840e-06  0.3100  0.0000  0.0000  1.0509  38938.5      382     '1T'
    171  5.7970 -0.1820  0.1826  0.6278 -0.0629  0.0650 2.7200e-04 -4.7000e-06 4.7190e-06  0.3100  0.0000  0.0000  1.1454  36421.6      375     '1T'
    172  6.3019 -0.1803  0.1812  0.6662 -0.0659  0.0679 2.7828e-04 -4.6729e-06 4.6867e-06  0.3100  0.0000  0.0000  1.3121  37622.8      380     '1T'
    173  6.3195 -0.1847  0.1853  0.6416 -0.0677  0.0697 2.6669e-04 -4.6289e-06 4.6443e-06  0.3100  0.0000  0.0000  1.2040  35660.1      374     '1T'
    174  6.4850 -0.1836  0.1847  0.6468 -0.0673  0.0694 2.7433e-04 -4.6258e-06 4.6407e-06  0.3100  0.0000  0.0000  1.1052  36414.7      380     '1T'
    175  6.4172 -0.1911  0.1916  0.6236 -0.0681  0.0702 2.5890e-04 -4.5042e-06 4.5216e-06  0.3100  0.0000  0.0000  1.1174  34146.6      371     '1T'
    176  6.2712 -0.1919  0.1927  0.6161 -0.0662  0.0682 2.5660e-04 -4.4310e-06 4.4380e-06  0.3100  0.0000  0.0000  1.0923  34284.2      370     '1T'
    177  6.5969 -0.1925  0.1926  0.5951 -0.0677  0.0697 2.5701e-04 -4.4149e-06 4.4353e-06  0.3100  0.0000  0.0000  1.0657  34435.7      375     '1T'
    178  6.2804 -0.1976  0.1992  0.5094 -0.0614  0.0632 2.5979e-04 -4.3767e-06 4.4034e-06  0.3100  0.0000  0.0000  1.0979  33809.8      367     '1T'
    179  6.5256 -0.2016  0.2036  0.5617 -0.0665  0.0682 2.4210e-04 -4.1396e-06 4.1527e-06  0.3100  0.0000  0.0000  1.0970  32552.0      367     '1T'
    180  6.6979 -0.2047  0.2393  0.5440 -0.0670  0.0688 2.3542e-04 -4.0329e-06 4.0568e-06  0.3100  0.0000  0.0000  1.0225  32103.2      366     '1T'
    181  6.5145 -0.2153  0.2171  0.4931 -0.0666  0.0686 2.1999e-04 -3.9133e-06 3.9272e-06  0.3100  0.0000  0.0000  1.0707  29607.1      360     '1T'
    182  6.4945 -0.2159  0.2182  0.4554 -0.0639  0.0655 2.2185e-04 -3.8165e-06 3.8294e-06  0.3100  0.0000  0.0000  0.9329  29859.6      359     '1T'
    183  6.3887 -0.2219  0.2241  0.4624 -0.0656  0.0675 2.0637e-04 -3.7182e-06 3.7316e-06  0.3100  0.0000  0.0000  1.1769  28086.2      350     '1T'
    184  6.6022 -0.2297  0.2320  0.3974 -0.0622  0.0639 2.0953e-04 -3.6167e-06 3.6401e-06  0.3100  0.0000  0.0000  1.0596  28468.9      357     '1T'
    185  6.2756 -0.2260  0.2288  0.4311 -0.0638  0.0656 1.9704e-04 -3.5188e-06 3.5312e-06  0.3100  0.0000  0.0000  0.9447  27410.9      351     '1T'
    186  6.6571 -0.2251  0.2444  0.4791 -0.0692  0.0711 1.9676e-04 -3.5727e-06 3.5843e-06  0.3100  0.0000  0.0000  0.9231  27559.2      356     '1T'
    187  6.3920 -0.2315  0.2336  0.4570 -0.0676  0.0695 1.8563e-04 -3.4568e-06 3.4774e-06  0.3100  0.0000  0.0000  1.0109  26025.9      343     '1T'
    188  6.4835 -0.2277  0.2286  0.5197 -0.0724  0.0749 1.8275e-04 -3.5055e-06 3.5271e-06  0.3100  0.0000  0.0000  1.0137  26025.9      350     '1T'
    189  6.8572 -0.2394  0.3660  0.3952 -0.0685  0.0703 1.8135e-04 -3.2832e-06 3.2922e-06  0.3100  0.0000  0.0000  1.1126  25144.0      341     '1T'
    190  6.5218 -0.1960  0.1975  0.4769 -0.0596  0.0612 2.5256e-04 -4.0614e-06 4.0867e-06  0.3100  0.0000  0.0000  1.2018  36221.2      374     '1T'
    191  6.6544 -0.2010  0.2091  0.4660 -0.0603  0.0618 2.4809e-04 -3.9471e-06 3.9628e-06  0.3100  0.0000  0.0000  0.9760  35319.9      380     '1T'
    192  6.8718 -0.2309  0.3120  0.4230 -0.0595  0.0612 2.4390e-04 -3.8200e-06 3.8885e-06  0.3100  0.0000  0.0000  1.1448  34670.1      374     '1T'
    193  6.5471 -0.2372  0.2409  0.3422 -0.0625  0.0641 1.9149e-04 -3.3592e-06 3.3747e-06  0.3100  0.0000  0.0000  1.0304  26758.1      352     '1T'
    194  7.1174 -0.3180  0.3281  0.3414 -0.0576  0.0590 2.3431e-04 -3.6147e-06 3.6170e-06  0.3100  0.0000  0.0000  0.9075  32941.7      372     '1T'
    195  6.2708 -0.2332  0.2358  0.3317 -0.0590  0.0608 1.9446e-04 -3.4387e-06 3.4581e-06  0.3100  0.0000  0.0000  0.9770  26901.9      353     '1T'
    196  6.8171 -0.2277  0.3333  0.3631 -0.0607  0.0623 2.1216e-04 -3.5316e-06 3.5576e-06  0.3100  0.0000  0.0000  1.2049  29945.8      359     '1T'
    197  6.8853 -0.2506  0.3543  0.4062 -0.0671  0.0689 1.9025e-04 -3.3466e-06 3.3598e-06  0.3100  0.0000  0.0000  1.1103  27391.3      354     '1T'
    198  6.7100 -0.2380  0.2852  0.4478 -0.0702  0.0723 1.7833e-04 -3.3274e-06 3.3607e-06  0.3100  0.0000  0.0000  0.9184  25754.7      350     '1T'
    199  6.8323 -0.2161  0.2929  0.3737 -0.0590  0.0604 2.3142e-04 -3.6487e-06 3.7363e-06  0.3100  0.0000  0.0000  1.2187  33057.3      374     '1T'
    200  6.8766 -0.2478  0.3250  0.4755 -0.0655  0.0675 2.2196e-04 -3.7283e-06 3.7996e-06  0.3100  0.0000  0.0000  1.0925  31816.5      368     '1T'
    201  7.0004 -0.2781  0.3362  0.3855 -0.0623  0.0640 2.2049e-04 -3.6284e-06 3.6348e-06  0.3100  0.0000  0.0000  1.1315  30684.1      363     '1T'
    202  6.8529 -0.2449  0.3359  0.4562 -0.0663  0.0684 2.1592e-04 -3.7172e-06 3.8278e-06  0.3100  0.0000  0.0000  0.9611  30238.2      368     '1T'
    203  7.2087 -0.3423  0.3443  0.4538 -0.0691  0.0714 2.0533e-04 -3.6005e-06 3.5954e-06  0.3100  0.0000  0.0000  0.9780  29294.9      364     '1T'
    204  7.0533 -0.3116  0.3558  0.3325 -0.0629  0.0645 2.0524e-04 -3.4620e-06 3.4659e-06  0.3100  0.0000  0.0000  0.9799  28233.1      361     '1T'
    205  7.4274 -0.3585  0.3616  0.3062 -0.0648  0.0663 2.0829e-04 -3.5131e-06 3.5169e-06  0.3100  0.0000  0.0000  1.0268  28412.4      361     '1T'
    206  7.4235 -0.3667  0.3698  0.3539 -0.0692  0.0710 1.9249e-04 -3.4008e-06 3.3943e-06  0.3100  0.0000  0.0000  1.0986  26867.8      359     '1T'
    207  7.5221 -0.3615  0.3642  0.3846 -0.0720  0.0741 1.9271e-04 -3.4555e-06 3.4575e-06  0.3100  0.0000  0.0000  0.9976  26884.6      363     '1T'
    208  7.2376 -0.3682  0.3720  0.2877 -0.0648  0.0663 1.9061e-04 -3.3036e-06 3.3057e-06  0.3100  0.0000  0.0000  1.1369  26547.3      358     '1T'
    209  7.3297 -0.3786  0.3818  0.3012 -0.0671  0.0687 1.8159e-04 -3.2139e-06 3.2204e-06  0.3100  0.0000  0.0000  0.9347  25716.4      356     '1T'
    210  7.4147 -0.3755  0.3778  0.4088 -0.0741  0.0765 1.7589e-04 -3.2681e-06 3.2721e-06  0.3100  0.0000  0.0000  1.0242  25430.7      355     '1T'
    211  7.3605 -0.3773  0.3801  0.3673 -0.0716  0.0740 1.7530e-04 -3.2122e-06 3.2078e-06  0.3100  0.0000  0.0000  1.0787  25450.5      355     '1T'
    212  7.5228 -0.3775  0.3806  0.3543 -0.0724  0.0744 1.7452e-04 -3.1810e-06 3.1846e-06  0.3100  0.0000  0.0000  1.1952  25418.3      351     '1T'
    213  7.1296 -0.3304  0.3435  0.3433 -0.0619  0.0634 2.1398e-04 -3.4880e-06 3.4909e-06  0.3100  0.0000  0.0000  1.1727  30998.6      370     '1T'
    214  7.3715 -0.3516  0.3551  0.3058 -0.0631  0.0643 2.0689e-04 -3.3746e-06 3.3759e-06  0.3100  0.0000  0.0000  1.0209  30030.4      368     '1T'
    215  7.6106 -0.3526  0.3545  0.3844 -0.0699  0.0720 1.9694e-04 -3.4399e-06 3.4392e-06  0.3100  0.0000  0.0000  1.0391  29144.2      369     '1T'
    216  7.5079 -0.3583  0.3617  0.3241 -0.0662  0.0676 1.9906e-04 -3.3433e-06 3.3481e-06  0.3100  0.0000  0.0000  1.1777  29222.7      374     '1T'
    217  8.1365 -0.3644  0.3687  0.2589 -0.0675  0.0687 2.0473e-04 -3.3804e-06 3.3798e-06  0.3100  0.0000  0.0000  0.9415  29798.7      374     '1T'
    218  7.5417 -0.3564  0.3592  0.3326 -0.0670  0.0688 2.0187e-04 -3.4553e-06 3.4529e-06  0.3100  0.0000  0.0000  0.9271  29170.2      370     '1T'
    219  7.6926 -0.3655  0.3698  0.2654 -0.0661  0.0671 1.9680e-04 -3.2840e-06 3.2917e-06  0.3100  0.0000  0.0000  0.9215  28806.5      370     '1T'
    220  8.0087 -0.3685  0.3712  0.3367 -0.0722  0.0743 1.9050e-04 -3.3284e-06 3.3314e-06  0.3100  0.0000  0.0000  1.1400  28473.7      368     '1T'
    221  7.9526 -0.3714  0.3746  0.3433 -0.0724  0.0744 1.8873e-04 -3.3177e-06 3.3203e-06  0.3100  0.0000  0.0000  1.0431  27848.1      367     '1T'
    222  7.9996 -0.3754  0.3786  0.3162 -0.0722  0.0740 1.8444e-04 -3.2429e-06 3.2508e-06  0.3100  0.0000  0.0000  1.2245  27588.2      367     '1T'
    223  8.0336 -0.3875  0.3929  0.2295 -0.0697  0.0707 1.8868e-04 -3.2052e-06 3.2098e-06  0.3100  0.0000  0.0000  1.1813  27293.5      364     '1T'
    224  8.1461 -0.4004  0.4061  0.2379 -0.0730  0.0742 1.7946e-04 -3.1488e-06 3.1503e-06  0.3100  0.0000  0.0000  1.0717  26049.6      359     '1T'
    225  8.5033 -0.3919  0.5071  0.3371 -0.0804  0.0826 1.7061e-04 -3.1585e-06 3.1583e-06  0.3100  0.0000  0.0000  1.0317  25833.6      365     '1T'
    226  7.9829 -0.3967  0.4011  0.2727 -0.0732  0.0748 1.7142e-04 -3.0826e-06 3.0865e-06  0.3100  0.0000  0.0000  1.1301  25575.9      361     '1T'
    227  8.5692 -0.4058  0.6609  0.2979 -0.0822  0.0823 1.6679e-04 -3.0679e-06 3.0720e-06  0.3100  0.0000  0.0000  0.9539  25226.9      361     '1T'
    228  8.4948 -0.3715  0.5465  0.3087 -0.0739  0.0759 1.9516e-04 -3.3612e-06 3.3643e-06  0.3100  0.0000  0.0000  1.1155  29509.8      377     '1T'
    229  8.6389 -0.3658  0.5696  0.3321 -0.0782  0.0798 1.8701e-04 -3.2491e-06 3.2543e-06  0.3100  0.0000  0.0000  1.1153  28984.9      377     '1T'
    230  8.4020 -0.3832  0.4530  0.2973 -0.0759  0.0777 1.8238e-04 -3.2213e-06 3.2148e-06  0.3100  0.0000  0.0000  1.0857  28164.9      377     '1T'
    231  8.7313 -0.4475  0.5994  0.2252 -0.0754  0.0769 1.7936e-04 -3.0918e-06 3.0807e-06  0.3100  0.0000  0.0000  1.0762  27545.2      372     '1T'
    232  8.6049 -0.3894  0.5376  0.2839 -0.0782  0.0805 1.7698e-04 -3.1613e-06 3.2070e-06  0.3100  0.0000  0.0000  1.1107  27538.2      374     '1T'
    233  8.7345 -0.4767  0.6064  0.2778 -0.0810  0.0819 1.7105e-04 -3.0702e-06 3.0840e-06  0.3100  0.0000  0.0000  1.0293  26670.6      370     '1T'
    234  8.4705 -0.4056  0.5417  0.2818 -0.0794  0.0809 1.6798e-04 -3.0546e-06 3.0540e-06  0.3100  0.0000  0.0000  0.9912  26150.6      370     '1T'
    235  8.6302 -0.6014  0.6362  0.3079 -0.0866  0.0972 1.5971e-04 -3.1367e-06 3.0317e-06  0.3100  0.0000  0.0000  1.1123  25238.7      367     '1T'
    236  8.3589 -0.3947  0.4827  0.2250 -0.0746  0.0758 1.8437e-04 -3.1989e-06 3.1999e-06  0.3100  0.0000  0.0000  1.0807  28411.3      376     '1T'
    237  9.1560 -0.5870  0.6044  0.2605 -0.0826  0.0840 1.7641e-04 -3.1571e-06 3.1588e-06  0.3100  0.0000  0.0000  0.9293  27672.1      378     '1T'
    238  8.4856 -0.3949  0.5562  0.3300 -0.0826  0.0847 1.7140e-04 -3.2054e-06 3.2072e-06  0.3100  0.0000  0.0000  1.1345  27147.5      379     '1T'
    239  8.6681 -0.4241  0.6099  0.3884 -0.0897  0.0928 1.6333e-04 -3.1730e-06 3.1695e-06  0.3100  0.0000  0.0000  0.9799  26076.9      374     '1T'
    240  8.6149 -0.4124  0.6039  0.3069 -0.0864  0.0889 1.6146e-04 -3.0885e-06 3.1234e-06  0.3100  0.0000  0.0000  1.1697  25540.3      370     '1T'
    241  8.2387 -0.4102  0.4358  0.3156 -0.0831  0.0857 1.6125e-04 -3.1408e-06 3.1455e-06  0.3100  0.0000  0.0000  1.1179  25581.2      373     '1T'
    242  8.3139 -0.4014  0.4526  0.3502 -0.0856  0.0882 1.6469e-04 -3.2124e-06 3.2146e-06  0.3100  0.0000  0.0000  1.0228  26315.3      373     '1T'
    243  8.7984 -0.5503  0.6325  0.3217 -0.0892  0.0912 1.5977e-04 -3.0765e-06 3.0808e-06  0.3100  0.0000  0.0000  0.8954  25613.8      370     '1T'
    244  9.2677 -0.6044  0.6083  0.2579 -0.0874  0.0889 1.8154e-04 -3.3374e-06 3.3474e-06  0.3100  0.0000  0.0000  0.9177  28568.9      383     '1T'
    245  8.2419 -0.4011  0.4240  0.2397 -0.0767  0.0784 1.8411e-04 -3.3188e-06 3.3209e-06  0.3100  0.0000  0.0000  1.0681  28388.4      387     '1T'
    246  8.2800 -0.4061  0.4570  0.2274 -0.0772  0.0787 1.8137e-04 -3.2845e-06 3.2890e-06  0.3100  0.0000  0.0000  1.0335  28001.7      382     '1T'
    247  8.7584 -0.5529  0.6290  0.1701 -0.0816  0.0821 1.8482e-04 -3.3140e-06 3.3169e-06  0.3100  0.0000  0.0000  1.1990  27962.9      387     '1T'
    248  8.3035 -0.4152  0.4600  0.2600 -0.0836  0.0857 1.7093e-04 -3.2922e-06 3.2949e-06  0.3100  0.0000  0.0000  1.1807  26485.3      381     '1T'
    249  8.2684 -0.4337  0.5123  0.1401 -0.0769  0.0778 1.7204e-04 -3.1491e-06 3.1546e-06  0.3100  0.0000  0.0000  1.0124  26070.9      383     '1T'
    250  9.2992 -0.6473  0.6500  0.3368 -0.0992  0.1020 1.6019e-04 -3.2780e-06 3.2830e-06  0.3100  0.0000  0.0000  0.9782  25411.5      386     '1T'
    251  8.7747 -0.5024  0.6606  0.2551 -0.0910  0.0934 1.6304e-04 -3.2297e-06 3.2201e-06  0.3100  0.0000  0.0000  1.0049  25229.2      383     '1T'
    252  8.8302 -0.6471  0.6542  0.2039 -0.0896  0.0901 1.7730e-04 -3.3780e-06 3.3862e-06  0.3100  0.0000  0.0000  1.0478  27214.6      392     '1T'
    253  8.5508 -0.4263  0.5009  0.2012 -0.0839  0.0853 1.8156e-04 -3.4181e-06 3.4210e-06  0.3100  0.0000  0.0000  1.0080  27492.5      391     '1T'
    254  8.5441 -0.4095  0.5749  0.3734 -0.0941  0.0975 1.7429e-04 -3.5547e-06 3.5480e-06  0.3100  0.0000  0.0000  0.9329  27409.7      389     '1T'
    255  8.2276 -0.4463  0.4853  0.0659 -0.0659  0.0767 1.7928e-04 -3.2808e-06 3.2786e-06  0.3100  0.0000  0.0000  1.1397  26659.0      389     '1T'
    256  8.0223 -0.4298  0.4326  0.2746 -0.0866  0.0897 1.6907e-04 -3.4469e-06 3.4407e-06  0.3100  0.0000  0.0000  1.0288  26161.1      393     '1T'
    257  8.7252 -0.5765  0.6709  0.2418 -0.0955  0.0972 1.6681e-04 -3.3957e-06 3.4025e-06  0.3100  0.0000  0.0000  0.9934  25830.7      395     '1T'
    258  7.9805 -0.4304  0.4346  0.1701 -0.0798  0.0819 1.8231e-04 -3.5071e-06 3.5061e-06  0.3100  0.0000  0.0000  1.1347  27735.1      396     '1T'
    259  8.4613 -0.4469  0.6614  0.1798 -0.0894  0.0914 1.7453e-04 -3.4831e-06 3.4684e-06  0.3100  0.0000  0.0000  1.0480  26560.4      393     '1T'
    260  8.5095 -0.4436  0.8360  0.2497 -0.0933  0.0958 1.6984e-04 -3.4844e-06 3.4787e-06  0.3100  0.0000  0.0000  1.1335  26293.5      398     '1T'
    261  8.5785 -0.4523  0.6431  0.1868 -0.0906  0.0930 1.7187e-04 -3.4739e-06 3.4881e-06  0.3100  0.0000  0.0000  1.0848  26342.8      397     '1T'
    262  8.5590 -0.4540  0.6776  0.1663 -0.0920  0.0935 1.7165e-04 -3.5070e-06 3.5125e-06  0.3100  0.0000  0.0000  0.9989  26077.6      397     '1T'
    263  9.1062 -0.6677  0.6941  0.2146 -0.1012  0.1036 1.6534e-04 -3.4908e-06 3.4918e-06  0.3100  0.0000  0.0000  0.9894  25521.8      398     '1T'
    264  8.2497 -0.4448  0.5617  0.2182 -0.0921  0.0939 1.7656e-04 -3.6111e-06 3.6180e-06  0.3100  0.0000  0.0000  1.0920  27085.3      407     '1T'
    265  8.5081 -0.4695  0.7274  0.1399 -0.0961  0.0958 1.7063e-04 -3.5251e-06 3.5225e-06  0.3100  0.0000  0.0000  1.1291  25926.4      400     '1T'
    266  8.3815 -0.4609  0.5899  0.1796 -0.0911  0.0935 1.7143e-04 -3.5330e-06 3.5262e-06  0.3100  0.0000  0.0000  1.0954  26440.7      406     '1T'
    267  8.3996 -0.4564  0.6347  0.1972 -0.0950  0.0974 1.7559e-04 -3.6937e-06 3.6949e-06  0.3100  0.0000  0.0000  1.0629  26952.4      410     '1T'
    268  8.7823 -0.5558  0.7097  0.1061 -0.0981  0.0984 1.7486e-04 -3.6110e-06 3.6172e-06  0.3100  0.0000  0.0000  1.0451  26537.4      411     '1T'
    269  8.3753 -0.4687  0.5308  0.1584 -0.0950  0.0976 1.7436e-04 -3.7151e-06 3.7144e-06  0.3100  0.0000  0.0000  1.1270  26683.1      414     '1T'
    270  8.4038 -0.4709  0.7810  0.2544 -0.1023  0.1055 1.6456e-04 -3.6745e-06 3.6623e-06  0.3100  0.0000  0.0000  1.1521  25615.4      410     '1T'
    271  7.6828 -0.4691  0.4753  0.1740 -0.0887  0.0910 1.7020e-04 -3.5940e-06 3.5973e-06  0.3100  0.0000  0.0000  1.1499  25914.3      410     '1T'
    272  8.0276 -0.4722  0.4779  0.1655 -0.0925  0.0952 1.7335e-04 -3.7224e-06 3.7241e-06  0.3100  0.0000  0.0000  1.2297  26485.6      416     '1T'
    273  7.4813 -0.4517  0.4534  0.3107 -0.0941  0.0982 1.7034e-04 -3.7999e-06 3.7911e-06  0.3100  0.0000  0.0000  1.2293  27004.3      414     '1T'
    274  8.0404 -0.4686  0.4715  0.3111 -0.1031  0.1074 1.6611e-04 -3.8263e-06 3.8273e-06  0.3100  0.0000  0.0000  1.0895  26360.6      423     '1T'
    275  7.6321 -0.4779  0.4830  0.2026 -0.0942  0.0974 1.6787e-04 -3.7463e-06 3.7417e-06  0.3100  0.0000  0.0000  1.1240  25893.2      420     '1T'
    276  7.8941 -0.4982  0.5072  0.1913 -0.1016  0.1030 1.6344e-04 -3.6965e-06 3.7026e-06  0.3100  0.0000  0.0000  1.1689  25227.8      421     '1T'
    277  7.4206 -0.4831  0.4888  0.1735 -0.0906  0.0936 1.7312e-04 -3.8147e-06 3.8054e-06  0.3100  0.0000  0.0000  1.1804  26393.8      423     '1T'
    278  7.2910 -0.4847  0.4875  0.2598 -0.0960  0.0997 1.6605e-04 -3.8304e-06 3.8219e-06  0.3100  0.0000  0.0000  1.2463  25718.8      427     '1T'
    279  7.0438 -0.3977  0.4771  0.2837 -0.0943  0.0980 1.7155e-04 -3.9277e-06 3.9231e-06  0.3100  0.0000  0.0000  1.1887  26554.6      432     '1T'
    280  7.5277 -0.5072  0.5152  0.0879 -0.0879  0.0948 1.7700e-04 -3.9478e-06 3.9271e-06  0.3100  0.0000  0.0000  1.2906  26152.0      431     '1T'
    281  6.6980 -0.3501  0.5152  0.1436 -0.0870  0.0892 1.7414e-04 -3.9700e-06 3.9976e-06  0.3100  0.0000  0.0000  1.2301  25428.6      433     '1T'
    282  6.6524 -0.3509  0.4718  0.1575 -0.0882  0.0901 1.7554e-04 -4.0194e-06 4.0582e-06  0.3100  0.0000  0.0000  1.2452  25591.6      431     '1T'
    283  7.3458 -0.5274  0.5551  0.0312 -0.0312  0.0943 1.7997e-04 -4.0267e-06 3.4004e-06  0.3100  0.0000  0.0000  1.2342  25422.7      432     '1T'
    284  7.2753 -0.5035  0.5078  0.2502 -0.1009  0.1046 1.8093e-04 -4.3308e-06 4.3143e-06  0.3100  0.0000  0.0000  1.3190  26712.7      442     '1T'
    285  6.8851 -0.4725  0.5184  0.1569 -0.0912  0.0944 1.8331e-04 -4.2616e-06 4.8335e-06  0.3100  0.0000  0.0000  1.2841  26238.6      444     '1T'
    286  7.1993 -0.4934  0.5195  0.1937 -0.0979  0.1014 1.8340e-04 -4.3645e-06 4.3519e-06  0.3100  0.0000  0.0000  1.3484  26592.8      443     '1T'
    287  7.1716 -0.5083  0.5266  0.1844 -0.0988  0.1022 1.8491e-04 -4.4523e-06 4.4421e-06  0.3100  0.0000  0.0000  1.3309  26308.0      443     '1T'
    288  7.0398 -0.4845  0.5334  0.2237 -0.1015  0.1049 1.8598e-04 -4.5574e-06 4.5411e-06  0.3100  0.0000  0.0000  1.7309  26484.3      442     '1T'
    289  6.4651 -0.3423  0.3459  0.3296 -0.0986  0.1033 1.8848e-04 -4.8057e-06 4.8267e-06  0.3100  0.0000  0.0000  1.5019  26947.4      443     '1T'
    290  7.4199 -0.5372  0.5426  0.2245 -0.1069  0.1114 1.9066e-04 -4.8102e-06 4.7814e-06  0.3100  0.0000  0.0000  1.6611  26851.4      444     '1T'
    291  6.0726 -0.3658  0.3725  0.1686 -0.0880  0.0919 1.9801e-04 -5.0633e-06 5.0731e-06  0.3100  0.0000  0.0000  1.5939  26491.0      444     '1T'
    292  6.7134 -0.3654  0.5293  0.2815 -0.1052  0.1105 2.0147e-04 -5.4131e-06 5.4696e-06  0.3100  0.0000  0.0000  1.6252  27141.3      444     '1T'
    293  6.1511 -0.3650  0.3681  0.3247 -0.1021  0.1080 1.9868e-04 -5.5199e-06 5.5408e-06  0.3100  0.0000  0.0000  1.4904  26487.1      444     '1T'
    294  6.3333 -0.3813  0.3861  0.2859 -0.1059  0.1112 2.0055e-04 -5.6101e-06 5.6387e-06  0.3100  0.0000  0.0000  1.7856  26314.0      444     '1T'
    295  5.8290 -0.3802  0.3853  0.2324 -0.0962  0.1013 2.1893e-04 -6.1314e-06 6.1602e-06  0.3100  0.0000  0.0000  1.7094  27052.8      444     '1T'
    296  6.1644 -0.3878  0.3930  0.3297 -0.1098  0.1147 2.1295e-04 -6.1282e-06 6.1673e-06  0.3100  0.0000  0.0000  1.9682  26648.3      444     '1T'
    297  5.0897 -0.2893  0.2930  0.3119 -0.1032  0.1098 2.1673e-04 -7.2722e-06 7.4578e-06  0.3100  0.0000  0.0000  1.9708  25847.9      444     '1T'
    298  4.8343 -0.2899  0.2937  0.3931 -0.1113  0.1185 2.3036e-04 -8.1734e-06 8.3560e-06  0.3100  0.0000  0.0000  2.5654  25896.1      444     '1T'
    299  1.9714 -0.0490  0.0490  0.2555 -0.0346  0.0346 2.8226e-04 -9.5601e-06 9.5601e-06  0.3100  0.0000  0.0000  3.5310  22775.5      444     '1T'
    300  0.8442 -0.0295  0.0534  0.2077 -0.0259  0.0304 4.0015e-04 -6.0412e-05 4.1363e-05  0.3100  0.0000  0.0000  2.8899  18643.8      444     '1T'
    301  0.0000  0.0000  0.0000  0.0000  0.0000  0.0000 0.0000e+00 0.0000e+00 0.0000e+00  0.0000  0.0000  0.0000  0.0000     -0.9        0     '1T'
    302  5.6058 -0.1264  0.1264  1.4479 -0.0747  0.0747 1.3472e-04 -2.1398e-06 2.1398e-06  0.3100  0.0000  0.0000  3.0747  26467.1      375     '1T'
    303  4.2442 -0.0893  0.1256  0.8284 -0.0741  0.0772 1.7376e-04 -3.9547e-06 3.9806e-06  0.3100  0.0000  0.0000  1.3815  27893.7      339     '1T'
    304  3.9873 -0.0805  0.0807  0.8625 -0.0704  0.0733 1.9668e-04 -4.4293e-06 4.4519e-06  0.3100  0.0000  0.0000  1.3428  31726.0      347     '1T'
    305  3.9478 -0.0841  0.0842  0.8542 -0.0722  0.0752 1.8603e-04 -4.3484e-06 4.3760e-06  0.3100  0.0000  0.0000  1.3572  29286.3      336     '1T'
    306  4.0444 -0.0833  0.0836  0.7158 -0.0624  0.0648 2.2208e-04 -4.6526e-06 4.6870e-06  0.3100  0.0000  0.0000  1.2492  32011.0      345     '1T'
    307  4.5152 -0.1453  0.1462  0.6247 -0.0679  0.0704 1.7936e-04 -3.9587e-06 3.9982e-06  0.3100  0.0000  0.0000  1.0351  25025.0      323     '1T'
    308  4.4603 -0.1400  0.1408  0.6808 -0.0689  0.0715 1.8785e-04 -4.1483e-06 4.1895e-06  0.3100  0.0000  0.0000  1.2146  26626.3      331     '1T'
    309  4.6061 -0.1384  0.1393  0.6436 -0.0664  0.0687 1.9957e-04 -4.2113e-06 4.2548e-06  0.3100  0.0000  0.0000  1.0720  27575.4      335     '1T'
    310  4.5816 -0.1352  0.1361  0.5826 -0.0618  0.0639 2.1859e-04 -4.4342e-06 4.4770e-06  0.3100  0.0000  0.0000  1.0222  29504.2      345     '1T'
    311  4.7297 -0.1330  0.1337  0.6242 -0.0630  0.0652 2.2065e-04 -4.3946e-06 4.4271e-06  0.3100  0.0000  0.0000  1.1541  30512.3      345     '1T'
    312  5.0367 -0.1376  0.1387  0.5817 -0.0625  0.0645 2.2294e-04 -4.2853e-06 4.3354e-06  0.3100  0.0000  0.0000  1.1148  30433.5      351     '1T'
    313  5.1960 -0.1386  0.1395  0.5752 -0.0624  0.0645 2.2401e-04 -4.2440e-06 4.2865e-06  0.3100  0.0000  0.0000  1.1471  30671.3      352     '1T'
    314  5.2633 -0.1379  0.1389  0.6224 -0.0652  0.0673 2.2683e-04 -4.3340e-06 4.3743e-06  0.3100  0.0000  0.0000  1.0472  30727.5      356     '1T'
    315  5.3931 -0.1394  0.1696  0.5857 -0.0636  0.0656 2.3368e-04 -4.3271e-06 4.3681e-06  0.3100  0.0000  0.0000  1.1434  31062.9      355     '1T'
    316  5.3317 -0.1441  0.1592  0.5588 -0.0632  0.0652 2.2575e-04 -4.2622e-06 4.3029e-06  0.3100  0.0000  0.0000  1.0335  29470.9      356     '1T'
    317  5.3154 -0.1497  0.1769  0.5306 -0.0639  0.0659 2.1712e-04 -4.2180e-06 4.2634e-06  0.3100  0.0000  0.0000  0.8280  27407.9      342     '1T'
    318  5.5507 -0.1808  0.2190  0.4843 -0.0644  0.0668 2.1290e-04 -4.1427e-06 4.1667e-06  0.3100  0.0000  0.0000  1.0965  26354.7      341     '1T'
    319  5.4531 -0.1487  0.2026  0.5183 -0.0609  0.0629 2.5077e-04 -4.5653e-06 4.5919e-06  0.3100  0.0000  0.0000  1.0645  30178.1      354     '1T'
    320  5.3840 -0.1492  0.2083  0.4567 -0.0569  0.0586 2.5427e-04 -4.5404e-06 4.5913e-06  0.3100  0.0000  0.0000  1.0378  29676.5      352     '1T'
    321  5.2686 -0.1583  0.1598  0.4786 -0.0643  0.0665 2.1524e-04 -4.3529e-06 4.4045e-06  0.3100  0.0000  0.0000  0.9853  25228.6      336     '1T'
    322  5.0290 -0.1463  0.1480  0.4876 -0.0599  0.0620 2.3823e-04 -4.6127e-06 4.6640e-06  0.3100  0.0000  0.0000  0.9416  28146.2      342     '1T'
    323  5.1763 -0.1512  0.1531  0.4931 -0.0616  0.0636 2.2829e-04 -4.4147e-06 4.4658e-06  0.3100  0.0000  0.0000  1.0587  27230.0      342     '1T'
    324  5.3274 -0.1576  0.1799  0.4614 -0.0624  0.0645 2.1378e-04 -4.2005e-06 4.2533e-06  0.3100  0.0000  0.0000  1.1017  26110.6      342     '1T'
    325  5.5019 -0.1783  0.2251  0.4438 -0.0623  0.0644 2.0708e-04 -3.9643e-06 3.9797e-06  0.3100  0.0000  0.0000  1.0502  25875.1      340     '1T'
    326  5.5427 -0.1891  0.2176  0.4315 -0.0591  0.0610 2.2125e-04 -4.0143e-06 4.0257e-06  0.3100  0.0000  0.0000  1.0530  28111.9      351     '1T'
    327  5.6310 -0.2144  0.2293  0.3535 -0.0585  0.0604 2.0826e-04 -3.8582e-06 3.8773e-06  0.3100  0.0000  0.0000  1.1706  26315.2      345     '1T'
    328  6.1395 -0.2235  0.2257  0.3872 -0.0616  0.0635 2.1982e-04 -3.9536e-06 3.9702e-06  0.3100  0.0000  0.0000  1.0436  28164.9      354     '1T'
    329  6.1211 -0.2320  0.2348  0.3493 -0.0598  0.0614 2.1182e-04 -3.7506e-06 3.7824e-06  0.3100  0.0000  0.0000  0.9979  27076.2      353     '1T'
    330  6.3510 -0.2368  0.2389  0.3692 -0.0639  0.0658 2.0364e-04 -3.7531e-06 3.7807e-06  0.3100  0.0000  0.0000  1.0839  26347.1      347     '1T'
    331  6.3652 -0.2465  0.2495  0.3299 -0.0617  0.0635 1.9829e-04 -3.6357e-06 3.6647e-06  0.3100  0.0000  0.0000  1.0508  25275.5      346     '1T'
    332  6.3532 -0.2394  0.2428  0.2747 -0.0570  0.0584 2.0641e-04 -3.5637e-06 3.5965e-06  0.3100  0.0000  0.0000  1.1199  27246.3      354     '1T'
    333  6.4913 -0.2431  0.2452  0.3124 -0.0619  0.0637 1.9496e-04 -3.5204e-06 3.5443e-06  0.3100  0.0000  0.0000  1.1360  26543.7      357     '1T'
    334  6.6591 -0.2494  0.2683  0.3299 -0.0649  0.0667 1.8106e-04 -3.3008e-06 3.3307e-06  0.3100  0.0000  0.0000  0.9646  25399.3      345     '1T'
    335  6.4560 -0.2369  0.2393  0.3614 -0.0618  0.0634 1.9207e-04 -3.3560e-06 3.3766e-06  0.3100  0.0000  0.0000  0.9871  27728.9      359     '1T'
    336  6.5069 -0.2532  0.2570  0.3106 -0.0627  0.0642 1.7483e-04 -3.1586e-06 3.1802e-06  0.3100  0.0000  0.0000  0.9181  25179.0      350     '1T'
    337  6.7520 -0.2469  0.2688  0.3060 -0.0634  0.0649 1.8378e-04 -3.2283e-06 3.2548e-06  0.3100  0.0000  0.0000  1.0001  27048.0      354     '1T'
    338  6.5894 -0.2455  0.2484  0.2899 -0.0615  0.0632 1.8381e-04 -3.2596e-06 3.2894e-06  0.3100  0.0000  0.0000  1.0544  27274.5      359     '1T'
    339  6.5637 -0.2501  0.2527  0.2923 -0.0634  0.0653 1.7096e-04 -3.1386e-06 3.1611e-06  0.3100  0.0000  0.0000  1.0177  25927.7      354     '1T'
    340  6.7475 -0.2578  0.3403  0.3118 -0.0670  0.0688 1.6741e-04 -3.1179e-06 3.1376e-06  0.3100  0.0000  0.0000  1.1410  25216.0      362     '1T'
    341  6.8878 -0.3212  0.3776  0.2632 -0.0629  0.0645 1.7767e-04 -3.0556e-06 3.2424e-06  0.3100  0.0000  0.0000  1.1037  26926.5      361     '1T'
    342  6.6489 -0.2608  0.3040  0.2618 -0.0617  0.0632 1.7157e-04 -3.0648e-06 3.0906e-06  0.3100  0.0000  0.0000  0.9782  25840.6      359     '1T'
    343  6.7343 -0.2529  0.3145  0.3202 -0.0646  0.0664 1.7504e-04 -3.1607e-06 3.1796e-06  0.3100  0.0000  0.0000  0.9988  26884.4      368     '1T'
    344  6.6732 -0.2667  0.3167  0.2348 -0.0643  0.0659 1.6741e-04 -3.0988e-06 3.1248e-06  0.3100  0.0000  0.0000  1.0598  25416.0      358     '1T'
    345  6.6748 -0.2649  0.3223  0.2900 -0.0669  0.0685 1.6657e-04 -3.0786e-06 3.0998e-06  0.3100  0.0000  0.0000  1.1102  25403.6      365     '1T'
    346  6.5324 -0.2567  0.2588  0.3522 -0.0703  0.0725 1.6749e-04 -3.2716e-06 3.2986e-06  0.3100  0.0000  0.0000  1.0210  25675.9      362     '1T'
    347  6.7597 -0.2686  0.3374  0.2871 -0.0689  0.0706 1.6637e-04 -3.1280e-06 3.1468e-06  0.3100  0.0000  0.0000  1.0421  25569.1      364     '1T'
    348  6.9265 -0.2954  0.4012  0.2696 -0.0705  0.0726 1.6924e-04 -3.1803e-06 3.1774e-06  0.3100  0.0000  0.0000  0.9043  25580.3      370     '1T'
    349  6.6589 -0.2729  0.3624  0.2651 -0.0684  0.0700 1.7261e-04 -3.2455e-06 3.2661e-06  0.3100  0.0000  0.0000  0.9742  25825.8      375     '1T'
    350  7.0770 -0.3492  0.4076  0.2374 -0.0711  0.0732 1.7838e-04 -3.3500e-06 3.3478e-06  0.3100  0.0000  0.0000  0.9989  26385.3      380     '1T'
    351  7.2653 -0.4163  0.4199  0.2734 -0.0779  0.0803 1.6745e-04 -3.3169e-06 3.3206e-06  0.3100  0.0000  0.0000  1.0095  25302.9      380     '1T'
    352  7.1005 -0.3867  0.4244  0.1907 -0.0713  0.0729 1.7750e-04 -3.3423e-06 3.3455e-06  0.3100  0.0000  0.0000  1.2139  26182.3      387     '1T'
    353  6.6810 -0.2915  0.3695  0.1812 -0.0688  0.0704 1.8063e-04 -3.5093e-06 3.5429e-06  0.3100  0.0000  0.0000  1.0606  26261.9      388     '1T'
    354  6.5623 -0.2952  0.3182  0.1887 -0.0706  0.0727 1.7915e-04 -3.5939e-06 3.6265e-06  0.3100  0.0000  0.0000  1.1037  26023.7      391     '1T'
    355  6.5916 -0.2935  0.3287  0.2561 -0.0755  0.0783 1.7938e-04 -3.7651e-06 3.7983e-06  0.3100  0.0000  0.0000  1.0880  26199.0      401     '1T'
    356  6.7109 -0.2985  0.3640  0.2654 -0.0807  0.0832 1.7811e-04 -3.7973e-06 3.8304e-06  0.3100  0.0000  0.0000  1.1751  26311.7      406     '1T'
    357  6.4739 -0.3065  0.3093  0.2261 -0.0790  0.0822 1.7803e-04 -3.9383e-06 3.9728e-06  0.3100  0.0000  0.0000  1.1570  26219.1      413     '1T'
    358  5.9568 -0.3180  0.3226  0.1224 -0.0705  0.0733 1.8220e-04 -4.0494e-06 4.0540e-06  0.3100  0.0000  0.0000  1.2531  25807.6      419     '1T'
    359  5.6925 -0.3110  0.3117  0.2947 -0.0793  0.0831 1.8005e-04 -4.2698e-06 4.2839e-06  0.3100  0.0000  0.0000  1.3122  26186.3      429     '1T'
    360  5.9423 -0.3220  0.3245  0.2976 -0.0862  0.0903 1.8019e-04 -4.4203e-06 4.4343e-06  0.3100  0.0000  0.0000  1.3879  26310.9      437     '1T'
    361  5.9235 -0.3308  0.3316  0.2902 -0.0882  0.0932 1.8931e-04 -4.8645e-06 4.9076e-06  0.3100  0.0000  0.0000  1.3103  26756.1      443     '1T'
    362  5.8982 -0.3282  0.3291  0.3700 -0.0954  0.1004 1.9400e-04 -5.0912e-06 5.1257e-06  0.3100  0.0000  0.0000  1.5049  27492.0      443     '1T'
    363  5.5527 -0.3618  0.3515  0.2884 -0.0893  0.0945 2.0477e-04 -5.4936e-06 6.0702e-06  0.3100  0.0000  0.0000  1.6382  27687.6      444     '1T'
    364  5.2008 -0.2723  0.3381  0.1590 -0.0828  0.0864 2.2819e-04 -6.4217e-06 6.5721e-06  0.3100  0.0000  0.0000  1.8566  28277.7      444     '1T'
    365  5.2522 -0.2685  0.4290  0.6089 -0.1211  0.1292 2.3092e-04 -7.7911e-06 7.9365e-06  0.3100  0.0000  0.0000  2.0146  28397.2      444     '1T'
    366  0.7578 -0.0455  0.0484  0.2041 -0.1039  0.0622 4.1456e-04 -7.5790e-05 8.7986e-05  0.3100  0.0000  0.0000  1.7402   3773.1      293     '1T'
