Radius1 | Radius2 | SB |   SBError | BGRD |      BGRDError | BinNo
                   0.0 |                 5.412 |         4.74652726357e-06 | 2.80537458939e-08 |            6.36187122649e-09 | 1.02705880664e-09 |          0
                 5.412 |                 8.364 |         1.56629572766e-06 | 9.07309811993e-09 |            2.81838052014e-09 |  3.8487396735e-10 |          1
                 8.364 |                10.824 |         1.37805868833e-06 | 7.88384964627e-09 |            2.91616839024e-09 | 3.62669299454e-10 |          2
                10.824 |                12.792 |         1.25060717711e-06 | 7.71839012808e-09 |             2.8309519488e-09 | 3.67225238836e-10 |          3
                12.792 |                 14.76 |          1.1618679977e-06 | 6.83700265335e-09 |            2.69574547203e-09 | 3.29326598915e-10 |          4
                 14.76 |                16.728 |         1.03228398082e-06 | 6.00882622548e-09 |            2.67959658744e-09 | 3.06143286016e-10 |          5
                16.728 |                18.696 |         9.41899459351e-07 | 5.41818295003e-09 |            2.75807044803e-09 | 2.93193328659e-10 |          6
                18.696 |                20.664 |         9.28989860362e-07 | 5.14996033207e-09 |            2.71939754441e-09 | 2.78634404131e-10 |          7
                20.664 |                 22.14 |          9.2274294334e-07 | 5.69137514293e-09 |            2.62739352514e-09 | 3.03696226285e-10 |          8
                 22.14 |                23.616 |         9.03254396894e-07 | 5.57562965169e-09 |            2.74860316172e-09 | 3.07570667901e-10 |          9
                23.616 |                25.092 |         8.78738310034e-07 | 5.27080991935e-09 |             2.7551029654e-09 | 2.95132123566e-10 |         10
                25.092 |                26.568 |         8.44592345435e-07 | 5.13916482561e-09 |            2.81303543771e-09 | 2.96590053535e-10 |         11
                26.568 |                28.044 |           8.028981698e-07 | 4.90600852669e-09 |            2.71849685392e-09 | 2.85471308529e-10 |         12
                28.044 |                 29.52 |         7.49535121535e-07 | 4.67767190934e-09 |            2.63231787634e-09 | 2.77206190628e-10 |         13
                 29.52 |                30.996 |          7.1306014433e-07 | 4.43268846872e-09 |            2.63879334124e-09 | 2.69653980172e-10 |         14
                30.996 |                32.964 |         6.64662193959e-07 | 3.68320467837e-09 |            2.71585798572e-09 |  2.3543925765e-10 |         15
                32.964 |                34.932 |         5.99985269566e-07 | 3.39329100487e-09 |            2.59851460838e-09 | 2.23312690564e-10 |         16
                34.932 |                  36.9 |         5.33745183717e-07 | 3.14148708432e-09 |            2.68629684017e-09 | 2.22866760006e-10 |         17
                  36.9 |                38.868 |         4.78619516469e-07 | 2.90480738179e-09 |            2.74109576314e-09 | 2.19828619611e-10 |         18
                38.868 |                40.836 |         4.18029810467e-07 | 2.63985438902e-09 |            2.67086595238e-09 | 2.11009692108e-10 |         19
                40.836 |                43.296 |          3.8002286548e-07 | 2.16834947339e-09 |              2.774675253e-09 | 1.85280833525e-10 |         20
                43.296 |                45.756 |         3.29429440567e-07 | 1.95192767311e-09 |            2.65123548384e-09 | 1.75108277395e-10 |         21
                45.756 |                48.216 |         2.95734423254e-07 |  1.7819772965e-09 |            2.71389271036e-09 | 1.70705522627e-10 |         22
                48.216 |                50.676 |         2.51232099253e-07 | 1.57808285803e-09 |            2.58812209525e-09 | 1.60171268576e-10 |         23
                50.676 |                53.628 |         2.23457973647e-07 | 1.30605200287e-09 |            2.66991149192e-09 | 1.42761452315e-10 |         24
                53.628 |                 56.58 |         2.09901730358e-07 | 1.22652631931e-09 |            2.68598089988e-09 | 1.38745954369e-10 |         25
                 56.58 |                59.532 |           2.067738328e-07 |  1.2035303793e-09 |             2.7227125182e-09 | 1.38105238755e-10 |         26
                59.532 |                61.992 |         2.23159656736e-07 | 1.38507442659e-09 |            2.93291033903e-09 | 1.58786904493e-10 |         27
                61.992 |                64.452 |         2.30855218025e-07 | 1.39307792322e-09 |            2.93575004696e-09 | 1.57095998319e-10 |         28
                64.452 |                 66.42 |         2.93453920019e-07 | 1.71254886904e-09 |            3.02265418403e-09 | 1.73807002969e-10 |         29
                 66.42 |                 68.88 |          1.8890509355e-07 | 1.19000305395e-09 |            2.90517485853e-09 | 1.47574860403e-10 |         30
                 68.88 |                72.816 |          1.0971357526e-07 | 6.68827996208e-10 |            2.65166231086e-09 | 1.03978454913e-10 |         31
                72.816 |                76.752 |         9.80807315743e-08 | 6.14444582586e-10 |             2.6400478449e-09 |  1.0080841481e-10 |         32
                76.752 |                80.688 |          9.3141444734e-08 |  5.8482089577e-10 |            2.65004597732e-09 | 9.86456871634e-11 |         33
                80.688 |                84.624 |         8.97613032254e-08 | 5.60757752596e-10 |            2.63835376792e-09 | 9.61384724726e-11 |         34
                84.624 |                 88.56 |         8.79233631255e-08 | 5.44481217387e-10 |            2.65323952069e-09 | 9.45842873337e-11 |         35
                 88.56 |                92.496 |         8.58909354957e-08 | 5.28269331901e-10 |            2.63087262181e-09 | 9.24552614504e-11 |         36
                92.496 |                96.432 |         8.25729072507e-08 | 5.08700449953e-10 |            2.63500080227e-09 | 9.08727571226e-11 |         37
                96.432 |               100.368 |         7.97862110503e-08 | 4.89644581206e-10 |            2.59689362145e-09 | 8.83372979901e-11 |         38
               100.368 |               104.304 |         7.66179502792e-08 | 4.71857714055e-10 |            2.60178224032e-09 | 8.69523411496e-11 |         39
               104.304 |                108.24 |         7.42081781849e-08 | 4.52756694834e-10 |            2.65960911275e-09 | 8.57132371805e-11 |         40
                108.24 |               112.176 |         7.09488011524e-08 | 4.34542843327e-10 |            2.65124763253e-09 | 8.40011462768e-11 |         41
               112.176 |               116.112 |         6.86093048412e-08 |  4.1871483177e-10 |            2.59606007969e-09 | 8.14487112713e-11 |         42
               116.112 |               120.048 |         6.58843449942e-08 | 4.01868267729e-10 |            2.58358999926e-09 | 7.95800820378e-11 |         43
               120.048 |               123.984 |         6.37599927912e-08 | 3.94169882822e-10 |            2.61824560496e-09 | 7.98756693917e-11 |         44
               123.984 |                127.92 |         6.12709655754e-08 | 3.81971997344e-10 |            2.60417527965e-09 | 7.87479508153e-11 |         45
                127.92 |               131.856 |         5.89542614724e-08 |  3.6447290681e-10 |            2.57832772304e-09 | 7.62213646058e-11 |         46
               131.856 |               135.792 |         5.62139139112e-08 | 3.51690281265e-10 |             2.5532230168e-09 | 7.49519357945e-11 |         47
               135.792 |               139.728 |         5.41848671151e-08 | 3.42345978368e-10 |            2.61065474225e-09 | 7.51451454191e-11 |         48
               139.728 |               144.156 |         5.17558197282e-08 | 3.10966458567e-10 |             2.5807448503e-09 |  6.9439480789e-11 |         49
               144.156 |               148.584 |         4.97661649649e-08 | 3.04563974146e-10 |            2.62623359835e-09 | 6.99645600225e-11 |         50
               148.584 |               153.012 |          4.7942582009e-08 | 2.93251324557e-10 |             2.5941386999e-09 |  6.8214371553e-11 |         51
               153.012 |                157.44 |         4.61537887185e-08 | 2.80373389336e-10 |            2.57482808174e-09 | 6.62227538837e-11 |         52
                157.44 |               161.868 |         4.45318588674e-08 | 2.71627517591e-10 |             2.5965347915e-09 | 6.55896670161e-11 |         53
               161.868 |               166.296 |         4.22798744724e-08 | 2.61044053382e-10 |            2.59891591791e-09 | 6.47206793074e-11 |         54
               166.296 |               170.724 |         4.12044058231e-08 | 2.54739500952e-10 |            2.58213019776e-09 | 6.37695779233e-11 |         55
               170.724 |               175.152 |         3.94416889653e-08 | 2.46038372657e-10 |            2.57944595534e-09 | 6.29199401629e-11 |         56
               175.152 |                179.58 |          3.7691672439e-08 | 2.35491670301e-10 |            2.54585214991e-09 | 6.12025357122e-11 |         57
                179.58 |               184.008 |         3.61692722052e-08 | 2.28382012123e-10 |            2.55154262509e-09 | 6.06587473988e-11 |         58
               184.008 |               188.436 |         3.54007007498e-08 | 2.22804429461e-10 |            2.56331699009e-09 | 5.99541239557e-11 |         59
               188.436 |               192.864 |         3.43986218016e-08 | 2.17706342261e-10 |            2.55111153218e-09 | 5.92877941204e-11 |         60
               192.864 |               197.784 |         3.33291003741e-08 | 2.01110634491e-10 |            2.57163726646e-09 | 5.58634963151e-11 |         61
               197.784 |               202.704 |         3.19092664672e-08 | 1.94461746995e-10 |            2.57094348559e-09 |  5.5197832356e-11 |         62
               202.704 |               207.624 |         2.98796432601e-08 | 1.85456109792e-10 |            2.58321717554e-09 | 5.45297993492e-11 |         63
               207.624 |               212.544 |         2.85535369488e-08 | 1.79130254838e-10 |            2.58167274122e-09 | 5.38628822639e-11 |         64
               212.544 |               217.956 |          2.7109590483e-08 | 1.64154687938e-10 |            2.56012681848e-09 | 5.04455128709e-11 |         65
               217.956 |               223.368 |         2.58424793268e-08 |  1.5803521496e-10 |            2.58140122485e-09 | 4.99475899223e-11 |         66
               223.368 |                228.78 |         2.53057005019e-08 | 1.54525321429e-10 |            2.55647260968e-09 | 4.91146476371e-11 |         67
                228.78 |               234.192 |         2.42485020397e-08 | 1.49690508766e-10 |            2.57624758791e-09 | 4.87916599888e-11 |         68
               234.192 |               239.604 |         2.31991755624e-08 | 1.44696507966e-10 |            2.57420200516e-09 | 4.81995605021e-11 |         69
               239.604 |               245.016 |         2.29731843045e-08 | 1.42562753287e-10 |            2.56869038181e-09 | 4.76706807934e-11 |         70
               245.016 |               250.428 |         2.21600530453e-08 | 1.38526328168e-10 |             2.6113720949e-09 | 4.75533717043e-11 |         71
               250.428 |                255.84 |          2.1580758211e-08 | 1.35450503111e-10 |            2.60425306475e-09 | 4.70531683309e-11 |         72
                255.84 |               261.744 |         2.09724220203e-08 | 1.27353805069e-10 |            2.62476151367e-09 | 4.50539179609e-11 |         73
               261.744 |               267.156 |         2.10796333251e-08 | 1.32345969222e-10 |            2.59489472318e-09 | 4.64343180578e-11 |         74
               267.156 |               272.568 |         2.05470188681e-08 | 1.28467389527e-10 |            2.61878111164e-09 | 4.58635940831e-11 |         75
               272.568 |                277.98 |         1.97276782381e-08 | 1.23710239905e-10 |            2.62703009953e-09 | 4.51440150323e-11 |         76
                277.98 |               283.392 |         1.96050288403e-08 |  1.2185822312e-10 |              2.580079924e-09 | 4.42066584309e-11 |         77
               283.392 |               288.804 |         1.90977376246e-08 | 1.20107308131e-10 |            2.61145758428e-09 | 4.44140065121e-11 |         78
               288.804 |               294.216 |          1.8669748857e-08 | 1.16724995221e-10 |            2.62510066845e-09 | 4.37691003948e-11 |         79
               294.216 |               299.628 |         1.83125965868e-08 | 1.14820407271e-10 |            2.64446644679e-09 | 4.36328062845e-11 |         80
               299.628 |                305.04 |         1.78783126982e-08 | 1.12647406586e-10 |            2.62898757327e-09 | 4.31968622378e-11 |         81
                305.04 |               310.452 |         1.76813852386e-08 | 1.10470618076e-10 |            2.64511349521e-09 | 4.27278251939e-11 |         82
               310.452 |               316.356 |         1.68961437336e-08 | 1.02641485546e-10 |            2.60853925735e-09 | 4.03299621962e-11 |         83
               316.356 |                322.26 |         1.64596519715e-08 | 1.01946213775e-10 |            2.61568660898e-09 | 4.06399959095e-11 |         84
                322.26 |               328.164 |         1.59226382006e-08 | 9.84049027186e-11 |            2.62261845424e-09 | 3.99371225925e-11 |         85
               328.164 |               334.068 |         1.54366254248e-08 |   9.566579184e-11 |            2.61040028405e-09 |   3.933997245e-11 |         86
               334.068 |               339.972 |         1.51504489555e-08 | 9.54652562596e-11 |            2.63170250328e-09 | 3.97878993525e-11 |         87
               339.972 |               345.876 |         1.50715149203e-08 | 9.44330007254e-11 |            2.63584699773e-09 |   3.949166609e-11 |         88
               345.876 |                351.78 |         1.46877006971e-08 | 9.25104349472e-11 |            2.64285153556e-09 | 3.92419171596e-11 |         89
                351.78 |               358.176 |         1.41834822709e-08 | 8.66701297246e-11 |            2.64328128134e-09 |  3.7415342066e-11 |         90
               358.176 |                364.08 |         1.38847169228e-08 | 8.75657005792e-11 |            2.65664833615e-09 | 3.83029800043e-11 |         91
                364.08 |               369.984 |         1.39575053484e-08 | 8.69860825991e-11 |            2.65724665205e-09 | 3.79543728653e-11 |         92
               369.984 |               375.888 |         1.37667718346e-08 | 8.58969819172e-11 |            2.65310649369e-09 | 3.77084923494e-11 |         93
               375.888 |               381.792 |         1.34533184514e-08 | 8.46127602727e-11 |            2.67964667665e-09 | 3.77624288915e-11 |         94
               381.792 |               387.696 |         1.34748350524e-08 |  8.4303611448e-11 |            2.67733215555e-09 | 3.75781665411e-11 |         95
               387.696 |                 393.6 |         1.32213431291e-08 | 8.36662841901e-11 |            2.69658616141e-09 | 3.77850356502e-11 |         96
                 393.6 |               399.996 |         1.29486089329e-08 | 7.89952389858e-11 |            2.70380621503e-09 | 3.60975008465e-11 |         97
               399.996 |               406.392 |         1.26425781294e-08 | 7.68158741758e-11 |            2.73199569674e-09 | 3.57086289749e-11 |         98
               406.392 |               412.296 |         1.26862056782e-08 | 8.00635200669e-11 |            2.73968237265e-09 | 3.72065071392e-11 |         99
               412.296 |               418.692 |          1.2331817659e-08 | 7.61577866798e-11 |            2.73751477157e-09 | 3.58821958569e-11 |        100
               418.692 |               425.088 |         1.21237120139e-08 | 7.45247089897e-11 |            2.75599393316e-09 | 3.55321586172e-11 |        101
               425.088 |               431.484 |         1.21497453013e-08 | 7.39936579369e-11 |            2.75580303673e-09 | 3.52399268109e-11 |        102
               431.484 |                437.88 |         1.18430473077e-08 | 7.25387578755e-11 |            2.74378097618e-09 | 3.49150836352e-11 |        103
                437.88 |               444.276 |          1.1656518708e-08 | 7.17041330608e-11 |             2.7783368161e-09 | 3.50067825126e-11 |        104
               444.276 |               451.164 |         1.13938041777e-08 | 6.95600218191e-11 |             2.7803760291e-09 | 3.43618937525e-11 |        105
               451.164 |               458.052 |         1.13091697447e-08 | 6.89452269447e-11 |            2.81686851657e-09 | 3.44090069177e-11 |        106
               458.052 |               464.448 |         1.10834320479e-08 | 6.98209910714e-11 |            2.83540132612e-09 | 3.53147522851e-11 |        107
               464.448 |               471.336 |         1.07459164111e-08 |  6.5886926158e-11 |             2.8272553352e-09 | 3.37955907802e-11 |        108
               471.336 |               478.224 |         1.05062151137e-08 | 6.57445569538e-11 |             2.8522221833e-09 | 3.42553429126e-11 |        109
               478.224 |               485.604 |          1.0435538039e-08 |  6.5312405669e-11 |            2.84041780336e-09 | 3.40744908673e-11 |        110
               485.604 |               492.984 |         1.02644428845e-08 | 6.48867642685e-11 |            2.84252026436e-09 | 3.41460285435e-11 |        111
               492.984 |               500.856 |         1.01235197894e-08 | 6.32020642132e-11 |            2.87619338008e-09 | 3.36879475362e-11 |        112
               500.856 |                509.22 |         9.97949986625e-09 | 6.17377020362e-11 |            2.87307401184e-09 | 3.31260377016e-11 |        113
                509.22 |               517.584 |         9.71283424723e-09 | 6.09041689163e-11 |             2.8802727071e-09 | 3.31658269594e-11 |        114
               517.584 |               526.932 |         9.35972023828e-09 | 5.85170353884e-11 |            2.90719405471e-09 | 3.26127846653e-11 |        115
               526.932 |               535.788 |         9.57920553922e-09 |  6.0255511515e-11 |            2.88643745587e-09 | 3.30760099491e-11 |        116
               535.788 |               544.644 |         9.54551447979e-09 | 5.97936383407e-11 |            2.88807234165e-09 | 3.28896566224e-11 |        117
               544.644 |               553.992 |          9.4194863374e-09 | 5.95760924461e-11 |            2.86511417443e-09 | 3.28571102419e-11 |        118
               553.992 |               564.816 |         9.37908367596e-09 | 5.82889881253e-11 |            2.88174909015e-09 | 3.23098102403e-11 |        119
               564.816 |               576.624 |         9.41022564255e-09 | 5.84941514125e-11 |            2.86966460331e-09 | 3.23018959539e-11 |        120
               576.624 |               588.432 |         9.69948308127e-09 | 6.06491420371e-11 |            2.85373254514e-09 | 3.28970535025e-11 |        121
               588.432 |               600.732 |         9.69653429909e-09 | 6.05816189407e-11 |            2.83179604053e-09 | 3.27388623267e-11 |        122
               600.732 |               613.524 |         9.68773837191e-09 | 6.07408246772e-11 |            2.80599495258e-09 | 3.26898484963e-11 |        123
               613.524 |               627.792 |         9.74574148254e-09 |  6.0976375212e-11 |             2.7945605108e-09 | 3.26520856064e-11 |        124
               627.792 |               643.536 |         1.00195899613e-08 | 6.25077734285e-11 |             2.7780595065e-09 |  3.2913937455e-11 |        125
               643.536 |                661.74 |         9.55832544002e-09 | 6.00192524135e-11 |            2.76403564037e-09 | 3.22753885206e-11 |        126
                661.74 |               684.864 |         9.22792595126e-09 | 5.83922525185e-11 |            2.80683464299e-09 | 3.22041309169e-11 |        127
               684.864 |                 713.4 |         9.11710786735e-09 | 5.74251284749e-11 |            2.87573383988e-09 | 3.22513411565e-11 |        128
                 713.4 |               746.856 |         8.74708876628e-09 | 5.50765299428e-11 |            2.99842321148e-09 | 3.22464015187e-11 |        129
               746.856 |               794.088 |         7.41222383905e-09 |  4.6884489592e-11 |             3.2422212737e-09 | 3.10081779168e-11 |        130
               794.088 |               849.192 |         6.46525981683e-09 | 4.07962448117e-11 |            3.38570688378e-09 | 2.95224146708e-11 |        131
               849.192 |               913.152 |         5.13697496857e-09 | 3.25039565287e-11 |            3.51276903734e-09 | 2.68786419959e-11 |        132
               913.152 |              1001.712 |          3.4634022368e-09 | 2.18910767621e-11 |            3.50944432847e-09 | 2.20361057897e-11 |        133
              1001.712 |              1142.424 |         2.10609782722e-09 | 1.33173994693e-11 |            3.44422358977e-09 | 1.70304376873e-11 |        134
              1142.424 |         2382.08304951 |         9.89527023835e-10 | 8.17901344232e-12 |             3.3952191896e-09 | 1.51502915825e-11 |        135
                   0.0 |                 3.936 |                       inf |               inf |                          inf |               inf |        136
                 3.936 |                 5.412 |         4.23031554396e-06 | 2.67643154566e-08 |            5.69844110649e-09 | 9.82308227905e-10 |        137
                 5.412 |                 6.888 |         1.96640942083e-06 | 1.12034599492e-08 |            2.77120439658e-09 | 4.20580824522e-10 |        138
                 6.888 |                 7.872 |         1.87704640006e-06 |  1.1737863997e-08 |            2.75823620795e-09 | 4.49953156561e-10 |        139
                 7.872 |                 8.856 |         1.84242142729e-06 | 1.13484998974e-08 |            2.98431285819e-09 | 4.56736948498e-10 |        140
                 8.856 |                  9.84 |         1.85850607545e-06 | 1.05588195631e-08 |            2.81174070557e-09 | 4.10696518795e-10 |        141
                  9.84 |                10.824 |          1.8496267454e-06 | 1.01489716528e-08 |              2.716210488e-09 | 3.88921279107e-10 |        142
                10.824 |                11.808 |          1.8038240144e-06 | 9.80019639439e-09 |            2.87102394632e-09 | 3.90981410802e-10 |        143
                11.808 |                12.792 |          1.7426056174e-06 | 8.77648356001e-09 |            2.71058349923e-09 | 3.46140484336e-10 |        144
                12.792 |                13.776 |          1.7610875165e-06 | 8.61969318999e-09 |            2.80637807453e-09 | 3.44091874332e-10 |        145
                13.776 |                 14.76 |         1.71263899943e-06 | 8.33308954757e-09 |              2.814811014e-09 | 3.37829643479e-10 |        146
                 14.76 |                15.744 |         1.68292932344e-06 | 7.81397908082e-09 |            2.71974124697e-09 | 3.14125418639e-10 |        147
                15.744 |                16.728 |         1.64124731539e-06 | 7.57649217486e-09 |            2.59511904954e-09 |  3.0127271988e-10 |        148
                16.728 |                17.712 |         1.60434848846e-06 | 7.44768005935e-09 |            2.76596367101e-09 | 3.09239448013e-10 |        149
                17.712 |                18.204 |         1.59904036052e-06 | 9.71704283931e-09 |             2.8271238161e-09 | 4.08579724193e-10 |        150
                18.204 |                18.696 |         1.59616891371e-06 | 9.78828531651e-09 |            2.72519529349e-09 | 4.04451087528e-10 |        151
                18.696 |                19.188 |         1.53861770448e-06 |  9.5344381163e-09 |            3.02416717472e-09 | 4.22700377025e-10 |        152
                19.188 |                20.172 |         1.52264106778e-06 | 6.73906889018e-09 |            2.80530366636e-09 | 2.89261777176e-10 |        153
                20.172 |                20.664 |         1.45930744607e-06 |  8.9888079115e-09 |            2.51365969249e-09 | 3.73062802227e-10 |        154
                20.664 |                21.156 |         1.42172436739e-06 | 8.85065594914e-09 |            2.72316318926e-09 | 3.87350905574e-10 |        155
                21.156 |                21.648 |         1.44489258251e-06 | 8.56476335634e-09 |            2.67246557701e-09 | 3.68344029248e-10 |        156
                21.648 |                 22.14 |         1.38467376687e-06 | 8.48139772483e-09 |            2.65686860161e-09 | 3.71517033731e-10 |        157
                 22.14 |                22.632 |         1.36909283512e-06 | 8.27122633371e-09 |            2.92575506492e-09 | 3.82359976055e-10 |        158
                22.632 |                23.616 |         1.29255692097e-06 | 5.81763448799e-09 |            2.68227771874e-09 | 2.65016831573e-10 |        159
                23.616 |                24.108 |         1.24595415699e-06 | 7.51432762064e-09 |            2.66880913971e-09 | 3.47774583997e-10 |        160
                24.108 |                25.092 |         1.19299822173e-06 | 5.30414727396e-09 |            2.73301221344e-09 |   2.538729797e-10 |        161
                25.092 |                26.076 |         1.12897212818e-06 | 5.14185787926e-09 |            2.86177304537e-09 | 2.58878535858e-10 |        162
                26.076 |                26.568 |         1.11861340685e-06 | 6.79654909035e-09 |            2.83342454912e-09 |  3.4206154875e-10 |        163
                26.568 |                27.552 |         1.05096422441e-06 | 4.81571398708e-09 |            2.60077932551e-09 | 2.39562289627e-10 |        164
                27.552 |                28.536 |         9.98100657576e-07 | 4.55833959995e-09 |            2.72471209243e-09 | 2.38166036187e-10 |        165
                28.536 |                 29.52 |          9.3172376804e-07 | 4.41247086973e-09 |              2.815910362e-09 | 2.42575922987e-10 |        166
                 29.52 |                30.504 |         8.61050510811e-07 | 4.05274569816e-09 |            2.71464056554e-09 | 2.27557521622e-10 |        167
                30.504 |                31.488 |         7.95465777252e-07 | 3.89461268624e-09 |            2.72420377206e-09 | 2.27915222379e-10 |        168
                31.488 |                32.472 |         7.46106172052e-07 | 3.77372245225e-09 |             2.5269092994e-09 | 2.19616244158e-10 |        169
                32.472 |                33.456 |         7.06477353418e-07 |   3.582193801e-09 |            2.60813156502e-09 | 2.17653022713e-10 |        170
                33.456 |                 34.44 |         6.65859896652e-07 | 3.49069994007e-09 |            2.69858449446e-09 | 2.22223049214e-10 |        171
                 34.44 |                35.424 |         6.32582490749e-07 | 3.26297249857e-09 |             2.6359000578e-09 | 2.10629555775e-10 |        172
                35.424 |                36.408 |          6.0343554243e-07 |  3.1967803574e-09 |            2.56282969129e-09 | 2.08332600998e-10 |        173
                36.408 |                37.392 |          5.8142027135e-07 | 3.04944685427e-09 |            2.67371786705e-09 | 2.06792023229e-10 |        174
                37.392 |                38.376 |         5.56209900583e-07 | 3.01156625358e-09 |            2.64395310191e-09 | 2.07634694257e-10 |        175
                38.376 |                 39.36 |         5.33352660626e-07 | 2.88199639424e-09 |            2.51441332076e-09 | 1.97881200317e-10 |        176
                 39.36 |                40.344 |         5.19957670294e-07 | 2.80403571505e-09 |            2.58595967484e-09 | 1.97747242344e-10 |        177
                40.344 |                41.328 |         4.94740411625e-07 | 2.69254258555e-09 |            2.66533044024e-09 | 1.97628430179e-10 |        178
                41.328 |                42.312 |         4.67543790968e-07 | 2.59368228477e-09 |             2.7253267461e-09 | 1.98022666089e-10 |        179
                42.312 |                43.296 |         4.41575390014e-07 | 2.46611290246e-09 |            2.67882789025e-09 | 1.92080341622e-10 |        180
                43.296 |                 44.28 |         4.05060508521e-07 | 2.35564628188e-09 |            2.64612144992e-09 | 1.90394775342e-10 |        181
                 44.28 |                45.264 |         3.86827998468e-07 | 2.24023565953e-09 |            2.62160368943e-09 | 1.84424355247e-10 |        182
                45.264 |                46.248 |         3.64883935014e-07 | 2.17979707751e-09 |            2.70082581813e-09 | 1.87537006588e-10 |        183
                46.248 |                47.232 |          3.5407046152e-07 | 2.10056588726e-09 |            2.55062849464e-09 | 1.78285103807e-10 |        184
                47.232 |                48.216 |         3.38694309504e-07 | 2.04706516414e-09 |            2.61188229257e-09 | 1.79764739069e-10 |        185
                48.216 |                  49.2 |         3.23616611796e-07 | 1.95153118983e-09 |              2.687892129e-09 | 1.77854974202e-10 |        186
                  49.2 |                50.184 |         3.03911993937e-07 | 1.88513756496e-09 |             2.6637664265e-09 | 1.76488815008e-10 |        187
                50.184 |                51.168 |         2.93873292747e-07 | 1.82351969634e-09 |            2.75369440072e-09 | 1.76517705862e-10 |        188
                51.168 |                52.152 |         2.80634126383e-07 | 1.77210455378e-09 |            2.65720595065e-09 | 1.72437491816e-10 |        189
                52.152 |                53.628 |         2.69425873607e-07 | 1.41677776514e-09 |            2.77227318106e-09 | 1.43714340545e-10 |        190
                53.628 |                55.104 |         2.57225381723e-07 | 1.36992781992e-09 |            2.86776125934e-09 | 1.44647945507e-10 |        191
                55.104 |                 56.58 |         2.49193898444e-07 | 1.33991386406e-09 |            2.81956740315e-09 | 1.42527740671e-10 |        192
                 56.58 |                57.564 |          2.8170979476e-07 | 1.72460183876e-09 |            2.87721944411e-09 | 1.74290755386e-10 |        193
                57.564 |                58.548 |          3.3799683139e-07 |   1.863700043e-09 |             2.8187207148e-09 | 1.70194584535e-10 |        194
                58.548 |                59.532 |          2.7244882204e-07 | 1.66303132051e-09 |            2.68837772034e-09 | 1.65197363784e-10 |        195
                59.532 |                61.008 |         1.94843298977e-07 | 1.12781524568e-09 |            2.78353347032e-09 | 1.34801103413e-10 |        196
                61.008 |                62.484 |         1.68435060789e-07 | 1.01897949039e-09 |            2.70399779537e-09 |    1.29107766e-10 |        197
                62.484 |                 63.96 |          1.5604706304e-07 | 9.74037452475e-10 |            2.66846270195e-09 |  1.2737330327e-10 |        198
                 63.96 |                65.928 |         1.44373143326e-07 | 7.95410678083e-10 |             2.6686263638e-09 | 1.08141429667e-10 |        199
                65.928 |                67.896 |          1.3563344879e-07 | 7.61670520793e-10 |            2.61245803929e-09 | 1.05708132221e-10 |        200
                67.896 |                69.864 |         1.28169886813e-07 | 7.33112226688e-10 |            2.68592935145e-09 | 1.06126719347e-10 |        201
                69.864 |                71.832 |         1.22209048452e-07 | 7.04097363699e-10 |            2.64901011862e-09 | 1.03662781788e-10 |        202
                71.832 |                  73.8 |         1.15093348878e-07 | 6.73800778505e-10 |            2.66351269479e-09 | 1.02502337185e-10 |        203
                  73.8 |                75.768 |         1.08875593099e-07 | 6.49519143475e-10 |            2.60732670073e-09 | 1.00513503732e-10 |        204
                75.768 |                77.736 |         1.04351224391e-07 | 6.20392045173e-10 |             2.5968537899e-09 | 9.78681056439e-11 |        205
                77.736 |                79.704 |         9.81617507319e-08 | 6.00196220369e-10 |            2.63706675269e-09 | 9.83745332047e-11 |        206
                79.704 |                81.672 |         9.54846444163e-08 | 5.83622558266e-10 |            2.62833543614e-09 | 9.68290538464e-11 |        207
                81.672 |                 83.64 |         9.02992483056e-08 | 5.55489848546e-10 |            2.65493855956e-09 | 9.52491921128e-11 |        208
                 83.64 |                85.608 |         8.65590732082e-08 | 5.41146524284e-10 |            2.62668347712e-09 | 9.42676017881e-11 |        209
                85.608 |                87.576 |         8.34514283109e-08 | 5.23509068485e-10 |            2.62120428394e-09 |  9.2780723637e-11 |        210
                87.576 |                89.544 |         8.10214512829e-08 | 5.09102155925e-10 |             2.6283549555e-09 | 9.16952695782e-11 |        211
                89.544 |                91.512 |         7.86595728758e-08 | 4.94713776373e-10 |             2.6538636517e-09 | 9.08693706418e-11 |        212
                91.512 |                93.972 |         7.54319891494e-08 | 4.29563778586e-10 |            2.63254449479e-09 | 8.02486477875e-11 |        213
                93.972 |                96.432 |          7.2079817178e-08 | 4.17201355628e-10 |            2.61418905923e-09 |  7.9452460332e-11 |        214
                96.432 |                98.892 |         6.85523742065e-08 | 4.02777866806e-10 |            2.62047139656e-09 | 7.87488199538e-11 |        215
                98.892 |               101.352 |         6.63016458155e-08 | 3.88971682821e-10 |            2.60043106603e-09 | 7.70332994125e-11 |        216
               101.352 |               103.812 |          6.4634537924e-08 | 3.75530982543e-10 |            2.61038971878e-09 |  7.5468568326e-11 |        217
               103.812 |               106.272 |         6.17177176302e-08 | 3.62695500811e-10 |             2.6093442802e-09 | 7.45766571165e-11 |        218
               106.272 |               108.732 |         5.95986605798e-08 | 3.52380658108e-10 |            2.64922696073e-09 | 7.42939412969e-11 |        219
               108.732 |               111.192 |         5.74781055459e-08 | 3.41787663497e-10 |            2.59979546302e-09 | 7.26900135741e-11 |        220
               111.192 |               113.652 |         5.50822977987e-08 | 3.31318303512e-10 |            2.60528878928e-09 | 7.20555307515e-11 |        221
               113.652 |               116.112 |         5.33217076721e-08 | 3.22304714036e-10 |            2.59692742405e-09 | 7.11286436306e-11 |        222
               116.112 |               118.572 |         5.18111739107e-08 | 3.14812484533e-10 |            2.61891657706e-09 | 7.07784553248e-11 |        223
               118.572 |               121.032 |         4.88535094439e-08 | 3.03709450147e-10 |            2.60427579846e-09 | 7.01219369411e-11 |        224
               121.032 |               123.492 |          4.7332406491e-08 | 2.95366196637e-10 |            2.61169604988e-09 | 6.93813580608e-11 |        225
               123.492 |               125.952 |         4.56993619953e-08 | 2.86764390246e-10 |            2.57813981699e-09 |   6.811195909e-11 |        226
               125.952 |               128.412 |         4.41061780597e-08 | 2.78742731966e-10 |            2.60444829328e-09 | 6.77347762164e-11 |        227
               128.412 |               131.364 |          4.2089684384e-08 | 2.45904368205e-10 |            2.58929445666e-09 | 6.09914749568e-11 |        228
               131.364 |               134.316 |         4.02747183932e-08 | 2.37482480697e-10 |            2.54179629836e-09 | 5.96603345632e-11 |        229
               134.316 |               137.268 |         3.79513847896e-08 | 2.27083895888e-10 |            2.59015174551e-09 | 5.93246401165e-11 |        230
               137.268 |                140.22 |         3.62753792878e-08 | 2.19561858856e-10 |            2.62636344204e-09 |  5.9078344807e-11 |        231
                140.22 |               143.172 |         3.53757565887e-08 | 2.14182661465e-10 |            2.57680409633e-09 | 5.78058987656e-11 |        232
               143.172 |               146.124 |         3.35313539769e-08 | 2.06252287812e-10 |            2.57480995432e-09 | 5.71538916023e-11 |        233
               146.124 |               149.076 |         3.21621825821e-08 | 1.99894705013e-10 |            2.59236372185e-09 |  5.6751388603e-11 |        234
               149.076 |               152.028 |         3.08710045569e-08 | 1.93448120815e-10 |            2.58117306517e-09 | 5.59368082052e-11 |        235
               152.028 |               155.472 |         2.91460449629e-08 | 1.73851977484e-10 |            2.59555121128e-09 | 5.18805575416e-11 |        236
               155.472 |               158.916 |         2.82012929634e-08 |  1.7054301889e-10 |            2.61905857227e-09 | 5.19723106459e-11 |        237
               158.916 |                162.36 |         2.71863851756e-08 | 1.65995860514e-10 |            2.58041934257e-09 |  5.1140701608e-11 |        238
                162.36 |               165.804 |         2.57395673286e-08 | 1.60469635908e-10 |            2.58846460363e-09 | 5.08877628855e-11 |        239
               165.804 |               169.248 |         2.47695872358e-08 | 1.56037269658e-10 |            2.57943972349e-09 | 5.03537294005e-11 |        240
               169.248 |               172.692 |         2.40361317423e-08 | 1.51303968943e-10 |            2.56923138051e-09 | 4.94674616956e-11 |        241
               172.692 |               176.136 |         2.35764993024e-08 |   1.463854065e-10 |            2.57801514508e-09 | 4.84061837936e-11 |        242
               176.136 |                179.58 |         2.23521511556e-08 | 1.40666707709e-10 |            2.57899392837e-09 | 4.77811742289e-11 |        243
                179.58 |               183.516 |         2.16453588441e-08 | 1.28956338094e-10 |            2.58164246888e-09 | 4.45357075845e-11 |        244
               183.516 |               187.452 |         2.11319073819e-08 |  1.2625786284e-10 |             2.5730730567e-09 |  4.4057022174e-11 |        245
               187.452 |               191.388 |         2.04061233744e-08 | 1.22707164825e-10 |            2.59915964816e-09 | 4.37931447685e-11 |        246
               191.388 |               195.324 |         1.98005741941e-08 | 1.19010063659e-10 |            2.59625517518e-09 | 4.30941663515e-11 |        247
               195.324 |                199.26 |         1.89474491413e-08 | 1.17118063952e-10 |            2.59962574824e-09 | 4.33814358994e-11 |        248
                199.26 |               203.196 |         1.87638129365e-08 |  1.1681614283e-10 |            2.61228900931e-09 | 4.35865938248e-11 |        249
               203.196 |               207.132 |         1.80173961156e-08 | 1.13663357696e-10 |            2.60709133798e-09 | 4.32367047882e-11 |        250
               207.132 |               211.068 |         1.75136935096e-08 | 1.10778467859e-10 |            2.61044959034e-09 | 4.27685105144e-11 |        251
               211.068 |               215.496 |         1.67606663177e-08 | 1.01933445429e-10 |            2.58856422546e-09 | 4.00590399697e-11 |        252
               215.496 |               219.924 |         1.64454231626e-08 |  9.9499133212e-11 |            2.62580622608e-09 |  3.9758327449e-11 |        253
               219.924 |               224.352 |         1.58177132904e-08 | 9.58531908108e-11 |            2.62334498385e-09 | 3.90357401889e-11 |        254
               224.352 |                228.78 |         1.49823396683e-08 |  9.2068436352e-11 |            2.62167438555e-09 | 3.85132616554e-11 |        255
                228.78 |               233.208 |         1.44577031443e-08 | 8.96250087791e-11 |            2.65020843697e-09 | 3.83724560546e-11 |        256
               233.208 |               237.636 |         1.38374144705e-08 | 8.63594664037e-11 |            2.65454181583e-09 |  3.7824855544e-11 |        257
               237.636 |               242.556 |         1.32101211323e-08 | 7.95584754518e-11 |            2.64571135024e-09 | 3.56044515301e-11 |        258
               242.556 |               247.476 |         1.26955044501e-08 | 7.81451417983e-11 |            2.65640647066e-09 | 3.57457373033e-11 |        259
               247.476 |               252.396 |         1.22418307623e-08 | 7.57281846957e-11 |            2.65178616805e-09 | 3.52454957696e-11 |        260
               252.396 |               257.316 |         1.19632313049e-08 | 7.39404742613e-11 |            2.64522256383e-09 | 3.47687511322e-11 |        261
               257.316 |               262.236 |         1.15139536967e-08 | 7.15527006117e-11 |            2.64089121213e-09 | 3.42680217844e-11 |        262
               262.236 |               267.156 |         1.11334199352e-08 | 6.98300574752e-11 |            2.64154995378e-09 | 3.40139835971e-11 |        263
               267.156 |               272.568 |         1.06715347741e-08 | 6.50782869235e-11 |            2.64376054006e-09 | 3.23917002956e-11 |        264
               272.568 |                277.98 |         1.05108341241e-08 |  6.5485011085e-11 |            2.64390024262e-09 | 3.28432285665e-11 |        265
                277.98 |               283.392 |         1.01835645634e-08 | 6.28185280563e-11 |              2.626140539e-09 | 3.19004514149e-11 |        266
               283.392 |               289.296 |          9.6570660085e-09 | 5.90704331475e-11 |            2.66367116933e-09 | 3.10232898536e-11 |        267
               289.296 |                 295.2 |         9.25945782589e-09 |  5.7085750672e-11 |            2.68225241095e-09 | 3.07244941189e-11 |        268
                 295.2 |               301.104 |         8.97021030233e-09 | 5.51460379856e-11 |             2.6856543064e-09 | 3.01743589325e-11 |        269
               301.104 |               307.008 |         8.67934463538e-09 | 5.44566296524e-11 |            2.66156812918e-09 | 3.01561627313e-11 |        270
               307.008 |               312.912 |         8.62175159104e-09 | 5.37997923451e-11 |            2.66586458345e-09 | 2.99158868193e-11 |        271
               312.912 |               319.308 |         8.09887968785e-09 | 5.00156898768e-11 |            2.65194120702e-09 | 2.86204029928e-11 |        272
               319.308 |               325.704 |          7.8676179623e-09 | 4.81308609776e-11 |            2.67439074379e-09 | 2.80617295807e-11 |        273
               325.704 |                 332.1 |         7.53250608613e-09 | 4.65808274302e-11 |            2.67096602393e-09 | 2.77377768851e-11 |        274
                 332.1 |               338.496 |         7.24155407497e-09 | 4.52619735514e-11 |            2.69281333296e-09 | 2.76007402801e-11 |        275
               338.496 |               344.892 |         7.01538242892e-09 | 4.43362525831e-11 |            2.69911804623e-09 | 2.75007306093e-11 |        276
               344.892 |                351.78 |         6.78074557199e-09 | 4.19062935214e-11 |            2.70083680131e-09 | 2.64478087655e-11 |        277
                351.78 |               358.668 |         6.59150660437e-09 | 4.13031073294e-11 |            2.71063788489e-09 |  2.6486594635e-11 |        278
               358.668 |               366.048 |         6.31461521767e-09 | 3.89353947297e-11 |            2.72363075921e-09 | 2.55708558706e-11 |        279
               366.048 |               373.428 |          6.0181780214e-09 | 3.73344259266e-11 |            2.72618861112e-09 |  2.5127826572e-11 |        280
               373.428 |               380.808 |         5.82127040012e-09 | 3.66376506069e-11 |            2.74900940587e-09 |  2.5177165364e-11 |        281
               380.808 |                388.68 |         5.45138312101e-09 | 3.42069061483e-11 |            2.75041855047e-09 | 2.42974019468e-11 |        282
                388.68 |               396.552 |         5.21993538156e-09 | 3.28570616675e-11 |            2.76558557292e-09 | 2.39160642789e-11 |        283
               396.552 |               404.916 |         5.03165399823e-09 | 3.09305910174e-11 |            2.77991909814e-09 | 2.29905266795e-11 |        284
               404.916 |                413.28 |         4.85744067354e-09 |  3.0282521604e-11 |            2.79662766219e-09 | 2.29776496026e-11 |        285
                413.28 |               422.136 |         4.56809372387e-09 | 2.84969306691e-11 |            2.83038278186e-09 | 2.24312337182e-11 |        286
               422.136 |               431.484 |         4.38413555788e-09 | 2.75213959937e-11 |            2.84955653422e-09 | 2.21879463505e-11 |        287
               431.484 |               441.324 |         4.13510534709e-09 | 2.59136895258e-11 |            2.85858744091e-09 | 2.15457531419e-11 |        288
               441.324 |               451.656 |         4.03316769677e-09 | 2.49966018438e-11 |            2.87499806642e-09 | 2.11045738643e-11 |        289
               451.656 |                462.48 |         3.86959225304e-09 | 2.41594018526e-11 |            2.89060974056e-09 | 2.08808564954e-11 |        290
                462.48 |               474.288 |         3.51453304846e-09 | 2.21347901372e-11 |            2.93650726151e-09 | 2.02328542558e-11 |        291
               474.288 |               487.572 |         3.27805889249e-09 | 2.04138038708e-11 |            2.92399027876e-09 | 1.92798451201e-11 |        292
               487.572 |               502.824 |         3.04270072268e-09 |  1.9165890045e-11 |            2.92813909142e-09 |  1.8801618258e-11 |        293
               502.824 |               520.044 |          2.8810272137e-09 | 1.81980139895e-11 |            2.94797304202e-09 | 1.84082319965e-11 |        294
               520.044 |                 541.2 |         2.64253174551e-09 | 1.66257466358e-11 |            2.96824329559e-09 | 1.76206035951e-11 |        295
                 541.2 |               566.784 |         2.44489683608e-09 | 1.54483889881e-11 |            2.95288220462e-09 |  1.6977587969e-11 |        296
               566.784 |               603.684 |         2.11360241747e-09 | 1.33340684629e-11 |            2.93278647652e-09 | 1.57069274514e-11 |        297
               603.684 |               667.152 |         1.91566536667e-09 | 1.21169698109e-11 |             2.9452169398e-09 | 1.50242511337e-11 |        298
               667.152 |               860.508 |         1.31924606225e-09 | 8.34668440803e-12 |            3.31315225255e-09 | 1.32273177736e-11 |        299
               860.508 |              1288.548 |         6.50197051771e-10 | 4.11451664852e-12 |            3.57169648501e-09 | 9.64347592887e-12 |        300
              1288.548 |         2382.08304951 |         2.59652886696e-10 |  1.7189296075e-11 |            3.41933769591e-09 | 6.23781515031e-11 |        301
                   0.0 |                 6.396 |         4.33595991292e-06 | 2.66739762784e-08 |            5.77885202019e-09 | 9.73791396529e-10 |        302
                 6.396 |                 9.348 |         1.68524663358e-06 | 1.00974220181e-08 |             2.5303100411e-09 | 3.91260160204e-10 |        303
                 9.348 |                11.808 |         1.61424678693e-06 | 9.06763624032e-09 |            2.79387349974e-09 | 3.77235456773e-10 |        304
                11.808 |                13.776 |         1.52991757402e-06 | 8.94724233925e-09 |            2.58101562931e-09 | 3.67494215036e-10 |        305
                13.776 |                15.744 |         1.47244482878e-06 | 8.23290438481e-09 |            2.81339450829e-09 | 3.59872667151e-10 |        306
                15.744 |                 17.22 |          1.3834119527e-06 | 8.74863322216e-09 |            2.83510026067e-09 | 3.96048753835e-10 |        307
                 17.22 |                18.696 |           1.322391803e-06 | 8.10786276023e-09 |            2.65529759463e-09 | 3.63314649335e-10 |        308
                18.696 |                20.172 |         1.30218029827e-06 | 7.84516951933e-09 |            2.69343978791e-09 | 3.56796352692e-10 |        309
                20.172 |                21.648 |          1.3028943134e-06 | 7.58935649842e-09 |            2.87693498831e-09 |  3.5662793894e-10 |        310
                21.648 |                23.124 |         1.26984020833e-06 | 7.27382353863e-09 |            2.79038275852e-09 | 3.40973089386e-10 |        311
                23.124 |                  24.6 |         1.19926599028e-06 | 6.87616652146e-09 |             2.5022211287e-09 |  3.1408808219e-10 |        312
                  24.6 |                26.076 |         1.15842989077e-06 | 6.61829768143e-09 |            2.60717573583e-09 | 3.13976076515e-10 |        313
                26.076 |                27.552 |         1.09996438202e-06 | 6.27579690077e-09 |            2.72565157911e-09 | 3.12402657072e-10 |        314
                27.552 |                29.028 |         1.04376627407e-06 | 5.92265085876e-09 |            2.65309570952e-09 | 2.98600800992e-10 |        315
                29.028 |                30.504 |         9.66998671971e-07 | 5.63603460238e-09 |            2.80072692113e-09 | 3.03316543532e-10 |        316
                30.504 |                 31.98 |         8.82745583782e-07 | 5.33412634137e-09 |            2.57848215826e-09 | 2.88288665715e-10 |        317
                 31.98 |                33.456 |         7.92436256253e-07 | 4.88420920953e-09 |            2.67054333447e-09 |  2.8353840957e-10 |        318
                33.456 |                35.424 |         6.54531475926e-07 | 3.77108688063e-09 |            2.69274726472e-09 | 2.41879500876e-10 |        319
                35.424 |                37.884 |         4.90215413775e-07 | 2.84801376361e-09 |            2.56230670213e-09 | 2.05903710093e-10 |        320
                37.884 |                40.344 |         3.89606650666e-07 | 2.45455739795e-09 |            2.66699485147e-09 | 2.03081850448e-10 |        321
                40.344 |                43.296 |         3.36368271961e-07 | 2.00568807593e-09 |            2.61081097264e-09 |  1.7670286227e-10 |        322
                43.296 |                46.248 |         2.98983038655e-07 | 1.81342489875e-09 |             2.6971133041e-09 | 1.72236776863e-10 |        323
                46.248 |                  49.2 |         2.64208107726e-07 | 1.63634491868e-09 |            2.60363339274e-09 |  1.6243951345e-10 |        324
                  49.2 |                52.152 |         2.42068359583e-07 | 1.50660603551e-09 |             2.6792869644e-09 |  1.5850403033e-10 |        325
                52.152 |                55.596 |         2.10855922114e-07 | 1.25878007445e-09 |            2.71296787398e-09 | 1.42783915887e-10 |        326
                55.596 |                 59.04 |         1.84011009485e-07 | 1.13515066239e-09 |            2.76400916748e-09 | 1.39123773166e-10 |        327
                 59.04 |                62.976 |         1.62127983553e-07 | 9.65831530534e-10 |            2.68582799966e-09 | 1.24311555074e-10 |        328
                62.976 |                66.912 |         1.45487191226e-07 | 8.85250323413e-10 |            2.63104654021e-09 | 1.19046865029e-10 |        329
                66.912 |                70.848 |         1.33207225339e-07 | 8.21352302487e-10 |            2.68174954266e-09 | 1.16539912998e-10 |        330
                70.848 |                74.784 |         1.20920781049e-07 | 7.61413883799e-10 |            2.69025446492e-09 | 1.13570882528e-10 |        331
                74.784 |                79.212 |         1.08246587626e-07 |  6.5643914724e-10 |            2.67155941419e-09 | 1.03126383122e-10 |        332
                79.212 |                 83.64 |         9.83292241793e-08 | 6.04314617375e-10 |            2.72539451557e-09 | 1.00608918051e-10 |        333
                 83.64 |                88.068 |         8.90782291584e-08 | 5.59698092172e-10 |            2.69373400398e-09 |  9.7329702417e-11 |        334
                88.068 |                92.988 |         8.19449176738e-08 | 4.92899850886e-10 |            2.69714758171e-09 | 8.94231635754e-11 |        335
                92.988 |                97.908 |         7.27981979989e-08 | 4.59378481032e-10 |            2.71886073718e-09 |  8.8777686324e-11 |        336
                97.908 |                103.32 |         6.79661184515e-08 |  4.1388292833e-10 |            2.66948784229e-09 | 8.20248097375e-11 |        337
                103.32 |               108.732 |         6.13657166163e-08 | 3.72381155275e-10 |            2.64688722514e-09 | 7.73379194895e-11 |        338
               108.732 |               114.144 |         5.53276547227e-08 | 3.44220836543e-10 |            2.63819040682e-09 | 7.51655928872e-11 |        339
               114.144 |               119.556 |         5.10206163562e-08 | 3.22113472277e-10 |            2.63266098075e-09 | 7.31700762742e-11 |        340
               119.556 |                125.46 |         4.75352605562e-08 | 2.90307216062e-10 |            2.63074078874e-09 | 6.82949994025e-11 |        341
                125.46 |               131.364 |         4.33163701215e-08 | 2.70132893913e-10 |            2.62837005311e-09 | 6.65418233949e-11 |        342
               131.364 |                137.76 |         3.97019124334e-08 | 2.42794761493e-10 |            2.59848099333e-09 | 6.21145549438e-11 |        343
                137.76 |               144.156 |         3.56414860289e-08 | 2.24130369926e-10 |            2.60781064797e-09 | 6.06262680033e-11 |        344
               144.156 |               151.044 |         3.22462882844e-08 | 2.02958948776e-10 |            2.60963203801e-09 | 5.77374987215e-11 |        345
               151.044 |               158.424 |         2.88781593657e-08 |  1.8088589513e-10 |            2.59163915808e-09 | 5.41885107555e-11 |        346
               158.424 |               166.296 |         2.58505397881e-08 | 1.62285556443e-10 |            2.59239665633e-09 | 5.13920330286e-11 |        347
               166.296 |                174.66 |         2.28434883719e-08 | 1.43565378098e-10 |            2.57709554972e-09 | 4.82207287882e-11 |        348
                174.66 |               183.516 |         2.04700947775e-08 | 1.28088074726e-10 |            2.59114687269e-09 | 4.55716535578e-11 |        349
               183.516 |               193.356 |         1.84188304285e-08 | 1.14075063585e-10 |            2.60484017452e-09 | 4.28993027305e-11 |        350
               193.356 |               203.196 |         1.65690231265e-08 | 1.04809494056e-10 |            2.62839917933e-09 | 4.17443635534e-11 |        351
               203.196 |                214.02 |         1.48898776988e-08 |  9.2714290197e-11 |            2.64621365363e-09 | 3.90853119736e-11 |        352
                214.02 |               225.828 |         1.29498080936e-08 | 8.06623419789e-11 |             2.6497377113e-09 | 3.64872057583e-11 |        353
               225.828 |               239.112 |         1.15619345596e-08 | 7.24505684761e-11 |            2.66996675595e-09 |  3.4816048826e-11 |        354
               239.112 |               252.888 |         1.00014735509e-08 | 6.25247905588e-11 |            2.67389611101e-09 | 3.23290175793e-11 |        355
               252.888 |                268.14 |         8.75177591365e-09 | 5.46265523923e-11 |            2.66240966787e-09 | 3.01295835288e-11 |        356
                268.14 |               285.852 |          7.4599047614e-09 | 4.67411302704e-11 |            2.67229095173e-09 | 2.79752808599e-11 |        357
               285.852 |               304.548 |         6.40310280848e-09 | 4.05254468952e-11 |            2.69525678534e-09 | 2.62925466835e-11 |        358
               304.548 |                324.72 |         5.53239921577e-09 | 3.48724330144e-11 |            2.69449651935e-09 | 2.43368474367e-11 |        359
                324.72 |                346.86 |         4.72791567291e-09 | 2.98672427926e-11 |            2.70636251998e-09 | 2.25971284205e-11 |        360
                346.86 |               371.952 |         4.06049213336e-09 | 2.56200238737e-11 |            2.72225383957e-09 | 2.09775372734e-11 |        361
               371.952 |               401.472 |          3.3671739359e-09 | 2.11910520229e-11 |             2.7669160137e-09 | 1.92095745369e-11 |        362
               401.472 |                435.42 |         2.85425902381e-09 | 1.80336821135e-11 |            2.85572095005e-09 | 1.80382990887e-11 |        363
                435.42 |                482.16 |         2.19077237406e-09 | 1.38378571112e-11 |            2.95140006529e-09 | 1.60614317509e-11 |        364
                482.16 |               564.324 |         1.56913019671e-09 | 9.91284762089e-12 |            3.02111651512e-09 | 1.37547487973e-11 |        365
               564.324 |         2382.08304951 |         7.16886778403e-10 | 4.75809899624e-12 |            3.40718869402e-09 | 1.03730453909e-11 |        366
