Bin | Vol (cm^3) |  T (kT) | kT_lo  |  kT_hi |  n (cm^-3) |       n_lo |       n_hi | P (erg cm^-3) |       P_lo |       P_hi |      Yparm 
  0 | 3.0375e+66 |  6.4336 | 0.3079 | 0.3066 |    0.10533 |    0.02052 |   0.020535 |    1.0856e-09 | 2.1778e-10 | 2.1788e-10 | 2.4961e-05 
  1 | 1.5016e+67 |  5.6779 | 0.1951 | 0.1946 |   0.084525 |   0.012117 |   0.012128 |    7.6884e-10 | 1.1334e-10 | 1.1342e-10 | 2.9229e-05 
  2 |  1.909e+67 |  5.3214 | 0.1377 | 0.1601 |   0.078568 |   0.010897 |    0.01095 |    6.6978e-10 | 9.4502e-11 | 9.5497e-11 | 2.7394e-05 
  3 | 1.8439e+67 |  5.5705 | 0.2102 | 0.2107 |   0.073358 |   0.010553 |    0.01057 |    6.5464e-10 | 9.7361e-11 | 9.7524e-11 | 2.6709e-05 
  4 | 2.3421e+67 |  5.4985 | 0.1756 | 0.2015 |   0.068557 |  0.0095586 |  0.0095848 |     6.039e-10 | 8.6378e-11 | 8.7281e-11 | 2.6322e-05 
  5 |  2.896e+67 |  6.1585 | 0.1936 | 0.1927 |   0.060355 |  0.0086818 |  0.0087043 |    5.9546e-10 | 8.7676e-11 | 8.7874e-11 | 2.8016e-05 
  6 | 3.4165e+67 |  6.1011 | 0.1988 | 0.1996 |   0.057504 |  0.0078976 |  0.0079091 |    5.6204e-10 | 7.9334e-11 |  7.946e-11 | 2.7815e-05 
  7 | 3.9346e+67 |  6.2454 | 0.1948 | 0.1952 |    0.05528 |  0.0073996 |  0.0074123 |    5.5308e-10 | 7.6017e-11 | 7.6149e-11 | 2.8736e-05 
  8 | 3.1252e+67 |  6.3972 | 0.2134 | 0.2138 |   0.055466 |  0.0079048 |  0.0079278 |    5.6843e-10 |   8.32e-11 | 8.3438e-11 | 2.6893e-05 
  9 |  3.331e+67 |  6.0816 |   0.21 | 0.2104 |   0.054339 |  0.0078312 |  0.0078427 |    5.2941e-10 | 7.8456e-11 | 7.8573e-11 | 2.5736e-05 
 10 |  3.836e+67 |  6.3835 | 0.2051 | 0.2057 |   0.052143 |  0.0073809 |  0.0073892 |    5.3323e-10 | 7.7399e-11 | 7.7494e-11 | 2.6934e-05 
 11 | 4.0337e+67 |  6.5434 | 0.2107 | 0.2108 |   0.050865 |  0.0071575 |  0.0071686 |     5.332e-10 | 7.6968e-11 | 7.7084e-11 | 2.7346e-05 
 12 | 4.4277e+67 |  6.4135 | 0.2178 | 0.2193 |    0.04947 |  0.0068515 |  0.0068636 |    5.0827e-10 |  7.248e-11 | 7.2629e-11 | 2.6983e-05 
 13 | 4.7562e+67 |  6.4873 | 0.2194 | 0.2196 |     0.0472 |  0.0067214 |  0.0067304 |    4.9054e-10 | 7.1796e-11 | 7.1891e-11 | 2.6684e-05 
 14 | 5.2658e+67 |  6.5017 |  0.222 | 0.2232 |   0.046142 |  0.0064492 |  0.0064602 |     4.806e-10 | 6.9149e-11 |  6.928e-11 | 2.6559e-05 
 15 |  8.086e+67 |  6.6018 | 0.1989 | 0.1998 |   0.043242 |  0.0057034 |  0.0057118 |    4.5733e-10 | 6.1873e-11 | 6.1974e-11 | 2.9822e-05 
 16 | 9.0127e+67 |   6.503 | 0.1962 | 0.1968 |   0.040268 |  0.0055013 |  0.0055091 |    4.1951e-10 | 5.8692e-11 |  5.878e-11 | 2.8297e-05 
 17 | 9.6436e+67 |  6.5907 | 0.2116 | 0.2124 |   0.038231 |  0.0052209 |  0.0052385 |    4.0366e-10 | 5.6626e-11 | 5.6819e-11 | 2.7694e-05 
 18 | 1.0426e+68 |  6.5697 |  0.218 | 0.2184 |   0.036098 |  0.0049908 |  0.0049994 |    3.7992e-10 | 5.4018e-11 | 5.4111e-11 | 2.6792e-05 
 19 | 1.1247e+68 |  6.7326 | 0.2311 | 0.2984 |   0.033336 |   0.004642 |  0.0046516 |    3.5955e-10 | 5.1565e-11 |  5.264e-11 | 2.5754e-05 
 20 | 1.6596e+68 |  7.1686 | 0.3216 | 0.3223 |   0.030139 |  0.0039904 |  0.0039887 |    3.4612e-10 | 4.8385e-11 | 4.8378e-11 |  2.854e-05 
 21 | 1.8004e+68 |  6.9558 |  0.238 | 0.3365 |   0.027833 |  0.0037332 |  0.0037277 |    3.1015e-10 | 4.2932e-11 | 4.4165e-11 | 2.6415e-05 
 22 | 1.9352e+68 |  6.9129 | 0.2298 | 0.3414 |   0.025827 |  0.0035219 |  0.0035203 |    2.8602e-10 | 4.0146e-11 | 4.1466e-11 | 2.4751e-05 
 23 | 2.1094e+68 |  7.4719 | 0.3687 | 0.3703 |   0.023387 |  0.0031856 |  0.0031878 |    2.7994e-10 | 4.0556e-11 | 4.0601e-11 | 2.7063e-05 
 24 | 2.9365e+68 |  7.4285 | 0.3434 | 0.3454 |   0.021182 |  0.0027773 |  0.0027779 |    2.5207e-10 | 3.5046e-11 | 3.5074e-11 | 2.7106e-05 
 25 | 3.1702e+68 |  7.5852 | 0.3515 | 0.3544 |    0.02047 |  0.0026353 |  0.0026364 |    2.4874e-10 | 3.4034e-11 | 3.4079e-11 | 2.7357e-05 
 26 | 3.4184e+68 |  7.6154 | 0.3571 | 0.3615 |   0.019842 |  0.0024721 |  0.0024737 |    2.4207e-10 | 3.2224e-11 | 3.2292e-11 | 2.7371e-05 
 27 | 2.8621e+68 |  7.4925 | 0.3745 | 0.3783 |   0.019958 |  0.0026195 |  0.0026211 |    2.3956e-10 | 3.3645e-11 | 3.3706e-11 | 2.5454e-05 
 28 | 3.0344e+68 |  7.7339 |  0.376 |  0.382 |   0.020064 |  0.0025366 |  0.0025337 |    2.4859e-10 | 3.3671e-11 | 3.3707e-11 | 2.7011e-05 
 29 | 2.3811e+68 |  6.8408 | 0.2439 | 0.3532 |   0.023329 |  0.0028774 |    0.00292 |    2.5566e-10 | 3.2825e-11 | 3.4616e-11 | 2.5563e-05 
 30 | 3.3425e+68 |  7.9478 | 0.3924 | 0.3975 |   0.017913 |  0.0023362 |  0.0023362 |    2.2807e-10 | 3.1805e-11 | 3.1857e-11 | 2.5496e-05 
 31 |  6.878e+68 |   9.629 | 0.5705 | 0.5708 |   0.012578 |  0.0017215 |  0.0017218 |    1.9403e-10 | 2.8936e-11 | 2.8944e-11 | 2.7263e-05 
 32 | 7.4125e+68 | 10.2073 | 0.5997 | 0.6034 |   0.011776 |  0.0016256 |  0.0016267 |    1.9256e-10 |  2.889e-11 | 2.8933e-11 | 2.7694e-05 
 33 | 7.9996e+68 |  9.9187 | 0.5966 |  0.599 |   0.011263 |  0.0015453 |   0.001547 |    1.7897e-10 |  2.681e-11 | 2.6852e-11 | 2.6327e-05 
 34 |  8.622e+68 |  9.2377 | 0.5938 | 0.5983 |   0.010965 |  0.0014852 |  0.0014872 |    1.6227e-10 | 2.4329e-11 | 2.4389e-11 | 2.4519e-05 
 35 | 9.2238e+68 |   9.732 | 0.5908 | 0.5953 |   0.010703 |  0.0014585 |  0.0014607 |    1.6686e-10 | 2.4893e-11 | 2.4956e-11 |  2.571e-05 
 36 | 9.8955e+68 |  9.7381 | 0.5808 |  0.583 |   0.010417 |  0.0014282 |  0.0014292 |    1.6251e-10 | 2.4297e-11 | 2.4327e-11 | 2.5513e-05 
 37 | 1.0528e+69 |  9.4638 | 0.5964 |  0.602 |    0.01024 |  0.0013733 |  0.0013747 |    1.5525e-10 | 2.3005e-11 | 2.3063e-11 | 2.4819e-05 
 38 | 1.1207e+69 |  9.0482 | 0.5258 | 0.5858 |   0.010065 |  0.0013557 |  0.0013568 |    1.4589e-10 | 2.1402e-11 | 2.1818e-11 | 2.3714e-05 
 39 | 1.1828e+69 |  9.2636 |  0.592 | 0.5962 |  0.0098071 |  0.0013003 |  0.0013018 |    1.4554e-10 | 2.1421e-11 |  2.147e-11 | 2.4046e-05 
 40 |  1.258e+69 |  9.1969 | 0.5793 | 0.5814 |  0.0094719 |  0.0012762 |  0.0012767 |    1.3955e-10 | 2.0757e-11 | 2.0777e-11 | 2.3412e-05 
 41 | 1.3188e+69 |  9.7984 | 0.5937 | 0.5977 |  0.0092714 |   0.001235 |  0.0012354 |    1.4553e-10 | 2.1298e-11 | 2.1327e-11 | 2.4893e-05 
 42 | 1.3939e+69 |  9.1914 |  0.583 | 0.5923 |   0.009008 |  0.0011804 |  0.0011818 |    1.3264e-10 |  1.931e-11 | 1.9387e-11 | 2.3031e-05 
 43 | 1.4668e+69 |  9.4131 | 0.5853 | 0.5884 |  0.0086481 |  0.0011588 |  0.0011591 |    1.3041e-10 | 1.9264e-11 | 1.9286e-11 | 2.2954e-05 
 44 | 1.5041e+69 |  8.7454 | 0.4117 | 0.5934 |  0.0084365 |    0.00112 |  0.0011208 |     1.182e-10 | 1.6649e-11 | 1.7632e-11 | 2.1061e-05 
 45 | 1.5683e+69 |  9.3422 | 0.6074 | 0.6124 |  0.0082482 |   0.001096 |  0.0010962 |    1.2344e-10 | 1.8261e-11 | 1.8293e-11 | 2.2276e-05 
 46 | 1.6934e+69 |  9.1866 | 0.5852 | 0.5952 |  0.0078372 |  0.0010619 |  0.0010621 |    1.1534e-10 | 1.7269e-11 | 1.7325e-11 | 2.1058e-05 
 47 | 1.7743e+69 |  9.2342 | 0.6076 | 0.6121 |  0.0076954 |  0.0010326 |  0.0010336 |    1.1384e-10 | 1.7013e-11 | 1.7051e-11 | 2.1147e-05 
 48 | 1.8458e+69 |  9.8775 | 0.6178 |  0.621 |  0.0074617 |  0.0010169 |  0.0010183 |    1.1807e-10 | 1.7706e-11 | 1.7741e-11 | 2.2176e-05 
 49 | 2.2798e+69 |  9.9875 | 0.5895 | 0.5921 |  0.0069644 | 0.00092899 | 0.00092955 |    1.1143e-10 | 1.6254e-11 | 1.6274e-11 | 2.3648e-05 
 50 | 2.3333e+69 |  9.8956 | 0.5968 | 0.6003 |   0.006698 | 0.00091998 | 0.00091989 |    1.0618e-10 | 1.5928e-11 | 1.5942e-11 | 2.2818e-05 
 51 | 2.4451e+69 |  9.9015 | 0.5953 | 0.5971 |  0.0065542 |   0.000893 | 0.00089216 |    1.0396e-10 | 1.5483e-11 | 1.5478e-11 | 2.2617e-05 
 52 | 2.6098e+69 |  9.5658 | 0.5937 | 0.5968 |   0.006391 | 0.00085706 | 0.00085726 |    9.7939e-11 | 1.4472e-11 | 1.4488e-11 | 2.1555e-05 
 53 | 2.7228e+69 |  9.3733 | 0.5936 | 0.5971 |  0.0062374 | 0.00084751 | 0.00084801 |    9.3662e-11 | 1.4041e-11 | 1.4062e-11 | 2.0849e-05 
 54 | 2.8289e+69 | 10.8483 | 0.5281 | 0.9644 |  0.0062079 | 0.00083656 | 0.00088489 |    1.0789e-10 | 1.5458e-11 | 1.8124e-11 | 2.4276e-05 
 55 | 2.9253e+69 |   9.862 | 0.6027 | 0.6037 |  0.0059729 | 0.00082579 | 0.00082538 |    9.4365e-11 | 1.4264e-11 | 1.4262e-11 | 2.1459e-05 
 56 | 3.0142e+69 | 10.0632 | 0.6246 | 0.6282 |  0.0058622 | 0.00079698 | 0.00079764 |    9.4507e-11 | 1.4124e-11 | 1.4148e-11 | 2.1709e-05 
 57 | 3.1798e+69 | 10.1222 | 0.6218 | 0.6271 |  0.0056249 | 0.00077845 | 0.00077914 |    9.1212e-11 | 1.3811e-11 |  1.384e-11 | 2.1159e-05 
 58 | 3.2915e+69 |  9.4886 | 0.6234 | 0.6273 |  0.0054365 | 0.00075882 | 0.00075956 |    8.2638e-11 | 1.2749e-11 | 1.2773e-11 | 1.9348e-05 
 59 |   3.43e+69 |  9.8001 | 0.6374 | 0.6428 |  0.0054369 | 0.00074766 | 0.00074851 |    8.5359e-11 | 1.2985e-11 | 1.3017e-11 |  2.017e-05 
 60 | 3.5396e+69 | 10.1542 | 0.6384 | 0.6425 |  0.0053195 | 0.00074481 | 0.00074543 |    8.6533e-11 | 1.3281e-11 | 1.3305e-11 | 2.0622e-05 
 61 | 4.2602e+69 |  9.9101 | 0.6187 | 0.6241 |  0.0051457 | 0.00068772 |  0.0006881 |    8.1693e-11 | 1.2051e-11 | 1.2075e-11 | 2.0683e-05 
 62 | 4.4094e+69 |  9.3032 | 0.6226 | 0.6284 |    0.00497 | 0.00065823 |  0.0006587 |    7.4071e-11 | 1.0991e-11 | 1.1018e-11 | 1.8936e-05 
 63 | 4.5885e+69 |  9.5554 | 0.6236 |  0.627 |  0.0046833 | 0.00064728 |  0.0006481 |    7.1692e-11 | 1.0958e-11 |  1.098e-11 | 1.8516e-05 
 64 |  4.742e+69 |  9.9004 | 0.6303 | 0.6338 |  0.0045622 | 0.00063499 | 0.00063527 |    7.2359e-11 | 1.1075e-11 |  1.109e-11 | 1.8856e-05 
 65 | 5.6327e+69 |  9.9914 | 0.6272 | 0.6347 |  0.0043685 | 0.00059651 | 0.00059701 |    6.9924e-11 | 1.0509e-11 | 1.0538e-11 | 1.9295e-05 
 66 | 5.8487e+69 |  9.6651 |  0.623 | 0.6271 |  0.0042312 | 0.00057566 |  0.0005765 |    6.5513e-11 |  9.863e-12 | 9.8867e-12 | 1.8265e-05 
 67 | 6.0589e+69 |  9.9098 | 0.6174 | 0.6191 |  0.0041422 | 0.00057314 | 0.00057356 |     6.576e-11 | 9.9787e-12 | 9.9894e-12 | 1.8527e-05 
 68 | 6.2631e+69 |  8.5465 | 0.4228 | 0.5602 |  0.0040823 | 0.00054808 | 0.00054798 |    5.5893e-11 | 7.9972e-12 | 8.3494e-12 | 1.6593e-05 
 69 | 6.5022e+69 |  9.8101 | 0.6397 | 0.6438 |  0.0039374 | 0.00054809 |  0.0005486 |    6.1879e-11 | 9.5119e-12 | 9.5301e-12 | 1.8556e-05 
 70 | 6.7175e+69 |  9.8725 | 0.6422 | 0.6467 |  0.0039298 | 0.00054081 | 0.00054124 |    6.2152e-11 | 9.4607e-12 | 9.4789e-12 | 1.8729e-05 
 71 | 6.9483e+69 |  9.4417 |  0.645 | 0.6504 |  0.0038077 | 0.00053307 | 0.00053373 |    5.7593e-11 | 8.9718e-12 | 8.9952e-12 | 1.7517e-05 
 72 | 7.1486e+69 |  9.8731 | 0.6611 | 0.6691 |  0.0037452 | 0.00051159 | 0.00050724 |    5.9236e-11 | 9.0115e-12 | 8.9712e-12 | 1.8174e-05 
 73 | 8.2281e+69 |  9.8976 | 0.6308 | 0.6344 |  0.0036098 | 0.00049719 | 0.00049738 |    5.7236e-11 | 8.6864e-12 |  8.698e-12 | 1.8474e-05 
 74 | 7.4487e+69 | 10.7352 | 0.6758 | 1.4456 |  0.0036937 | 0.00051704 | 0.00060064 |    6.3523e-11 | 9.7498e-12 | 1.3412e-11 | 1.9855e-05 
 75 |  7.755e+69 |  9.8488 | 0.6503 | 0.6546 |  0.0035889 | 0.00050286 | 0.00050296 |    5.6626e-11 | 8.7709e-12 | 8.7828e-12 | 1.7846e-05 
 76 | 8.1346e+69 |  9.8197 | 0.6515 | 0.6561 |  0.0034735 | 0.00048835 | 0.00048821 |    5.4643e-11 | 8.4948e-12 | 8.5038e-12 | 1.7279e-05 
 77 | 8.3853e+69 |  9.6349 | 0.6437 | 0.6469 |  0.0034465 | 0.00048292 | 0.00048282 |    5.3197e-11 | 8.2579e-12 | 8.2641e-12 | 1.6955e-05 
 78 | 8.4839e+69 |  9.1238 | 0.5939 | 0.6571 |   0.003396 | 0.00047541 | 0.00047553 |    4.9637e-11 | 7.6632e-12 |  7.816e-12 |  1.594e-05 
 79 | 8.8502e+69 |  9.5169 | 0.6488 | 0.6513 |  0.0033271 | 0.00046622 | 0.00046643 |    5.0725e-11 | 7.9046e-12 | 7.9134e-12 | 1.6414e-05 
 80 | 9.0634e+69 |   8.958 | 0.5009 | 0.6446 |  0.0032612 |   0.000465 | 0.00046499 |    4.6801e-11 | 7.1679e-12 | 7.4746e-12 | 1.5255e-05 
 81 | 9.2494e+69 |   8.738 | 0.4531 | 0.6585 |  0.0032342 | 0.00045435 | 0.00045474 |    4.5274e-11 | 6.7796e-12 | 7.2223e-12 |  1.486e-05 
 82 | 9.6179e+69 |  8.1073 | 0.4277 | 0.4319 |  0.0032007 | 0.00044904 | 0.00044917 |     4.157e-11 | 6.2308e-12 | 6.2399e-12 | 1.3671e-05 
 83 |  1.115e+70 |  8.5476 | 0.4191 | 0.6663 |  0.0030542 | 0.00042405 | 0.00042394 |    4.1822e-11 | 6.1581e-12 | 6.6579e-12 | 1.5052e-05 
 84 | 1.1109e+70 |  8.5431 | 0.4319 | 0.6108 |  0.0030182 | 0.00042219 | 0.00042235 |    4.1308e-11 | 6.1439e-12 |  6.491e-12 | 1.4986e-05 
 85 | 1.1666e+70 |  8.1305 | 0.4216 | 0.4259 |  0.0029179 | 0.00041224 |  0.0004123 |    3.8006e-11 | 5.7197e-12 | 5.7274e-12 | 1.3895e-05 
 86 | 1.2128e+70 |  8.3517 | 0.4386 | 0.5385 |  0.0028922 | 0.00040229 | 0.00040192 |    3.8696e-11 | 5.7533e-12 | 5.9281e-12 | 1.4198e-05 
 87 | 1.2081e+70 |  8.9383 | 0.5346 | 0.6652 |  0.0028237 | 0.00040197 |  0.0004022 |    4.0433e-11 | 6.2433e-12 | 6.4978e-12 | 1.4944e-05 
 88 | 1.2385e+70 |  8.1601 | 0.4406 | 0.4463 |  0.0028314 | 0.00039725 | 0.00039653 |    3.7014e-11 | 5.5643e-12 | 5.5649e-12 | 1.3779e-05 
 89 | 1.2683e+70 |  8.0123 | 0.4354 | 0.4384 |  0.0027798 | 0.00039882 | 0.00039906 |    3.5681e-11 |  5.474e-12 | 5.4817e-12 | 1.3376e-05 
 90 | 1.4568e+70 |  8.6409 | 0.4421 | 0.6505 |  0.0026837 |  0.0003767 | 0.00037714 |     3.715e-11 | 5.5502e-12 | 5.9225e-12 | 1.4516e-05 
 91 | 1.3623e+70 |  8.2804 | 0.4456 | 0.4714 |  0.0026793 |   0.000384 | 0.00038394 |    3.5542e-11 | 5.4411e-12 | 5.4803e-12 | 1.3458e-05 
 92 | 1.4103e+70 |  7.9514 | 0.4443 | 0.4502 |  0.0026999 | 0.00037578 | 0.00037574 |    3.4391e-11 | 5.1581e-12 | 5.1672e-12 | 1.3112e-05 
 93 | 1.4386e+70 |  8.1083 | 0.4423 |  0.448 |  0.0026631 | 0.00037646 | 0.00037615 |    3.4593e-11 | 5.2415e-12 | 5.2465e-12 | 1.3218e-05 
 94 | 1.4708e+70 |  8.4211 | 0.4454 | 0.6369 |   0.002613 |  0.0003754 | 0.00037536 |    3.5251e-11 | 5.3966e-12 | 5.7229e-12 | 1.3554e-05 
 95 | 1.5011e+70 |  7.8823 | 0.4448 | 0.4499 |   0.002632 | 0.00036928 | 0.00036928 |    3.3236e-11 | 5.0261e-12 | 5.0341e-12 | 1.2857e-05 
 96 | 1.5096e+70 |  7.3115 | 0.4345 | 0.4382 |  0.0025889 | 0.00037134 | 0.00037116 |    3.0324e-11 | 4.7081e-12 |  4.712e-12 | 1.1804e-05 
 97 |  1.731e+70 |  8.1951 | 0.4451 | 0.4744 |   0.002528 | 0.00034931 | 0.00034925 |    3.3189e-11 | 4.9275e-12 | 4.9714e-12 | 8.4272e-06 
 98 | 1.8056e+70 |  7.9298 | 0.4342 | 0.4394 |  0.0024828 | 0.00034732 |  0.0003473 |     3.154e-11 | 4.7382e-12 | 4.7455e-12 | 1.3366e-05 
 99 | 1.6401e+70 |  7.8495 | 0.4431 | 0.4477 |  0.0024927 | 0.00035855 | 0.00035865 |    3.1346e-11 | 4.8435e-12 | 4.8514e-12 | 1.2883e-05 
100 | 1.8422e+70 |  7.4799 | 0.4332 |  0.437 |  0.0023993 | 0.00034242 | 0.00034226 |     2.875e-11 | 4.4281e-12 | 4.4319e-12 | 1.2292e-05 
101 | 1.9078e+70 |  7.4925 | 0.4331 | 0.4367 |  0.0023821 | 0.00033921 | 0.00033899 |    2.8592e-11 | 4.3942e-12 | 4.3969e-12 | 1.2303e-05 
102 | 1.9678e+70 |  7.2075 | 0.4007 |   0.43 |  0.0023709 | 0.00033393 | 0.00033297 |    2.7376e-11 | 4.1452e-12 | 4.1771e-12 | 1.1855e-05 
103 | 2.0197e+70 |  7.4614 |  0.439 | 0.4444 |  0.0023559 | 0.00032686 | 0.00032666 |     2.816e-11 | 4.2438e-12 | 4.2495e-12 | 1.2223e-05 
104 | 2.0807e+70 |  7.2223 | 0.4117 | 0.4313 |  0.0022881 | 0.00032745 | 0.00032712 |    2.6474e-11 | 4.0782e-12 | 4.1017e-12 | 1.1562e-05 
105 | 2.2759e+70 |  6.9881 | 0.3309 | 0.4315 |   0.002235 | 0.00031585 | 0.00031519 |    2.5021e-11 | 3.7291e-12 | 3.8519e-12 | 1.1394e-05 
106 |   2.34e+70 |  6.9253 | 0.3098 | 0.4269 |  0.0022046 | 0.00031177 | 0.00031192 |    2.4459e-11 | 3.6278e-12 | 3.7747e-12 | 1.1174e-05 
107 |  2.205e+70 |  6.7358 | 0.3031 |   0.44 |  0.0022224 | 0.00031964 | 0.00032135 |    2.3982e-11 | 3.6141e-12 |  3.805e-12 | 1.0634e-05 
108 | 2.5346e+70 |   6.868 |  0.301 | 0.4374 |  0.0021493 |  0.0003017 | 0.00030451 |    2.3648e-11 | 3.4775e-12 | 3.6733e-12 | 1.0897e-05 
109 | 2.5659e+70 |  6.9731 | 0.4477 | 0.4576 |  0.0021023 | 0.00029521 | 0.00029453 |    2.3485e-11 | 3.6261e-12 | 3.6332e-12 |  1.089e-05 
110 | 2.7254e+70 |  6.6244 | 0.3086 | 0.4049 |  0.0020513 |  0.0002937 | 0.00029535 |    2.1769e-11 | 3.2777e-12 | 3.4051e-12 | 1.0477e-05 
111 | 2.7946e+70 |  6.3402 | 0.3064 |   0.31 |  0.0020137 | 0.00029364 | 0.00029502 |    2.0453e-11 |  3.142e-12 |  3.159e-12 | 9.9105e-06 
112 | 3.1145e+70 |  6.4261 | 0.3068 | 0.3118 |  0.0019462 | 0.00028118 | 0.00028215 |    2.0035e-11 | 3.0486e-12 |  3.063e-12 | 1.0369e-05 
113 | 3.4486e+70 |  6.2896 | 0.3108 | 0.3174 |  0.0019085 | 0.00027149 | 0.00027302 |     1.923e-11 | 2.8958e-12 | 2.9171e-12 | 1.0292e-05 
114 | 3.6531e+70 |  6.4537 | 0.3151 |  0.321 |  0.0018291 | 0.00026508 | 0.00026657 |     1.891e-11 |  2.892e-12 | 2.9121e-12 | 1.0201e-05 
115 | 4.2308e+70 |   6.623 | 0.3218 | 0.3609 |  0.0016788 | 0.00024325 | 0.00024453 |    1.7812e-11 | 2.7222e-12 |   2.77e-12 | 1.0191e-05 
116 | 4.1599e+70 |  6.3193 | 0.3081 | 0.3128 |  0.0016932 | 0.00024855 | 0.00024986 |    1.7141e-11 | 2.6514e-12 | 2.6679e-12 | 9.6108e-06 
117 | 4.5075e+70 |  6.2447 | 0.3044 | 0.3085 |  0.0016544 | 0.00024234 |  0.0002435 |    1.6551e-11 | 2.5551e-12 | 2.5695e-12 | 9.3282e-06 
118 | 4.9839e+70 |   5.885 | 0.3032 | 0.3069 |  0.0015635 | 0.00023267 |  0.0002334 |     1.474e-11 | 2.3213e-12 | 2.3308e-12 | 8.5781e-06 
119 | 6.1011e+70 |  6.1962 | 0.3061 | 0.3105 |  0.0014289 | 0.00020923 | 0.00021027 |    1.4184e-11 | 2.1919e-12 | 2.2049e-12 | 8.9316e-06 
120 | 6.9468e+70 |  5.5795 | 0.2581 |  0.307 |  0.0013709 | 0.00019751 | 0.00019793 |    1.2254e-11 | 1.8542e-12 | 1.8933e-12 | 8.1216e-06 
121 | 7.2384e+70 |  6.0231 | 0.3111 | 0.3154 |  0.0012979 |  0.0001951 | 0.00019607 |    1.2523e-11 | 1.9906e-12 | 2.0023e-12 | 8.5242e-06 
122 | 8.0203e+70 |  5.2764 | 0.2207 | 0.2686 |   0.001244 | 0.00018879 | 0.00019097 |    1.0516e-11 | 1.6553e-12 | 1.7006e-12 | 7.3638e-06 
123 | 9.0151e+70 |  5.1358 | 0.2154 |  0.219 |  0.0011907 | 0.00018215 | 0.00018405 |    9.7965e-12 | 1.5539e-12 | 1.5708e-12 | 7.0414e-06 
124 | 1.0664e+71 |  5.1096 | 0.2174 | 0.2222 |  0.0011104 | 0.00016871 | 0.00017067 |    9.0894e-12 | 1.4342e-12 | 1.4519e-12 | 6.9463e-06 
125 | 1.2282e+71 |  4.7618 | 0.2071 | 0.2108 |  0.0010479 | 0.00016036 | 0.00016198 |    7.9938e-12 | 1.2718e-12 | 1.2853e-12 | 2.0584e-06 
126 | 1.6324e+71 |  4.9102 | 0.2112 | 0.2155 | 0.00093586 | 0.00014357 | 0.00014506 |    7.3616e-12 | 1.1729e-12 | 1.1859e-12 | 6.4788e-06 
127 | 2.3234e+71 |  5.2186 | 0.2217 | 0.2312 | 0.00079905 | 0.00012381 | 0.00012523 |    6.6802e-12 | 1.0733e-12 |  1.088e-12 |   6.71e-06 
128 | 3.3034e+71 |  4.9468 |  0.222 | 0.2265 | 0.00071367 |  0.0001126 | 0.00011381 |    5.6557e-12 |  9.277e-13 | 9.3834e-13 | 6.4696e-06 
129 | 4.8985e+71 |  4.8318 |  0.222 | 0.2262 | 0.00066038 | 0.00010697 |   0.000108 |    5.1117e-12 | 8.6063e-13 | 8.6952e-13 | 6.4496e-06 
130 | 8.8011e+71 |  4.3984 | 0.2119 | 0.2266 | 0.00052325 | 8.7763e-05 | 9.1326e-05 |    3.6869e-12 |  6.434e-13 | 6.7095e-13 | 5.6622e-06 
131 | 1.2316e+72 |  4.0805 | 0.1846 | 0.1878 | 0.00050352 | 9.1768e-05 | 9.1235e-05 |    3.2915e-12 | 6.1809e-13 | 6.1534e-13 | 5.6495e-06 
132 |  1.713e+72 |  4.2668 | 0.1896 | 0.2655 | 0.00041781 | 7.8999e-05 |  7.922e-05 |    2.8559e-12 |  5.547e-13 | 5.6992e-13 | 5.4741e-06 
133 | 3.1295e+72 |   4.012 | 0.1881 | 0.1882 |  0.0003144 | 6.0395e-05 | 6.0846e-05 |    2.0207e-12 | 3.9956e-13 | 4.0239e-13 | 4.7368e-06 
134 | 7.4866e+72 |  3.0491 | 0.1064 | 0.1064 | 0.00021532 | 3.5397e-05 | 3.5397e-05 |    1.0518e-12 | 1.7675e-13 | 1.7675e-13 | 3.2878e-06 
135 | 7.6417e+73 |  0.7436 | 0.0361 | 0.0372 | 9.5261e-05 | 3.0444e-05 |  3.242e-05 |    1.1348e-13 | 3.6682e-14 | 3.9036e-14 | 9.7701e-07 
136 | 3.6838e+66 |  7.8555 | 0.1855 | 0.1855 |    0.13444 |   0.018953 |   0.018953 |    1.6919e-09 | 2.4184e-10 | 2.4184e-10 | 1.9913e-05 
137 | 6.2139e+66 |  5.3529 | 0.1453 | 0.3506 |    0.11839 |   0.018382 |   0.018427 |    1.0153e-09 | 1.6003e-10 | 1.7144e-10 |  1.495e-05 
138 | 9.5123e+66 |  5.0118 |  0.129 | 0.1296 |    0.10937 |   0.016105 |   0.016145 |    8.7811e-10 | 1.3126e-10 |  1.316e-10 | 1.5438e-05 
139 | 8.0498e+66 |  4.9362 |  0.144 | 0.1449 |    0.11074 |   0.016699 |   0.016756 |    8.7569e-10 |  1.345e-10 | 1.3497e-10 | 1.5434e-05 
140 | 8.8161e+66 |  4.6754 | 0.1372 | 0.1377 |    0.10687 |    0.01636 |   0.016418 |    8.0048e-10 | 1.2477e-10 | 1.2521e-10 | 1.3406e-05 
141 | 1.1019e+67 |  4.6782 | 0.1275 | 0.1279 |    0.10609 |   0.015446 |   0.015508 |    7.9508e-10 | 1.1777e-10 | 1.1824e-10 |   1.44e-05 
142 |  1.245e+67 |   4.562 | 0.1247 | 0.1253 |    0.10497 |   0.014665 |   0.014719 |    7.6716e-10 | 1.0921e-10 | 1.0961e-10 | 1.7106e-05 
143 | 1.3675e+67 |  4.7002 | 0.1227 | 0.1235 |    0.10105 |   0.014162 |   0.014215 |    7.6087e-10 | 1.0847e-10 | 1.0888e-10 | 1.7488e-05 
144 | 1.7236e+67 |  4.6631 | 0.1136 |  0.114 |   0.096469 |   0.013252 |   0.013295 |    7.2065e-10 | 1.0054e-10 | 1.0086e-10 |  1.609e-05 
145 | 1.8709e+67 |  4.5228 | 0.1096 | 0.1103 |   0.096668 |   0.012898 |   0.012919 |    7.0041e-10 | 9.4979e-11 | 9.5153e-11 | 1.5169e-05 
146 | 1.9824e+67 |  4.6301 | 0.1091 | 0.1096 |   0.093467 |   0.012533 |   0.012562 |    6.9329e-10 | 9.4386e-11 | 9.4609e-11 | 1.5008e-05 
147 | 2.3274e+67 |  4.6905 | 0.1053 | 0.1055 |   0.090834 |   0.011796 |   0.011834 |    6.8255e-10 | 8.9952e-11 | 9.0239e-11 | 1.8471e-05 
148 | 2.4848e+67 |  4.8068 |  0.105 | 0.1052 |   0.088095 |   0.011362 |   0.011382 |    6.7837e-10 | 8.8737e-11 | 8.8896e-11 | 1.7576e-05 
149 | 2.6021e+67 |  4.9235 | 0.1066 | 0.1068 |   0.085564 |   0.011007 |    0.01105 |    6.7488e-10 |  8.804e-11 | 8.8376e-11 | 1.7682e-05 
150 | 1.3556e+67 |  5.0068 | 0.1399 | 0.1409 |   0.090283 |   0.013158 |   0.013204 |    7.2415e-10 | 1.0746e-10 | 1.0785e-10 | 2.0813e-05 
151 | 1.3534e+67 |  4.9726 |  0.144 | 0.1453 |   0.090183 |   0.013054 |   0.013125 |    7.1841e-10 | 1.0605e-10 | 1.0664e-10 | 1.8195e-05 
152 | 1.3856e+67 |  5.1308 | 0.1443 | 0.1455 |   0.086969 |   0.012854 |    0.01291 |    7.1484e-10 | 1.0755e-10 | 1.0803e-10 | 1.9978e-05 
153 | 3.2551e+67 |  5.1634 | 0.1046 |  0.105 |   0.080117 |  0.0098619 |  0.0098918 |    6.6271e-10 | 8.2673e-11 | 8.2925e-11 | 1.7392e-05 
154 | 1.5347e+67 |  5.0965 | 0.1446 | 0.1457 |   0.083394 |    0.01218 |   0.012239 |    6.8088e-10 |  1.013e-10 | 1.0181e-10 | 2.0827e-05 
155 | 1.5978e+67 |  5.1889 | 0.1472 | 0.1485 |   0.080332 |   0.011714 |   0.011767 |    6.6777e-10 | 9.9199e-11 | 9.9667e-11 | 1.8111e-05 
156 | 1.7345e+67 |  5.3421 | 0.1428 | 0.1549 |   0.081664 |   0.011503 |   0.011564 |    6.9889e-10 |  1.002e-10 | 1.0102e-10 | 2.0673e-05 
157 |  1.718e+67 |  5.3022 |  0.146 | 0.1522 |   0.078896 |   0.011355 |   0.011409 |    6.7015e-10 | 9.8202e-11 | 9.8803e-11 | 2.1511e-05 
158 | 1.7874e+67 |   5.455 | 0.1658 | 0.2067 |   0.078564 |   0.011038 |   0.011148 |    6.8656e-10 | 9.8689e-11 | 1.0083e-10 | 1.9014e-05 
159 | 4.0242e+67 |  5.5356 | 0.1277 | 0.1522 |   0.070127 |  0.0086214 |  0.0086342 |    6.2189e-10 | 7.7789e-11 | 7.8454e-11 | 1.7392e-05 
160 | 2.0897e+67 |  5.7152 | 0.2098 |   0.21 |   0.072756 |   0.010241 |   0.010263 |    6.6613e-10 |   9.69e-11 | 9.7101e-11 | 2.0904e-05 
161 | 4.6489e+67 |  5.6445 | 0.1526 | 0.1532 |   0.066573 |  0.0080044 |  0.0080139 |    6.0199e-10 | 7.4186e-11 | 7.4285e-11 | 1.7501e-05 
162 | 4.8671e+67 |  5.7388 | 0.1607 | 0.1611 |   0.064193 |  0.0076613 |  0.0076754 |    5.9016e-10 | 7.2347e-11 | 7.2483e-11 | 1.7782e-05 
163 | 2.4157e+67 |  5.7677 | 0.2113 | 0.2117 |   0.067169 |  0.0094736 |  0.0094864 |    6.2063e-10 | 9.0439e-11 | 9.0565e-11 | 2.0233e-05 
164 |   5.31e+67 |  5.7743 | 0.1568 | 0.1573 |   0.060576 |  0.0074889 |  0.0074962 |    5.6036e-10 | 7.0927e-11 | 7.1003e-11 | 1.7174e-05 
165 | 5.7626e+67 |  5.6761 | 0.1579 | 0.1586 |   0.059302 |  0.0071702 |  0.0071794 |    5.3924e-10 | 6.6903e-11 | 6.6999e-11 | 1.6934e-05 
166 | 5.8736e+67 |  6.0638 | 0.1675 | 0.1683 |   0.056546 |  0.0069563 |  0.0069757 |     5.493e-10 | 6.9257e-11 | 6.9458e-11 |  2.025e-05 
167 | 6.5643e+67 |  5.9932 | 0.1666 | 0.1671 |   0.054284 |  0.0066246 |  0.0066319 |    5.2118e-10 | 6.5233e-11 | 6.5311e-11 | 1.8203e-05 
168 | 6.6217e+67 |  5.9383 | 0.1695 | 0.1699 |   0.052116 |  0.0066077 |   0.006612 |    4.9578e-10 | 6.4433e-11 | 6.4481e-11 | 1.7644e-05 
169 | 6.7634e+67 |  6.0456 |  0.178 | 0.1788 |   0.050607 |  0.0064366 |  0.0064458 |    4.9013e-10 | 6.3987e-11 | 6.4089e-11 | 1.6225e-05 
170 | 7.3044e+67 |  6.1195 | 0.1804 | 0.1813 |   0.048745 |  0.0061549 |  0.0061729 |    4.7787e-10 | 6.1962e-11 |  6.215e-11 | 1.6265e-05 
171 | 7.4385e+67 |   5.797 |  0.182 | 0.1826 |   0.046614 |  0.0061275 |  0.0061398 |    4.3289e-10 | 5.8505e-11 | 5.8627e-11 | 1.7369e-05 
172 | 8.2074e+67 |  6.3019 | 0.1803 | 0.1812 |   0.044886 |  0.0058165 |  0.0058251 |    4.5315e-10 | 6.0136e-11 | 6.0235e-11 | 1.7002e-05 
173 | 8.2884e+67 |  6.3195 | 0.1847 | 0.1853 |   0.043726 |  0.0057607 |  0.0057703 |    4.4268e-10 | 5.9739e-11 | 5.9842e-11 | 1.5472e-05 
174 | 8.8594e+67 |   6.485 | 0.1836 | 0.1847 |   0.042895 |  0.0055701 |  0.0055791 |    4.4564e-10 | 5.9227e-11 | 5.9334e-11 | 1.5968e-05 
175 | 8.7579e+67 |  6.4172 | 0.1911 | 0.1916 |   0.041912 |  0.0055282 |  0.0055388 |    4.3087e-10 | 5.8262e-11 | 5.8376e-11 |  1.803e-05 
176 | 9.2962e+67 |  6.2712 | 0.1919 | 0.1927 |   0.040499 |   0.005322 |  0.0053262 |    4.0688e-10 | 5.4897e-11 |  5.495e-11 | 1.7326e-05 
177 |  9.762e+67 |  6.5969 | 0.1925 | 0.1926 |   0.039553 |   0.005184 |   0.005196 |      4.18e-10 | 5.6127e-11 | 5.6252e-11 | 1.6862e-05 
178 | 1.0026e+68 |  6.2804 | 0.1976 | 0.1992 |   0.039239 |  0.0050931 |  0.0051086 |    3.9479e-10 | 5.2727e-11 | 5.2902e-11 | 1.4402e-05 
179 | 1.0385e+68 |  6.5256 | 0.2016 | 0.2036 |   0.037219 |  0.0048668 |  0.0048745 |    3.8908e-10 | 5.2278e-11 | 5.2384e-11 | 1.4768e-05 
180 | 1.0904e+68 |  6.6979 | 0.2047 | 0.2393 |   0.035818 |  0.0046879 |  0.0047018 |    3.8432e-10 | 5.1655e-11 | 5.2286e-11 | 1.7127e-05 
181 | 1.1025e+68 |  6.5145 | 0.2153 | 0.2171 |   0.034434 |  0.0045926 |  0.0046007 |    3.5936e-10 | 4.9379e-11 | 4.9485e-11 | 1.4977e-05 
182 | 1.1736e+68 |  6.4945 | 0.2159 | 0.2182 |   0.033515 |  0.0043958 |  0.0044032 |    3.4869e-10 | 4.7181e-11 | 4.7286e-11 |  1.492e-05 
183 |  1.178e+68 |  6.3887 | 0.2219 | 0.2241 |   0.032265 |  0.0043309 |  0.0043386 |    3.3022e-10 | 4.5785e-11 | 4.5891e-11 | 1.3068e-05 
184 | 1.2324e+68 |  6.6022 | 0.2297 |  0.232 |   0.031785 |   0.004176 |  0.0041895 |    3.3618e-10 |  4.569e-11 | 4.5858e-11 | 1.3435e-05 
185 | 1.2485e+68 |  6.2756 |  0.226 | 0.2288 |   0.030624 |  0.0040924 |  0.0040996 |    3.0787e-10 | 4.2611e-11 | 4.2716e-11 | 1.4406e-05 
186 | 1.3302e+68 |  6.6571 | 0.2251 | 0.2444 |   0.029648 |   0.003995 |  0.0040015 |    3.1618e-10 | 4.3926e-11 | 4.4225e-11 | 1.3985e-05 
187 | 1.3326e+68 |   6.392 | 0.2315 | 0.2336 |    0.02877 |  0.0039261 |  0.0039377 |    2.9461e-10 | 4.1595e-11 | 4.1735e-11 | 1.1775e-05 
188 | 1.3962e+68 |  6.4835 | 0.2277 | 0.2286 |   0.027889 |  0.0038626 |  0.0038744 |    2.8967e-10 | 4.1388e-11 | 4.1518e-11 | 1.2023e-05 
189 | 1.4305e+68 |  6.8572 | 0.2394 |  0.366 |   0.027447 |   0.003693 |  0.0036981 |    3.0151e-10 | 4.1912e-11 | 4.3696e-11 | 1.4703e-05 
190 |  2.481e+68 |  6.5218 |  0.196 | 0.1975 |   0.024595 |  0.0031189 |  0.0031286 |    2.5696e-10 | 3.3488e-11 |   3.36e-11 |    1.1e-05 
191 | 2.5887e+68 |  6.6544 |  0.201 | 0.2091 |   0.023864 |  0.0030101 |   0.003016 |     2.544e-10 | 3.2996e-11 | 3.3131e-11 | 1.0891e-05 
192 | 2.6771e+68 |  6.8718 | 0.2309 |  0.312 |   0.023267 |  0.0029119 |  0.0029379 |    2.5614e-10 | 3.3191e-11 | 3.4369e-11 | 1.2203e-05 
193 | 1.6547e+68 |  6.5471 | 0.2372 | 0.2409 |   0.026223 |  0.0034732 |  0.0034812 |    2.7504e-10 | 3.7767e-11 | 3.7889e-11 | 1.1974e-05 
194 | 1.7041e+68 |  7.1174 |  0.318 | 0.3281 |   0.028584 |  0.0035502 |  0.0035514 |    3.2591e-10 | 4.3019e-11 |  4.319e-11 |  1.442e-05 
195 | 1.7342e+68 |  6.2708 | 0.2332 | 0.2358 |   0.025813 |  0.0034326 |  0.0034423 |    2.5932e-10 | 3.5806e-11 | 3.5929e-11 | 1.3531e-05 
196 | 3.0154e+68 |  6.8171 | 0.2277 | 0.3333 |   0.020447 |  0.0026381 |  0.0026478 |     2.233e-10 |  2.976e-11 | 3.0909e-11 | 1.0192e-05 
197 | 3.1352e+68 |  6.8853 | 0.2506 | 0.3543 |   0.018989 |  0.0025185 |  0.0025235 |    2.0945e-10 | 2.8807e-11 | 2.9848e-11 | 9.5961e-06 
198 | 3.2155e+68 |    6.71 |  0.238 | 0.2852 |   0.018154 |  0.0024797 |  0.0024921 |    1.9514e-10 |  2.754e-11 | 2.8043e-11 | 8.9074e-06 
199 | 4.9405e+68 |  6.8323 | 0.2161 | 0.2929 |   0.016684 |  0.0020949 |  0.0021199 |    1.8261e-10 | 2.3645e-11 | 2.4488e-11 | 9.9575e-06 
200 | 5.1285e+68 |  6.8766 | 0.2478 |  0.325 |   0.016037 |  0.0020784 |  0.0020982 |    1.7667e-10 | 2.3765e-11 | 2.4576e-11 | 9.1141e-06 
201 | 5.3432e+68 |  7.0004 | 0.2781 | 0.3362 |   0.015659 |  0.0020088 |  0.0020105 |    1.7561e-10 | 2.3583e-11 | 2.4073e-11 | 8.5124e-06 
202 | 5.5812e+68 |  6.8529 | 0.2449 | 0.3359 |   0.015162 |  0.0019894 |  0.0020188 |    1.6645e-10 | 2.2636e-11 | 2.3617e-11 | 8.6124e-06 
203 | 5.8539e+68 |  7.2087 | 0.3423 | 0.3443 |   0.014437 |  0.0019118 |  0.0019104 |    1.6672e-10 | 2.3454e-11 | 2.3455e-11 | 8.1889e-06 
204 | 6.0364e+68 |  7.0533 | 0.3116 | 0.3558 |   0.014214 |  0.0018461 |  0.0018471 |    1.6061e-10 | 2.2033e-11 | 2.2389e-11 |   9.36e-06 
205 |  6.414e+68 |  7.4274 | 0.3585 | 0.3616 |   0.013891 |  0.0018041 |   0.001805 |    1.6529e-10 | 2.2901e-11 | 2.2936e-11 | 8.2496e-06 
206 | 6.5003e+68 |  7.4235 | 0.3667 | 0.3698 |   0.013265 |  0.0017632 |  0.0017615 |    1.5775e-10 |  2.237e-11 | 2.2374e-11 | 8.1405e-06 
207 | 6.8017e+68 |  7.5221 | 0.3615 | 0.3642 |   0.012975 |  0.0017375 |   0.001738 |    1.5636e-10 | 2.2245e-11 |  2.227e-11 | 8.8155e-06 
208 | 7.1492e+68 |  7.2376 | 0.3682 |  0.372 |   0.012587 |  0.0016571 |  0.0016576 |    1.4594e-10 | 2.0598e-11 | 2.0631e-11 | 7.6848e-06 
209 | 7.2641e+68 |  7.3297 | 0.3786 | 0.3818 |   0.012188 |  0.0016214 |  0.0016231 |    1.4311e-10 | 2.0424e-11 | 2.0464e-11 | 8.9347e-06 
210 | 7.5642e+68 |  7.4147 | 0.3755 | 0.3778 |   0.011755 |  0.0016023 |  0.0016033 |    1.3963e-10 | 2.0304e-11 |  2.033e-11 | 7.4146e-06 
211 | 7.8342e+68 |  7.3605 | 0.3773 | 0.3801 |   0.011531 |  0.0015609 |  0.0015598 |    1.3597e-10 | 1.9681e-11 | 1.9688e-11 | 8.6244e-06 
212 | 8.1064e+68 |  7.5228 | 0.3775 | 0.3806 |    0.01131 |   0.001527 |  0.0015279 |    1.3631e-10 | 1.9633e-11 | 1.9662e-11 | 8.1447e-06 
213 | 1.1248e+69 |  7.1296 | 0.3304 | 0.3435 |   0.010632 |  0.0013574 |   0.001358 |    1.2143e-10 | 1.6494e-11 | 1.6577e-11 | 7.3823e-06 
214 | 1.1525e+69 |  7.3715 | 0.3516 | 0.3551 |   0.010328 |   0.001319 |  0.0013193 |    1.2197e-10 | 1.6628e-11 | 1.6651e-11 | 7.5082e-06 
215 | 1.1871e+69 |  7.6106 | 0.3526 | 0.3545 |   0.009929 |  0.0013122 |  0.0013121 |    1.2106e-10 | 1.6954e-11 | 1.6962e-11 | 8.2267e-06 
216 | 1.2395e+69 |  7.5079 | 0.3583 | 0.3617 |  0.0097688 |   0.001266 |  0.0012669 |     1.175e-10 | 1.6227e-11 | 1.6256e-11 | 6.6751e-06 
217 | 1.3062e+69 |  8.1365 | 0.3644 | 0.3687 |  0.0096506 |  0.0012401 |    0.00124 |    1.2579e-10 | 1.7118e-11 | 1.7138e-11 | 7.2497e-06 
218 | 1.3542e+69 |  7.5417 | 0.3564 | 0.3592 |  0.0094117 |  0.0012313 |  0.0012309 |    1.1371e-10 | 1.5817e-11 | 1.5827e-11 | 6.6148e-06 
219 | 1.4059e+69 |  7.6926 | 0.3655 | 0.3698 |  0.0091204 |  0.0011782 |  0.0011795 |     1.124e-10 |  1.547e-11 | 1.5508e-11 | 6.6286e-06 
220 | 1.4591e+69 |  8.0087 | 0.3685 | 0.3712 |   0.008808 |  0.0011643 |  0.0011648 |    1.1301e-10 | 1.5816e-11 | 1.5835e-11 |  6.754e-06 
221 | 1.5074e+69 |  7.9526 | 0.3714 | 0.3746 |  0.0086255 |  0.0011436 |  0.0011441 |    1.0989e-10 | 1.5447e-11 | 1.5467e-11 | 6.6537e-06 
222 | 1.5606e+69 |  7.9996 | 0.3754 | 0.3786 |  0.0083803 |  0.0011112 |  0.0011126 |     1.074e-10 | 1.5106e-11 | 1.5137e-11 |  6.558e-06 
223 | 1.6088e+69 |  8.0336 | 0.3875 | 0.3929 |   0.008348 |  0.0010881 |  0.0010888 |    1.0744e-10 | 1.4931e-11 | 1.4966e-11 | 6.6563e-06 
224 |  1.649e+69 |  8.1461 | 0.4004 | 0.4061 |  0.0080417 |  0.0010652 |  0.0010655 |    1.0494e-10 | 1.4827e-11 | 1.4856e-11 | 6.5415e-06 
225 | 1.7133e+69 |  8.5033 | 0.3919 | 0.5071 |  0.0076924 |  0.0010466 |  0.0010466 |    1.0479e-10 | 1.5053e-11 | 1.5567e-11 | 6.6363e-06 
226 | 1.7708e+69 |  7.9829 | 0.3967 | 0.4011 |  0.0075844 |  0.0010171 |  0.0010177 |    9.6994e-11 | 1.3871e-11 | 1.3898e-11 | 7.1499e-06 
227 | 1.8201e+69 |  8.5692 | 0.4058 | 0.6609 |  0.0073792 |  0.0010008 |  0.0010015 |     1.013e-10 | 1.4552e-11 | 1.5813e-11 | 7.5423e-06 
228 | 2.3957e+69 |  8.4948 | 0.3715 | 0.5465 |  0.0069574 | 0.00091306 | 0.00091348 |    9.4681e-11 | 1.3097e-11 | 1.3843e-11 | 6.7239e-06 
229 | 2.4749e+69 |  8.6389 | 0.3658 | 0.5696 |  0.0067008 | 0.00088323 | 0.00088394 |    9.2735e-11 | 1.2839e-11 | 1.3676e-11 |  6.514e-06 
230 | 2.5663e+69 |   8.402 | 0.3832 |  0.453 |  0.0064985 | 0.00086365 | 0.00086278 |     8.747e-11 |  1.229e-11 | 1.2534e-11 | 5.7831e-06 
231 |  2.643e+69 |  8.7313 | 0.4475 | 0.5994 |  0.0063502 | 0.00083374 | 0.00083224 |    8.8824e-11 | 1.2519e-11 | 1.3141e-11 | 6.4629e-06 
232 | 2.7294e+69 |  8.6049 | 0.3894 | 0.5376 |  0.0062073 | 0.00082961 | 0.00083559 |    8.5568e-11 | 1.2074e-11 | 1.2699e-11 | 6.7724e-06 
233 | 2.8119e+69 |  8.7345 | 0.4767 | 0.6064 |  0.0060122 | 0.00080548 | 0.00080729 |    8.4127e-11 |  1.217e-11 | 1.2717e-11 |  7.163e-06 
234 |    2.9e+69 |  8.4705 | 0.4056 | 0.5417 |  0.0058668 | 0.00079114 | 0.00079106 |    7.9611e-11 | 1.1392e-11 | 1.1881e-11 |  5.903e-06 
235 | 3.0032e+69 |  8.6302 | 0.6014 | 0.6362 |  0.0056214 |  0.0007878 | 0.00077451 |     7.772e-11 | 1.2164e-11 | 1.2144e-11 | 6.2807e-06 
236 | 3.7595e+69 |  8.3589 | 0.3947 | 0.4827 |  0.0053982 | 0.00071106 | 0.00071117 |    7.2288e-11 | 1.0115e-11 | 1.0398e-11 | 5.4208e-06 
237 | 3.8229e+69 |   9.156 |  0.587 | 0.6044 |  0.0052365 | 0.00070052 | 0.00070071 |    7.6808e-11 | 1.1394e-11 |  1.146e-11 | 5.9258e-06 
238 | 3.9319e+69 |  8.4856 | 0.3949 | 0.5562 |  0.0050895 |   0.000696 |  0.0006962 |    6.9186e-11 | 9.9943e-12 | 1.0494e-11 | 6.1707e-06 
239 | 4.0311e+69 |  8.6681 | 0.4241 | 0.6099 |  0.0049068 | 0.00068391 | 0.00068353 |    6.8137e-11 | 1.0065e-11 | 1.0634e-11 | 5.7138e-06 
240 | 4.1404e+69 |  8.6149 | 0.4124 | 0.6039 |  0.0048138 | 0.00066578 | 0.00066953 |    6.6435e-11 | 9.7232e-12 | 1.0347e-11 | 5.1727e-06 
241 | 4.2948e+69 |  8.2387 | 0.4102 | 0.4358 |  0.0047234 | 0.00065921 |  0.0006597 |    6.2341e-11 | 9.2376e-12 | 9.3105e-12 | 4.9716e-06 
242 | 4.5451e+69 |  8.3139 | 0.4014 | 0.4526 |  0.0046402 | 0.00064806 | 0.00064828 |    6.1802e-11 | 9.1326e-12 | 9.2667e-12 | 5.7147e-06 
243 | 4.7066e+69 |  8.7984 | 0.5503 | 0.6325 |  0.0044913 | 0.00062323 | 0.00062367 |    6.3305e-11 | 9.6356e-12 | 9.8987e-12 | 5.4946e-06 
244 | 5.7705e+69 |  9.2677 | 0.6044 | 0.6083 |  0.0043237 | 0.00058623 | 0.00058711 |    6.4193e-11 | 9.6582e-12 | 9.6816e-12 | 5.5427e-06 
245 | 5.9474e+69 |  8.2419 | 0.4011 |  0.424 |  0.0042889 | 0.00057584 | 0.00057602 |    5.6629e-11 | 8.0872e-12 | 8.1444e-12 | 5.3691e-06 
246 |  6.143e+69 |    8.28 | 0.4061 |  0.457 |  0.0041886 | 0.00056366 | 0.00056405 |     5.556e-11 | 7.9578e-12 | 8.0859e-12 | 4.6336e-06 
247 | 6.4187e+69 |  8.7584 | 0.5529 |  0.629 |  0.0041364 | 0.00055389 | 0.00055414 |    5.8038e-11 |  8.592e-12 | 8.8218e-12 | 4.8294e-06 
248 | 6.4377e+69 |  8.3035 | 0.4152 |   0.46 |  0.0039721 | 0.00055125 | 0.00055148 |    5.2837e-11 | 7.7943e-12 | 7.8983e-12 | 4.3967e-06 
249 | 6.4765e+69 |  8.2684 | 0.4337 | 0.5123 |   0.003973 | 0.00053752 | 0.00053799 |    5.2626e-11 | 7.6364e-12 | 7.8368e-12 | 4.3693e-06 
250 | 6.6277e+69 |  9.2992 | 0.6473 |   0.65 |  0.0037898 | 0.00054212 | 0.00054254 |    5.6457e-11 | 8.9816e-12 | 8.9943e-12 | 5.1923e-06 
251 | 6.8679e+69 |  8.7747 | 0.5024 | 0.6606 |  0.0037558 | 0.00052862 | 0.00052783 |    5.2796e-11 | 8.0221e-12 | 8.4173e-12 |  5.294e-06 
252 |  8.208e+69 |  8.8302 | 0.6471 | 0.6542 |  0.0035827 | 0.00049452 | 0.00049512 |    5.0681e-11 | 7.9203e-12 |  7.947e-12 | 4.3535e-06 
253 | 8.5467e+69 |  8.5508 | 0.4263 | 0.5009 |  0.0035529 | 0.00048749 |  0.0004877 |    4.8669e-11 |  7.105e-12 | 7.2636e-12 | 4.9482e-06 
254 | 8.9333e+69 |  8.5441 | 0.4095 | 0.5749 |  0.0034049 | 0.00048626 |  0.0004858 |    4.6605e-11 | 7.0206e-12 | 7.3518e-12 | 4.0373e-06 
255 | 9.3077e+69 |  8.2276 | 0.4463 | 0.4853 |  0.0033831 | 0.00045766 | 0.00045751 |    4.4592e-11 | 6.4991e-12 | 6.5789e-12 | 4.5884e-06 
256 | 9.5795e+69 |  8.0223 | 0.4298 | 0.4326 |  0.0032384 |  0.0004624 | 0.00046198 |     4.162e-11 | 6.3472e-12 | 6.3473e-12 | 3.6354e-06 
257 | 9.9834e+69 |  8.7252 | 0.5765 | 0.6709 |   0.003151 | 0.00044957 | 0.00045002 |    4.4044e-11 | 6.9251e-12 |  7.144e-12 |  4.582e-06 
258 | 1.1895e+70 |  7.9805 | 0.4304 | 0.4346 |  0.0030178 | 0.00041857 | 0.00041851 |    3.8582e-11 | 5.7416e-12 | 5.7483e-12 | 4.0629e-06 
259 | 1.1993e+70 |  8.4613 | 0.4469 | 0.6614 |  0.0029406 | 0.00041542 | 0.00041454 |     3.986e-11 | 6.0117e-12 | 6.4252e-12 | 4.2388e-06 
260 | 1.2436e+70 |  8.5095 | 0.4436 |  0.836 |  0.0028488 | 0.00040804 |  0.0004077 |    3.8835e-11 | 5.9194e-12 | 6.7414e-12 | 4.1809e-06 
261 | 1.2962e+70 |  8.5785 | 0.4523 | 0.6431 |   0.002807 | 0.00039907 | 0.00039989 |    3.8576e-11 | 5.8493e-12 |   6.21e-12 | 3.8261e-06 
262 | 1.3494e+70 |   8.559 |  0.454 | 0.6776 |  0.0027493 | 0.00039298 | 0.00039329 |    3.7698e-11 | 5.7475e-12 | 6.1634e-12 | 3.7923e-06 
263 | 1.3859e+70 |  9.1062 | 0.6677 | 0.6941 |  0.0026626 | 0.00038688 | 0.00038693 |    3.8842e-11 | 6.3217e-12 |  6.374e-12 | 3.9495e-06 
264 | 1.6143e+70 |  8.2497 | 0.4448 | 0.5617 |  0.0025493 | 0.00036458 | 0.00036493 |    3.3692e-11 | 5.1494e-12 | 5.3407e-12 | 3.7169e-06 
265 | 1.5868e+70 |  8.5081 | 0.4695 | 0.7274 |  0.0025278 | 0.00036332 | 0.00036319 |    3.4453e-11 | 5.3045e-12 | 5.7604e-12 | 3.2587e-06 
266 | 1.6895e+70 |  8.3815 | 0.4609 | 0.5899 |  0.0024555 | 0.00035251 | 0.00035217 |     3.297e-11 | 5.0685e-12 | 5.2673e-12 | 3.4303e-06 
267 | 1.9131e+70 |  8.3996 | 0.4564 | 0.6347 |  0.0023354 | 0.00033872 | 0.00033877 |    3.1425e-11 | 4.8672e-12 |   5.14e-12 | 3.7662e-06 
268 | 1.9823e+70 |  8.7823 | 0.5558 | 0.7097 |  0.0022895 |   0.000329 | 0.00032929 |    3.2211e-11 | 5.0578e-12 |  5.314e-12 | 3.6394e-06 
269 | 2.0915e+70 |  8.3753 | 0.4687 | 0.5308 |  0.0022257 | 0.00032488 | 0.00032485 |    2.9863e-11 | 4.6684e-12 | 4.7518e-12 | 3.1406e-06 
270 | 2.0966e+70 |  8.4038 | 0.4709 |  0.781 |  0.0021596 | 0.00032272 | 0.00032218 |    2.9075e-11 | 4.6401e-12 | 5.1103e-12 | 3.1326e-06 
271 | 2.1566e+70 |  7.6828 | 0.4691 | 0.4753 |  0.0021656 | 0.00031469 | 0.00031483 |    2.6653e-11 | 4.2012e-12 | 4.2112e-12 | 3.3224e-06 
272 | 2.4586e+70 |  8.0276 | 0.4722 | 0.4779 |  0.0020469 | 0.00029995 | 0.00030001 |    2.6323e-11 | 4.1565e-12 | 4.1644e-12 | 3.3191e-06 
273 | 2.6104e+70 |  7.4813 | 0.4517 | 0.4534 |  0.0019692 | 0.00029411 | 0.00029377 |      2.36e-11 |  3.802e-12 | 3.8002e-12 | 2.6105e-06 
274 | 2.7215e+70 |  8.0404 | 0.4686 | 0.4715 |  0.0019044 | 0.00028904 | 0.00028908 |    2.4531e-11 | 3.9881e-12 | 3.9917e-12 | 2.7134e-06 
275 | 2.8083e+70 |  7.6321 | 0.4779 |  0.483 |  0.0018847 | 0.00028155 | 0.00028138 |    2.3043e-11 | 3.7326e-12 | 3.7366e-12 |  2.544e-06 
276 | 2.8801e+70 |  7.8941 | 0.4982 | 0.5072 |  0.0018363 | 0.00027616 | 0.00027639 |    2.3223e-11 | 3.7875e-12 | 3.8005e-12 | 2.5589e-06 
277 | 3.2686e+70 |  7.4206 | 0.4831 | 0.4888 |  0.0017741 | 0.00026334 | 0.00026302 |     2.109e-11 | 3.4184e-12 | 3.4215e-12 | 2.7392e-06 
278 | 3.3103e+70 |   7.291 | 0.4847 | 0.4875 |  0.0017265 | 0.00026222 | 0.00026193 |    2.0165e-11 | 3.3433e-12 | 3.3433e-12 | 2.2477e-06 
279 | 3.7473e+70 |  7.0438 | 0.3977 | 0.4771 |  0.0016493 | 0.00024957 | 0.00024942 |    1.8611e-11 | 3.0058e-12 | 3.0839e-12 | 2.1017e-06 
280 | 3.9491e+70 |  7.5277 | 0.5072 | 0.5152 |   0.001632 | 0.00024373 | 0.00024309 |    1.9681e-11 | 3.2245e-12 | 3.2261e-12 |  2.255e-06 
281 | 4.0477e+70 |   6.698 | 0.3501 | 0.5152 |  0.0015989 | 0.00024141 | 0.00024225 |    1.7156e-11 | 2.7413e-12 | 2.9152e-12 | 1.9903e-06 
282 | 4.5685e+70 |  6.6524 | 0.3509 | 0.4718 |   0.001511 | 0.00022865 | 0.00022975 |    1.6103e-11 | 2.5806e-12 | 2.7017e-12 | 1.8385e-06 
283 | 4.8563e+70 |  7.3458 | 0.5274 | 0.5551 |   0.001484 | 0.00022197 | 0.00020398 |    1.7463e-11 | 2.8975e-12 | 2.7393e-12 | 2.1879e-06 
284 | 5.5779e+70 |  7.2753 | 0.5035 | 0.5078 |  0.0013883 |  0.0002148 | 0.00021439 |    1.6181e-11 | 2.7425e-12 | 2.7421e-12 | 1.8728e-06 
285 | 5.7551e+70 |  6.8851 | 0.4725 | 0.5184 |  0.0013758 | 0.00020977 |  0.0002234 |    1.5174e-11 | 2.5373e-12 | 2.7161e-12 | 1.8079e-06 
286 | 6.4594e+70 |  7.1993 | 0.4934 | 0.5195 |  0.0012989 | 0.00020038 | 0.00020009 |    1.4981e-11 | 2.5288e-12 | 2.5483e-12 | 1.7818e-06 
287 | 7.0137e+70 |  7.1716 | 0.5083 | 0.5266 |  0.0012516 | 0.00019422 |   0.000194 |     1.438e-11 | 2.4531e-12 | 2.4663e-12 | 1.8592e-06 
288 | 7.9009e+70 |  7.0398 | 0.4845 | 0.5334 |  0.0011827 | 0.00018514 | 0.00018481 |    1.3338e-11 | 2.2808e-12 | 2.3163e-12 | 1.7509e-06 
289 | 8.7731e+70 |  6.4651 | 0.3423 | 0.3459 |  0.0011299 | 0.00018042 | 0.00018081 |    1.1702e-11 | 1.9686e-12 | 1.9746e-12 | 1.6706e-06 
290 | 9.5651e+70 |  7.4199 | 0.5372 | 0.5426 |  0.0010883 | 0.00017287 | 0.00017235 |    1.2937e-11 | 2.2582e-12 | 2.2565e-12 | 1.7319e-06 
291 | 1.1278e+71 |  6.0726 | 0.3658 | 0.3725 |  0.0010214 | 0.00016334 | 0.00016349 |    9.9367e-12 |  1.698e-12 | 1.7033e-12 | 1.4321e-06 
292 |  1.425e+71 |  6.7134 | 0.3654 | 0.5293 | 0.00091657 | 0.00015024 | 0.00015102 |    9.8576e-12 | 1.7026e-12 | 1.8006e-12 |  1.334e-06 
293 | 1.7846e+71 |  6.1511 |  0.365 | 0.3681 | 0.00081335 | 0.00013557 | 0.00013583 |    8.0148e-12 | 1.4181e-12 | 1.4218e-12 | 1.0781e-06 
294 | 2.2193e+71 |  6.3333 | 0.3813 | 0.3861 | 0.00073279 | 0.00012256 | 0.00012287 |    7.4349e-12 | 1.3216e-12 | 1.3265e-12 | 1.0258e-06 
295 | 3.0889e+71 |   5.829 | 0.3802 | 0.3853 | 0.00064897 | 0.00010861 | 0.00010886 |    6.0602e-12 | 1.0885e-12 | 1.0926e-12 | 8.4874e-07 
296 | 4.5149e+71 |  6.1644 | 0.3878 |  0.393 | 0.00052941 | 8.9808e-05 | 9.0094e-05 |    5.2281e-12 | 9.4591e-13 |  9.501e-13 | 7.9392e-07 
297 | 8.5192e+71 |  5.0897 | 0.2893 |  0.293 | 0.00038881 | 7.1221e-05 | 7.2124e-05 |    3.1702e-12 | 6.0803e-13 | 6.1574e-13 |  4.559e-07 
298 | 2.1346e+72 |  4.8343 | 0.2899 | 0.2937 | 0.00025323 |   4.77e-05 |  4.823e-05 |    1.9612e-12 | 3.8768e-13 | 3.9206e-13 | 3.3504e-07 
299 | 1.5155e+73 |  1.9714 |  0.049 |  0.049 |  0.0001052 | 1.9361e-05 | 1.9361e-05 |    3.3224e-13 |   6.17e-14 |   6.17e-14 | 6.8558e-08 
300 | 8.0628e+73 |  0.8442 | 0.0295 | 0.0534 | 5.4305e-05 |   2.11e-05 |  1.746e-05 |    7.3443e-14 | 2.8652e-14 | 2.4065e-14 | 1.5156e-08 
301 | 6.6891e+72 |     0.0 |   -0.0 |    0.0 |          0 |         -0 |          0 |             0 |        nan |        nan |          0 
302 | 8.2191e+66 |  5.6058 | 0.1264 | 0.1264 |   0.098691 |   0.012438 |   0.012438 |    8.8629e-10 | 1.1347e-10 | 1.1347e-10 | 1.2639e-05 
303 | 1.3778e+67 |  4.2442 | 0.0893 | 0.1256 |   0.086568 |    0.01306 |   0.013103 |    5.8859e-10 | 8.9656e-11 | 9.0774e-11 | 1.0109e-05 
304 | 1.8014e+67 |  3.9873 | 0.0805 | 0.0807 |   0.080546 |   0.012087 |   0.012118 |     5.145e-10 | 7.7906e-11 | 7.8104e-11 | 9.9617e-06 
305 | 1.7814e+67 |  3.9478 | 0.0841 | 0.0842 |   0.078773 |   0.012043 |   0.012082 |    4.9819e-10 | 7.6903e-11 | 7.7144e-11 | 1.0965e-05 
306 | 2.1713e+67 |  4.0444 | 0.0833 | 0.0836 |    0.07796 |   0.011284 |   0.011326 |    5.0511e-10 | 7.3847e-11 | 7.4119e-11 | 1.1306e-05 
307 | 1.7436e+67 |  4.5152 | 0.1453 | 0.1462 |   0.078183 |   0.011615 |   0.011673 |    5.6552e-10 | 8.5965e-11 | 8.6397e-11 | 1.3231e-05 
308 | 2.0486e+67 |  4.4603 |   0.14 | 0.1408 |   0.073816 |   0.010969 |   0.011024 |    5.2745e-10 |  8.011e-11 | 8.0509e-11 | 1.3359e-05 
309 | 2.2607e+67 |  4.6061 | 0.1384 | 0.1393 |   0.072428 |   0.010521 |   0.010575 |    5.3444e-10 | 7.9279e-11 | 7.9692e-11 | 1.4337e-05 
310 | 2.5349e+67 |  4.5816 | 0.1352 | 0.1361 |   0.071583 |   0.010195 |   0.010244 |     5.254e-10 |  7.642e-11 | 7.6794e-11 | 1.3792e-05 
311 | 2.8011e+67 |  4.7297 |  0.133 | 0.1337 |   0.068416 |  0.0096553 |   0.009691 |    5.1839e-10 | 7.4596e-11 | 7.4876e-11 |  1.406e-05 
312 |  3.103e+67 |  5.0367 | 0.1376 | 0.1387 |    0.06534 |  0.0090589 |  0.0091117 |    5.2721e-10 |   7.45e-11 |  7.494e-11 |  1.504e-05 
313 | 3.4037e+67 |   5.196 | 0.1386 | 0.1395 |   0.062536 |  0.0086077 |  0.0086507 |    5.2055e-10 | 7.2983e-11 | 7.3352e-11 | 1.5685e-05 
314 | 3.7309e+67 |  5.2633 | 0.1379 | 0.1389 |   0.060106 |  0.0083083 |  0.0083468 |     5.068e-10 | 7.1301e-11 | 7.1638e-11 | 1.5787e-05 
315 | 4.0987e+67 |  5.3931 | 0.1394 | 0.1696 |   0.058205 |  0.0079204 |  0.0079579 |    5.0288e-10 | 6.9654e-11 | 7.0549e-11 | 1.5417e-05 
316 | 4.3143e+67 |  5.3317 | 0.1441 | 0.1592 |   0.055761 |  0.0076619 |  0.0076984 |    4.7628e-10 | 6.6697e-11 | 6.7275e-11 | 1.5078e-05 
317 |  4.529e+67 |  5.3154 | 0.1497 | 0.1769 |   0.053373 |  0.0074392 |  0.0074792 |    4.5449e-10 | 6.4627e-11 | 6.5459e-11 | 1.4496e-05 
318 | 5.0719e+67 |  5.5507 | 0.1808 |  0.219 |   0.049943 |  0.0069667 |  0.0069869 |    4.4411e-10 | 6.3616e-11 | 6.4553e-11 | 1.5014e-05 
319 | 7.8952e+67 |  5.4531 | 0.1487 | 0.2026 |   0.043444 |  0.0058618 |  0.0058788 |    3.7952e-10 | 5.2243e-11 | 5.3257e-11 | 1.3262e-05 
320 | 1.1641e+68 |   5.384 | 0.1492 | 0.2083 |   0.036027 |  0.0048143 |  0.0048412 |    3.1074e-10 | 4.2408e-11 | 4.3452e-11 | 1.0791e-05 
321 | 1.2948e+68 |  5.2686 | 0.1583 | 0.1598 |   0.031429 |  0.0044695 |  0.0044959 |    2.6527e-10 | 3.8556e-11 |  3.879e-11 | 9.7353e-06 
322 |  1.824e+68 |   5.029 | 0.1463 |  0.148 |   0.027858 |  0.0038765 |  0.0038979 |    2.2444e-10 | 3.1906e-11 | 3.2091e-11 | 8.6107e-06 
323 | 2.0221e+68 |  5.1763 | 0.1512 | 0.1531 |   0.025901 |  0.0036019 |  0.0036227 |    2.1478e-10 |  3.052e-11 | 3.0705e-11 | 8.2858e-06 
324 |  2.227e+68 |  5.3274 | 0.1576 | 0.1799 |   0.023883 |  0.0033478 |  0.0033688 |    2.0383e-10 | 2.9201e-11 | 2.9563e-11 | 8.2268e-06 
325 | 2.4462e+68 |  5.5019 | 0.1783 | 0.2251 |   0.022428 |  0.0031032 |  0.0031092 |    1.9768e-10 | 2.8092e-11 | 2.8573e-11 | 8.3164e-06 
326 | 3.2982e+68 |  5.5427 | 0.1891 | 0.2176 |   0.019965 |  0.0026893 |  0.0026931 |    1.7728e-10 | 2.4634e-11 | 2.4906e-11 | 7.4921e-06 
327 |  3.617e+68 |   5.631 | 0.2144 | 0.2293 |   0.018497 |  0.0025176 |  0.0025239 |    1.6686e-10 | 2.3583e-11 |  2.376e-11 | 7.3242e-06 
328 | 4.7937e+68 |  6.1395 | 0.2235 | 0.2257 |   0.016507 |  0.0022138 |  0.0022184 |    1.6236e-10 | 2.2561e-11 | 2.2621e-11 | 7.4934e-06 
329 | 5.2815e+68 |  6.1211 |  0.232 | 0.2348 |   0.015438 |  0.0020542 |  0.0020629 |    1.5138e-10 | 2.0945e-11 | 2.1046e-11 | 6.9875e-06 
330 | 5.7514e+68 |   6.351 | 0.2368 | 0.2389 |   0.014505 |  0.0019692 |  0.0019764 |    1.4758e-10 | 2.0777e-11 | 2.0861e-11 | 7.1059e-06 
331 | 6.2392e+68 |  6.3652 | 0.2465 | 0.2495 |   0.013742 |  0.0018608 |  0.0018682 |    1.4013e-10 | 1.9736e-11 | 1.9826e-11 | 7.0372e-06 
332 | 8.0159e+68 |  6.3532 | 0.2394 | 0.2428 |    0.01237 |  0.0016254 |  0.0016328 |     1.259e-10 | 1.7209e-11 | 1.7301e-11 | 6.3229e-06 
333 | 8.7342e+68 |  6.4913 | 0.2431 | 0.2452 |   0.011517 |  0.0015476 |  0.0015528 |    1.1976e-10 | 1.6707e-11 |  1.677e-11 | 6.2887e-06 
334 | 9.4225e+68 |  6.6591 | 0.2494 | 0.2683 |   0.010686 |  0.0014428 |  0.0014493 |    1.1399e-10 | 1.5973e-11 | 1.6129e-11 |  6.219e-06 
335 | 1.1869e+69 |   6.456 | 0.2369 | 0.2393 |   0.009806 |  0.0012962 |  0.0013002 |    1.0142e-10 | 1.3913e-11 | 1.3963e-11 | 5.5478e-06 
336 | 1.2461e+69 |  6.5069 | 0.2532 |  0.257 |  0.0091306 |  0.0012273 |  0.0012315 |    9.5178e-11 | 1.3318e-11 | 1.3376e-11 |   5.42e-06 
337 | 1.5075e+69 |   6.752 | 0.2469 | 0.2688 |  0.0085113 |  0.0011281 |  0.0011327 |    9.2064e-11 | 1.2658e-11 | 1.2788e-11 | 5.4169e-06 
338 | 1.7213e+69 |  6.5894 | 0.2455 | 0.2484 |  0.0079659 |  0.0010608 |  0.0010656 |     8.409e-11 | 1.1628e-11 | 1.1687e-11 | 4.9925e-06 
339 | 1.8526e+69 |  6.5637 | 0.2501 | 0.2527 |   0.007405 |  0.0010033 |  0.0010069 |    7.7864e-11 | 1.0959e-11 | 1.1004e-11 | 4.7943e-06 
340 | 1.9906e+69 |  6.7475 | 0.2578 | 0.3403 |  0.0070692 | 0.00096475 | 0.00096779 |    7.6415e-11 | 1.0829e-11 | 1.1149e-11 |  4.715e-06 
341 |  2.414e+69 |  6.8878 | 0.3212 | 0.3776 |  0.0066132 | 0.00086727 | 0.00089338 |    7.2972e-11 | 1.0157e-11 | 1.0639e-11 | 4.6572e-06 
342 | 2.5944e+69 |  6.6489 | 0.2608 |  0.304 |  0.0062687 | 0.00083783 | 0.00084135 |    6.6771e-11 | 9.3006e-12 | 9.4674e-12 | 4.4144e-06 
343 | 3.1098e+69 |  6.7343 | 0.2529 | 0.3145 |  0.0057833 | 0.00077714 | 0.00077946 |    6.2393e-11 | 8.7054e-12 | 8.8996e-12 | 4.1545e-06 
344 | 3.3443e+69 |  6.6732 | 0.2667 | 0.3167 |   0.005454 | 0.00074202 | 0.00074513 |    5.8305e-11 | 8.2677e-12 | 8.4327e-12 | 4.0171e-06 
345 | 3.9091e+69 |  6.6748 | 0.2649 | 0.3223 |  0.0050319 | 0.00068409 | 0.00068644 |    5.3806e-11 | 7.6203e-12 | 7.7864e-12 | 3.7317e-06 
346 | 4.6058e+69 |  6.5324 | 0.2567 | 0.2588 |  0.0046485 | 0.00064968 | 0.00065236 |    4.8646e-11 | 7.0625e-12 | 7.0937e-12 | 3.4765e-06 
347 | 5.4581e+69 |  6.7597 | 0.2686 | 0.3374 |  0.0042559 | 0.00058356 | 0.00058531 |    4.6087e-11 | 6.5794e-12 | 6.7429e-12 | 3.4273e-06 
348 | 6.4181e+69 |  6.9265 | 0.2954 | 0.4012 |  0.0039584 | 0.00054263 | 0.00054238 |    4.3924e-11 | 6.3058e-12 | 6.5341e-12 | 3.2895e-06 
349 |  7.612e+69 |  6.6589 | 0.2729 | 0.3624 |  0.0036708 | 0.00050335 | 0.00050494 |    3.9158e-11 | 5.6042e-12 | 5.7927e-12 | 3.0333e-06 
350 | 9.3493e+69 |   7.077 | 0.3492 | 0.4076 |  0.0033671 | 0.00046143 | 0.00046128 |    3.8174e-11 | 5.5602e-12 | 5.6731e-12 | 3.0144e-06 
351 | 1.0295e+70 |  7.2653 | 0.4163 | 0.4199 |  0.0031088 | 0.00043754 | 0.00043779 |    3.6184e-11 | 5.4984e-12 | 5.5078e-12 | 2.9664e-06 
352 | 1.2608e+70 |  7.1005 | 0.3867 | 0.4244 |  0.0028924 |  0.0003969 | 0.00039709 |    3.2901e-11 | 4.8573e-12 | 4.9264e-12 | 2.7379e-06 
353 | 1.5681e+70 |   6.681 | 0.2915 | 0.3695 |  0.0026162 | 0.00036466 | 0.00036641 |    2.8002e-11 | 4.0897e-12 | 4.2163e-12 | 2.4232e-06 
354 | 1.8809e+70 |  6.5623 | 0.2952 | 0.3182 |   0.002379 | 0.00033696 | 0.00033848 |     2.501e-11 | 3.7167e-12 | 3.7593e-12 | 2.2047e-06 
355 | 2.3237e+70 |  6.5916 | 0.2935 | 0.3287 |  0.0021418 | 0.00031029 | 0.00031166 |    2.2616e-11 | 3.4279e-12 | 3.4789e-12 | 2.0296e-06 
356 | 2.8733e+70 |  6.7109 | 0.2985 |  0.364 |  0.0019192 | 0.00028024 | 0.00028145 |    2.0634e-11 | 3.1495e-12 | 3.2262e-12 | 1.9396e-06 
357 | 3.7327e+70 |  6.4739 | 0.3065 | 0.3093 |  0.0016835 | 0.00025039 | 0.00025149 |     1.746e-11 | 2.7252e-12 | 2.7383e-12 | 1.6843e-06 
358 | 4.5509e+70 |  5.9568 |  0.318 | 0.3226 |  0.0015424 | 0.00022994 | 0.00023007 |    1.4719e-11 | 2.3307e-12 | 2.3358e-12 |   1.46e-06 
359 | 5.7426e+70 |  5.6925 |  0.311 | 0.3117 |  0.0013649 |  0.0002102 | 0.00021054 |    1.2447e-11 | 2.0339e-12 | 2.0374e-12 | 1.2658e-06 
360 | 7.3489e+70 |  5.9423 |  0.322 | 0.3245 |  0.0012071 | 0.00018906 | 0.00018935 |    1.1491e-11 | 1.9044e-12 | 1.9087e-12 | 1.2077e-06 
361 | 9.7578e+70 |  5.9235 | 0.3308 | 0.3316 |  0.0010737 | 0.00017211 | 0.00017287 |    1.0189e-11 | 1.7295e-12 | 1.7368e-12 | 1.1263e-06 
362 | 1.3923e+71 |  5.8982 | 0.3282 | 0.3291 | 0.00090993 | 0.00014741 | 0.00014791 |    8.5979e-12 | 1.4727e-12 | 1.4776e-12 | 9.7216e-07 
363 | 1.9342e+71 |  5.5527 | 0.3618 | 0.3515 | 0.00079314 | 0.00012991 | 0.00013656 |    7.0554e-12 | 1.2437e-12 | 1.2943e-12 | 8.3407e-07 
364 | 3.4614e+71 |  5.2008 | 0.2723 | 0.3381 | 0.00062589 |   0.000105 | 0.00010622 |    5.2147e-12 | 9.1641e-13 | 9.4769e-13 | 6.5403e-07 
365 | 1.0076e+72 |  5.2522 | 0.2685 |  0.429 | 0.00036902 | 6.7783e-05 | 6.8413e-05 |     3.105e-12 | 5.9201e-13 | 6.2902e-13 | 4.1841e-07 
366 | 7.1538e+73 |  0.7578 | 0.0455 | 0.0484 | 5.8681e-05 | 2.5091e-05 | 2.7034e-05 |    7.1239e-14 | 3.0759e-14 | 3.3133e-14 | 1.4509e-07 
