Bin | Vol (cm^3) | T (kT) | kT_lo  |  kT_hi |  n (cm^-3) |       n_lo |       n_hi | P (erg cm^-3) |       P_lo |       P_hi |      Yparm
  0 | 4.4051e+69 | 7.7417 | 0.9173 | 1.0075 |  0.0047329 | 0.00096374 |  0.0009608 |    5.8698e-11 | 1.3829e-11 | 1.4154e-11 | 2.1138e-06
  1 | 5.9919e+69 | 6.7171 | 0.6337 | 0.8554 |  0.0038157 | 0.00077126 | 0.00078172 |     4.106e-11 | 9.1589e-12 | 9.9045e-12 |  1.807e-06
  2 | 6.6593e+69 | 6.7204 | 0.6233 | 0.8528 |  0.0034306 | 0.00072772 | 0.00074224 |    3.6934e-11 | 8.5508e-12 | 9.2641e-12 | 1.8309e-06
  3 | 6.8421e+69 | 6.3486 |    0.6 | 0.7287 |  0.0032004 | 0.00065831 |  0.0006624 |     3.255e-11 | 7.3682e-12 | 7.7036e-12 |   1.75e-06
  4 | 8.3334e+69 | 6.7592 | 0.5983 | 0.8578 |  0.0029426 | 0.00061135 | 0.00061662 |    3.1863e-11 | 7.1956e-12 | 7.8059e-12 | 1.8318e-06
  5 | 9.1552e+69 | 5.5148 | 0.4097 | 0.6109 |  0.0027296 | 0.00056988 |  0.0005753 |    2.4115e-11 |  5.344e-12 | 5.7418e-12 | 1.4671e-06
  6 | 9.5456e+69 | 6.0212 | 0.6012 | 0.6095 |  0.0024517 | 0.00054636 | 0.00054996 |    2.3649e-11 |  5.775e-12 |   5.82e-12 | 1.5095e-06
  7 | 1.0273e+70 | 6.2275 | 0.6053 | 0.6212 |  0.0022749 | 0.00048609 | 0.00048908 |    2.2695e-11 | 5.3276e-12 | 5.3789e-12 | 1.5096e-06
  8 |  1.075e+70 | 5.7624 | 0.5703 | 0.6369 |  0.0022028 | 0.00046876 | 0.00047123 |    2.0335e-11 | 4.7724e-12 | 4.8964e-12 | 1.4028e-06
  9 |  1.095e+70 | 5.2945 | 0.4424 | 0.6226 |  0.0020712 |  0.0004582 | 0.00046823 |    1.7567e-11 | 4.1543e-12 | 4.4766e-12 | 1.2506e-06
 10 | 1.1795e+70 | 4.9476 | 0.4214 | 0.4305 |  0.0019433 | 0.00044693 | 0.00045642 |    1.5403e-11 | 3.7775e-12 | 3.8579e-12 | 1.1292e-06
 11 | 1.1728e+70 | 4.9658 | 0.4503 | 0.4492 |  0.0019591 | 0.00037087 | 0.00035536 |    1.5585e-11 | 3.2713e-12 |  3.159e-12 | 1.1733e-06
 12 | 1.2789e+70 | 4.8412 | 0.4366 | 0.4548 |  0.0018215 | 0.00040889 |  0.0004114 |    1.4127e-11 | 3.4175e-12 | 3.4557e-12 | 1.0904e-06
 13 | 1.2224e+70 | 4.4237 | 0.3968 | 0.4524 |  0.0018233 | 0.00040839 | 0.00038289 |    1.2922e-11 | 3.1176e-12 | 3.0181e-12 | 1.0197e-06
 14 | 1.2959e+70 | 5.3106 | 0.4541 | 0.6194 |  0.0017224 | 0.00037512 | 0.00038604 |    1.4654e-11 | 3.4285e-12 | 3.7023e-12 | 1.1809e-06
 15 | 1.2457e+70 | 4.8751 | 0.4506 | 0.4683 |  0.0017196 | 0.00039046 |  0.0003988 |     1.343e-11 | 3.2924e-12 | 3.3712e-12 | 1.1024e-06
 16 | 1.3054e+70 | 5.2643 | 0.4339 | 0.5458 |  0.0016081 | 0.00035813 | 0.00036529 |    1.3562e-11 | 3.2204e-12 | 3.3863e-12 | 1.1335e-06
 17 | 1.3642e+70 | 4.8812 | 0.4562 |  0.476 |  0.0016123 | 0.00036823 | 0.00036843 |    1.2607e-11 | 3.1112e-12 | 3.1324e-12 | 1.0718e-06
 18 | 1.4411e+70 |  4.307 | 0.3248 | 0.4276 |  0.0016079 | 0.00036254 | 0.00038153 |    1.1094e-11 | 2.6377e-12 | 2.8536e-12 |  9.601e-07
 19 |  1.529e+70 | 4.8127 | 0.4434 | 0.4635 |  0.0015191 | 0.00033746 | 0.00034445 |    1.1712e-11 | 2.8167e-12 | 2.8853e-12 | 1.0304e-06
 20 | 1.6123e+70 | 4.3749 | 0.3558 |  0.438 |  0.0014767 | 0.00033137 | 0.00034782 |     1.035e-11 | 2.4703e-12 | 2.6488e-12 | 9.2503e-07
 21 | 1.6801e+70 | 4.7653 | 0.4321 | 0.5097 |  0.0014451 | 0.00030477 | 0.00026427 |    1.1032e-11 | 2.5325e-12 | 2.3372e-12 | 1.0008e-06
 22 | 1.7088e+70 | 4.2366 | 0.3351 | 0.4626 |  0.0014169 |  0.0003312 | 0.00033846 |    9.6165e-12 | 2.3731e-12 | 2.5257e-12 | 8.8581e-07
 23 | 1.7544e+70 | 4.7023 | 0.4413 | 0.4821 |  0.0013373 | 0.00031313 | 0.00031794 |    1.0074e-11 | 2.5412e-12 | 2.6083e-12 | 9.4136e-07
 24 | 1.8015e+70 | 4.7659 | 0.4691 | 0.4951 |  0.0012775 | 0.00030726 | 0.00031388 |    9.7539e-12 | 2.5347e-12 | 2.6019e-12 | 9.2438e-07
 25 | 1.8889e+70 | 4.2424 | 0.3425 | 0.4043 |  0.0012886 | 0.00029966 | 0.00031582 |    8.7579e-12 | 2.1558e-12 |  2.303e-12 | 8.4116e-07
 26 | 1.9416e+70 | 4.7914 | 0.4687 |   0.49 |  0.0012179 |  0.0002771 |  0.0002823 |    9.3487e-12 | 2.3153e-12 | 2.3684e-12 | 9.1021e-07
 27 | 2.4117e+70 | 4.2928 | 0.3431 |  0.415 |  0.0010749 |  0.0002639 | 0.00027847 |     7.392e-12 | 1.9086e-12 | 2.0441e-12 | 7.3066e-07
 28 | 2.5051e+70 | 4.1957 | 0.3487 | 0.4738 |  0.0011095 | 0.00026726 | 0.00027359 |    7.4574e-12 | 1.9003e-12 | 2.0226e-12 | 7.4797e-07
 29 | 2.4243e+70 | 4.0824 | 0.3641 | 0.4084 |  0.0011186 | 0.00028086 | 0.00027604 |    7.3154e-12 | 1.9493e-12 |  1.948e-12 | 7.4351e-07
 30 | 2.3317e+70 | 3.9863 | 0.3429 | 0.3724 |  0.0011418 | 0.00026877 | 0.00027478 |    7.2915e-12 | 1.8274e-12 | 1.8823e-12 | 7.4994e-07
 31 |  2.418e+70 |  4.094 |  0.351 | 0.3902 |  0.0011278 | 0.00027035 | 0.00022369 |    7.3965e-12 | 1.8831e-12 | 1.6277e-12 | 7.6931e-07
 32 | 2.2363e+70 | 4.3657 | 0.3848 | 0.4917 |  0.0011354 | 0.00026507 | 0.00026471 |    7.9412e-12 | 1.9816e-12 | 2.0561e-12 |  8.349e-07
 33 | 2.6112e+70 |  4.031 | 0.3598 | 0.4297 |  0.0010686 | 0.00026348 | 0.00022283 |     6.901e-12 | 1.8095e-12 | 1.6161e-12 | 7.3358e-07
 34 | 2.3995e+70 | 4.0287 |  0.357 |  0.404 |  0.0011026 | 0.00026892 | 0.00024287 |    7.1159e-12 | 1.8466e-12 | 1.7223e-12 | 7.6413e-07
 35 | 2.5205e+70 | 3.9367 | 0.3396 | 0.3513 |  0.0010841 |  0.0002661 | 0.00027297 |     6.837e-12 | 1.7788e-12 | 1.8264e-12 | 7.4138e-07
 36 | 2.6273e+70 | 4.5264 | 0.5042 | 0.5113 |    0.00107 | 0.00023308 | 0.00022575 |    7.7588e-12 | 1.8983e-12 | 1.8568e-12 | 8.4946e-07
 37 | 2.7218e+70 | 4.5146 | 0.4331 | 0.4963 | 0.00099684 | 0.00024185 | 0.00024772 |    7.2095e-12 | 1.8809e-12 | 1.9591e-12 |  7.968e-07
 38 | 2.7935e+70 | 4.2101 | 0.3482 | 0.4799 |  0.0010099 |  0.0002478 |  0.0002536 |     6.811e-12 | 1.7637e-12 | 1.8784e-12 | 7.5968e-07
 39 | 2.8546e+70 | 3.7227 | 0.3293 |  0.334 | 0.00096225 | 0.00025594 | 0.00026135 |    5.7386e-12 | 1.6086e-12 | 1.6415e-12 | 6.4593e-07
 40 | 2.9094e+70 | 3.4111 | 0.2735 | 0.3404 |  0.0010301 | 0.00026054 | 0.00023052 |    5.6289e-12 | 1.4936e-12 | 1.3793e-12 | 6.3929e-07
 41 | 2.9686e+70 | 3.9882 | 0.3592 | 0.3935 |  0.0010074 | 0.00023771 | 0.00020535 |    6.4365e-12 | 1.6257e-12 | 1.4576e-12 | 7.3742e-07
 42 | 3.0104e+70 | 4.0638 | 0.3656 | 0.4173 | 0.00096845 | 0.00023995 | 0.00024352 |    6.3048e-12 | 1.6619e-12 | 1.7125e-12 | 7.2849e-07
 43 | 3.0786e+70 | 4.1393 | 0.3757 | 0.4516 | 0.00095382 | 0.00023402 | 0.00022599 |    6.3249e-12 | 1.6546e-12 | 1.6498e-12 | 7.3712e-07
 44 | 3.1874e+70 | 3.9936 | 0.3726 | 0.4181 | 0.00095882 | 0.00023297 | 0.00020761 |    6.1343e-12 | 1.5966e-12 | 1.4753e-12 | 7.2087e-07
 45 | 3.2717e+70 | 4.1777 | 0.3787 | 0.4359 | 0.00095657 |  0.0002326 |  0.0001975 |     6.402e-12 | 1.6613e-12 |  1.481e-12 | 7.5852e-07
 46 | 3.3549e+70 | 3.6405 | 0.3297 | 0.3543 | 0.00091973 | 0.00023849 | 0.00024263 |    5.3639e-12 | 1.4733e-12 | 1.5083e-12 |  6.405e-07
 47 |   3.44e+70 | 4.2821 | 0.3944 | 0.4996 | 0.00088376 | 0.00022798 |  0.0002426 |    6.0625e-12 | 1.6606e-12 | 1.8083e-12 | 7.2984e-07
 48 |  3.539e+70 | 3.9253 | 0.3614 | 0.3721 |  0.0008792 | 0.00022471 | 0.00023065 |    5.5287e-12 |  1.502e-12 | 1.5422e-12 | 6.7077e-07
 49 | 3.6561e+70 | 4.1498 | 0.3447 |   0.47 | 0.00084443 | 0.00021771 | 0.00022496 |    5.6138e-12 | 1.5206e-12 |  1.625e-12 | 6.8627e-07
 50 |  3.742e+70 | 4.1652 | 0.3542 | 0.5047 | 0.00083704 | 0.00020917 |  0.0002145 |    5.5853e-12 | 1.4743e-12 | 1.5832e-12 | 6.8782e-07
 51 | 4.2738e+70 | 4.0318 | 0.3546 | 0.4134 | 0.00082529 | 0.00020147 | 0.00020626 |    5.3305e-12 | 1.3832e-12 |   1.44e-12 | 6.6203e-07
 52 | 4.4024e+70 | 4.2517 | 0.3829 | 0.4703 |  0.0008236 | 0.00019823 | 0.00019376 |    5.6097e-12 | 1.4416e-12 | 1.4583e-12 | 7.0229e-07
 53 | 4.0158e+70 | 4.4311 | 0.4766 | 0.5326 | 0.00080829 | 0.00020336 | 0.00021769 |    5.7377e-12 |   1.57e-12 | 1.6922e-12 | 7.2354e-07
 54 | 4.1156e+70 | 5.0707 | 0.5492 | 0.6803 | 0.00079938 | 0.00019339 | 0.00019658 |    6.4936e-12 | 1.7212e-12 |  1.819e-12 |  8.247e-07
 55 | 4.2148e+70 | 4.7351 | 0.5467 | 0.5779 | 0.00080074 |  0.0001918 | 0.00017337 |    6.0741e-12 | 1.6151e-12 | 1.5097e-12 | 7.7686e-07
 56 | 4.8396e+70 | 4.0998 | 0.3688 | 0.4222 |  0.0007784 | 0.00019069 | 0.00019559 |    5.1125e-12 | 1.3342e-12 | 1.3883e-12 | 6.5877e-07
 57 | 4.9211e+70 | 5.0741 | 0.5353 | 0.6144 |  0.0007377 |  0.0001863 |   0.000191 |    5.9965e-12 | 1.6412e-12 |  1.714e-12 | 7.7841e-07
 58 |  4.456e+70 | 4.2278 | 0.3851 | 0.5343 | 0.00078376 | 0.00019797 | 0.00020279 |    5.3084e-12 | 1.4254e-12 | 1.5286e-12 | 6.9378e-07
 59 | 5.1778e+70 | 4.7142 | 0.5065 | 0.5306 | 0.00074686 |   0.000184 | 0.00018715 |    5.6404e-12 |  1.516e-12 | 1.5494e-12 | 7.4253e-07
 60 | 4.6973e+70 | 4.6454 |  0.501 |  0.542 | 0.00077881 |  0.0001955 | 0.00019845 |    5.7958e-12 | 1.5835e-12 | 1.6243e-12 | 7.6798e-07
 61 | 4.7748e+70 | 3.9014 | 0.3843 |  0.406 |  0.0007852 | 0.00020045 | 0.00017663 |    4.9076e-12 | 1.3429e-12 | 1.2163e-12 |  6.544e-07
 62 | 4.8943e+70 | 4.5245 | 0.4525 | 0.5467 | 0.00072856 | 0.00019029 | 0.00019543 |    5.2808e-12 | 1.4769e-12 | 1.5536e-12 | 7.0877e-07
 63 | 5.6192e+70 | 4.0904 | 0.3893 | 0.5211 | 0.00071306 | 0.00018184 | 0.00018737 |    4.6725e-12 | 1.2718e-12 | 1.3645e-12 | 6.3134e-07
 64 | 6.3953e+70 |  4.485 | 0.4286 | 0.5699 | 0.00068176 | 0.00016433 | 0.00013726 |    4.8984e-12 | 1.2701e-12 | 1.1662e-12 | 6.6676e-07
 65 | 6.4853e+70 | 4.8991 | 0.5704 | 0.6737 | 0.00064552 | 0.00015481 |  0.0001543 |    5.0663e-12 | 1.3506e-12 | 1.3971e-12 | 6.9464e-07
 66 | 5.9156e+70 | 4.4966 | 0.4841 | 0.5428 | 0.00066584 | 0.00016745 | 0.00017453 |    4.7964e-12 | 1.3121e-12 | 1.3841e-12 | 6.6191e-07
 67 | 6.7368e+70 | 4.1705 | 0.4082 | 0.6037 | 0.00065467 | 0.00016524 | 0.00014667 |    4.3739e-12 | 1.1841e-12 | 1.1667e-12 | 6.0789e-07
 68 | 6.8669e+70 |  5.136 | 0.5616 | 0.6401 | 0.00062153 | 0.00015436 | 0.00015797 |    5.1138e-12 | 1.3877e-12 | 1.4476e-12 | 7.1564e-07
 69 | 7.0555e+70 | 4.4938 | 0.5052 | 0.5938 | 0.00062752 | 0.00015827 | 0.00014729 |    4.5175e-12 | 1.2475e-12 | 1.2168e-12 |  6.366e-07
 70 | 7.2635e+70 | 4.1553 | 0.3822 | 0.5298 | 0.00062343 | 0.00016038 | 0.00016439 |    4.1501e-12 | 1.1338e-12 | 1.2156e-12 | 5.8869e-07
 71 | 7.4318e+70 | 4.6506 | 0.5263 | 0.5718 | 0.00062762 | 0.00015217 | 0.00015232 |    4.6759e-12 | 1.2511e-12 | 1.2722e-12 | 6.6778e-07
 72 | 7.5058e+70 | 4.4232 | 0.5625 | 0.6206 | 0.00062088 | 0.00015341 | 0.00014095 |    4.3995e-12 | 1.2226e-12 | 1.1741e-12 | 6.3244e-07
 73 | 8.4668e+70 | 4.2293 | 0.3919 | 0.5061 | 0.00057521 | 0.00014924 | 0.00015386 |    3.8972e-12 | 1.0737e-12 |  1.142e-12 | 5.6413e-07
 74 | 8.6305e+70 | 4.5406 | 0.5298 | 0.5607 | 0.00054087 | 0.00014633 | 0.00015467 |    3.9343e-12 | 1.1592e-12 | 1.2255e-12 | 5.7344e-07
 75 | 8.8269e+70 | 4.5128 | 0.5125 | 0.5437 | 0.00055314 | 0.00014261 | 0.00015075 |    3.9989e-12 | 1.1266e-12 | 1.1916e-12 | 5.7248e-07
 76 |  8.951e+70 | 4.8572 | 0.5795 | 0.6161 | 0.00054409 | 0.00013838 | 0.00013809 |    4.2337e-12 | 1.1893e-12 | 1.2012e-12 | 6.2545e-07
 77 | 9.1182e+70 | 4.2984 | 0.3908 | 0.6436 | 0.00053877 | 0.00014049 | 0.00013958 |      3.71e-12 | 1.0245e-12 | 1.1101e-12 | 5.2426e-07
 78 | 9.3493e+70 | 4.5654 | 0.4925 |  0.581 | 0.00052515 | 0.00014035 | 0.00014453 |    3.8408e-12 | 1.1069e-12 | 1.1646e-12 |  5.749e-07
 79 | 1.0533e+71 | 4.0732 | 0.4046 | 0.4983 | 0.00049779 | 0.00013622 | 0.00014054 |    3.2482e-12 | 9.4559e-13 | 9.9946e-13 | 4.8955e-07
 80 | 1.1827e+71 | 4.3644 | 0.4454 | 0.5931 | 0.00049204 | 0.00012702 |  0.0001274 |    3.4403e-12 | 9.5495e-13 |  1.006e-12 | 5.2222e-07
 81 | 1.2241e+71 | 3.7276 | 0.3812 | 0.4342 | 0.00050302 | 0.00012933 | 0.00010584 |    3.0038e-12 | 8.3117e-13 | 7.2244e-13 | 4.5925e-07
 82 | 1.2531e+71 | 3.9132 | 0.4056 | 0.4301 | 0.00047412 | 0.00012613 | 0.00012934 |    2.9722e-12 | 8.4858e-13 | 8.7416e-13 | 4.5767e-07
 83 | 1.3845e+71 | 3.8494 | 0.4056 |  0.421 | 0.00045509 | 0.00012118 | 0.00012389 |    2.8064e-12 | 8.0365e-13 | 8.2335e-13 | 4.3534e-07
 84 | 1.4072e+71 | 4.2821 | 0.4591 | 0.7422 | 0.00044991 | 0.00011518 | 9.7883e-05 |    3.0864e-12 | 8.5661e-13 | 8.5851e-13 | 4.8225e-07
 85 | 1.5672e+71 | 4.5838 | 0.5432 | 0.6247 | 0.00041261 | 0.00011226 | 0.00011629 |    3.0299e-12 | 8.9917e-13 | 9.4851e-13 |   4.77e-07
 86 |  1.707e+71 | 4.0041 | 0.4527 | 0.6068 | 0.00041092 | 0.00010582 | 0.00010058 |    2.6359e-12 | 7.4134e-13 | 7.5884e-13 | 4.1826e-07
 87 | 1.8451e+71 | 4.2341 | 0.4305 | 0.6687 | 0.00039313 |  0.0001069 | 0.00010767 |    2.6666e-12 | 7.7415e-13 | 8.4304e-13 | 4.2659e-07
 88 | 1.9997e+71 | 4.6345 | 0.5762 |  0.633 | 0.00036116 | 9.5774e-05 | 9.7439e-05 |    2.6814e-12 | 7.8535e-13 | 8.1085e-13 | 4.3261e-07
 89 | 2.0417e+71 | 4.1486 | 0.4524 | 0.6372 | 0.00037677 | 9.9751e-05 | 9.9922e-05 |     2.504e-12 | 7.1699e-13 | 7.6742e-13 | 4.0735e-07
 90 | 2.2429e+71 | 3.7124 | 0.4257 | 0.4244 | 0.00035155 | 9.8001e-05 |  9.987e-05 |    2.0907e-12 | 6.3022e-13 | 6.4024e-13 | 3.4302e-07
 91 | 2.8763e+71 |  4.155 | 0.4467 | 0.8432 | 0.00030089 | 8.7734e-05 | 8.6677e-05 |    2.0028e-12 | 6.2242e-13 | 7.0574e-13 | 3.3188e-07
 92 | 2.9334e+71 | 4.0246 | 0.4564 | 0.5406 | 0.00032218 | 8.7334e-05 | 8.6548e-05 |    2.0772e-12 | 6.1037e-13 | 6.2388e-13 | 3.4758e-07
 93 | 2.9608e+71 | 4.0423 | 0.4203 | 0.5372 | 0.00030301 | 8.4654e-05 | 8.6802e-05 |    1.9622e-12 | 5.8494e-13 | 6.1965e-13 | 3.3148e-07
 94 | 3.1276e+71 | 3.1844 | 0.3147 | 0.3924 | 0.00029764 | 9.0057e-05 | 9.2954e-05 |    1.5184e-12 |  4.833e-13 | 5.0977e-13 | 2.5899e-07
 95 | 3.6623e+71 | 3.2462 | 0.3706 | 0.5569 | 0.00028867 | 8.7233e-05 | 8.4464e-05 |    1.5012e-12 | 4.8494e-13 | 5.0918e-13 | 2.5876e-07
 96 | 4.7694e+71 | 3.1731 | 0.3602 | 0.5164 | 0.00024254 | 7.4146e-05 | 7.6491e-05 |    1.2329e-12 | 4.0206e-13 | 4.3755e-13 | 2.1519e-07
 97 | 4.7032e+71 | 2.6627 | 0.2851 | 0.4446 | 0.00025934 | 8.3754e-05 | 8.2421e-05 |    1.1063e-12 | 3.7639e-13 | 3.9715e-13 | 1.9535e-07
 98 | 5.3226e+71 | 2.4236 | 0.2873 | 0.3019 | 0.00024345 | 7.6714e-05 | 7.9209e-05 |    9.4521e-13 | 3.1823e-13 | 3.2931e-13 |   1.69e-07
 99 | 6.1192e+71 | 2.4611 | 0.2964 | 0.3724 | 0.00022409 | 7.4086e-05 |  7.672e-05 |    8.8351e-13 | 3.1087e-13 | 3.3071e-13 | 1.6011e-07
100 | 6.7704e+71 | 2.5488 | 0.3333 | 0.4941 |  0.0002006 |  7.256e-05 | 7.3509e-05 |    8.1908e-13 | 3.1504e-13 | 3.3956e-13 | 1.5048e-07
101 | 8.6296e+71 | 2.3842 | 0.3151 | 0.3052 | 0.00019207 | 6.2775e-05 | 6.4886e-05 |     7.336e-13 | 2.5863e-13 | 2.6503e-13 | 1.3687e-07
102 | 1.1246e+72 | 2.6852 |  0.333 | 0.5019 | 0.00016875 | 5.2874e-05 | 4.8617e-05 |    7.2589e-13 | 2.4461e-13 | 2.4929e-13 | 1.3786e-07
103 | 1.4671e+72 | 1.6022 |  0.137 | 0.3499 | 0.00017692 | 6.8587e-05 | 5.8519e-05 |    4.5411e-13 | 1.8027e-13 | 1.7999e-13 | 8.7982e-08
104 | 2.5269e+72 | 4.0067 | 0.5767 | 0.7769 | 0.00011977 | 3.6031e-05 | 3.6668e-05 |    7.6876e-13 | 2.5638e-13 |  2.786e-13 | 1.5316e-07
105 | 6.7824e+72 | 1.8857 | 0.9681 | 0.1707 | 7.8036e-05 | 2.8718e-05 |  7.129e-05 |    2.3574e-13 | 1.4891e-13 | 2.1641e-13 | 4.9296e-08
