| Bin |  t_cool (Myr) |     t_cool_lo |     t_cool_hi |    c_s (cm/s) |     sigma c_s |  radius (kpc) |  sigma radius |    t_cs (Myr) | sigma t_cs |
|   0 | 5692.66316805 | 1341.13718716 | 1372.71210582 | 141431781.916 | 8773677.93023 | 17.5822740683 | 17.5822740683 | 12.1636037843 |        0.0 |
|   1 | 6648.69922847 | 1483.06283399 | 1603.82025904 | 132494642.899 | 7245504.79221 |  43.816143313 | 8.65159517646 | 31.5366655612 |        0.0 |
|   2 | 7192.92140767 | 1665.27545721 | 1804.17584127 | 132568344.137 | 7178257.74985 | 59.4448313737 | 6.97709288424 | 43.0716476378 |        0.0 |
|   3 | 7290.46853154 | 1650.33516373 |  1725.4402184 | 128423800.225 | 6669980.26197 | 72.2826822807 | 5.86075802276 | 52.8525977392 |        0.0 |
|   4 | 8260.06643934 | 1865.36228444 | 2023.57655982 | 133097280.685 | 7052857.75522 | 83.7251146109 | 5.58167430739 | 61.2642905267 |        0.0 |
|   5 | 8213.50220493 | 1820.12654585 | 1955.64617781 | 120210441.356 | 5473390.25348 | 94.6093795103 | 5.30259059202 | 70.1234219434 |        0.0 |
|   6 | 9118.61895713 | 2226.72382279 |  2244.0904598 |  124492347.16 | 6269559.22474 | 104.935476979 | 5.02350687665 | 78.2391558207 |        0.0 |
|   7 | 10226.8921633 | 2400.69795344 | 2423.81317579 | 126650948.586 | 6243127.82782 | 114.703407017 | 4.74442316128 | 85.7853560792 |        0.0 |
|   8 | 10338.0320014 | 2426.23593572 | 2489.28384787 | 122085271.765 | 6374690.14714 | 123.913169624 | 4.46533944591 |  93.166427273 |        0.0 |
|   9 | 10378.0887002 | 2454.19851309 | 2644.57203634 | 117691580.709 | 5833743.69648 | 132.564764801 | 4.18625573054 | 100.359012666 |        0.0 |
|  10 | 10276.6545021 | 2520.34841915 |  2573.9745903 | 112900455.229 | 4864476.23378 | 140.937276262 | 4.18625573054 | 107.614962816 |        0.0 |
|  11 | 11239.4245457 | 2359.20285427 |  2278.1651923 | 113038222.375 | 5130020.92409 | 149.030704007 | 3.90717201517 | 114.620499433 |        0.0 |
|  12 |  11648.072026 | 2817.88004369 | 2849.30890712 | 111718729.276 | 5143869.19417 | 156.845048038 | 3.90717201517 | 121.464354011 |        0.0 |
|  13 | 11276.7975387 | 2720.83390479 | 2633.99332802 | 107018568.979 | 5115570.59909 | 164.380308353 |  3.6280882998 | 128.353626355 |        0.0 |
|  14 |  12795.545903 | 2993.82317907 | 3232.93360037 | 117784220.282 | 5875679.65937 | 171.636484952 |  3.6280882998 | 134.381372659 |        0.0 |
|  15 | 12231.7829529 | 2998.69220667 | 3070.43893324 | 112099873.965 | 5284528.47928 | 178.613577837 | 3.34900458443 | 140.471180837 |        0.0 |
|  16 | 12799.7169499 | 3039.50988293 | 3196.07190545 | 117005393.675 | 5397966.22837 | 185.311587005 | 3.34900458443 | 146.072290662 |        0.0 |
|  17 | 13229.8949126 | 3264.75570301 | 3286.96545139 | 112178629.231 | 5357251.78449 | 192.009596174 | 3.34900458443 | 151.914402164 |        0.0 |
|  18 | 12264.4919813 |  2915.8971348 | 3154.63557288 |  105915495.42 | 4579650.63954 | 198.707605343 | 3.34900458443 | 158.101977055 |        0.0 |
|  19 | 13803.4897777 | 3319.62965075 | 3400.50768952 | 111395438.029 | 5248498.43143 | 205.405614512 | 3.34900458443 | 163.985162863 |        0.0 |
|  20 | 13267.2627838 |  3166.6564914 | 3395.53315234 | 106604665.891 | 4800408.36942 | 212.103623681 | 3.34900458443 | 170.132736749 |        0.0 |
|  21 |  14897.078311 | 3419.86262869 | 3156.04342852 | 111169098.439 | 5461570.52646 |  218.80163285 | 3.34900458443 | 176.027900686 |        0.0 |
|  22 |  13832.542379 |   3413.449569 | 3633.07303732 | 105192540.087 |   4888747.315 | 225.499642019 | 3.34900458443 | 182.258000839 |        0.0 |
|  23 |  15494.320639 | 3908.56434577 | 4011.65885919 | 110223964.104 | 5400785.36913 | 232.197651187 | 3.34900458443 | 188.203713874 |        0.0 |
|  24 | 16163.8323967 |  4200.6191149 | 4311.82671047 | 110869204.883 | 5606596.64171 | 238.895660356 | 3.34900458443 | 194.114823823 |        0.0 |
|  25 | 15148.2054145 | 3728.91581254 | 3983.43177173 | 104873937.153 | 4590710.99926 | 245.593669525 | 3.34900458443 | 200.363850778 |        0.0 |
|  26 | 16723.3076516 | 4141.69803961 |  4236.8486148 | 111140389.545 | 5561011.42942 | 252.291678694 | 3.34900458443 | 206.260537507 |        0.0 |
|  27 | 17069.3139671 |  4407.1793597 | 4719.93342149 |  105551725.56 | 4630248.36734 | 259.547855294 | 3.90717201517 |  212.98684534 |        0.0 |
|  28 | 17342.1652432 | 4419.08323613 | 4703.46891719 | 104666817.116 | 5066057.55254 | 267.362199324 | 3.90717201517 | 220.291803662 |        0.0 |
|  29 | 17278.7439771 | 4603.94971753 | 4600.97077024 | 102766599.522 | 4846069.43745 | 274.897459639 |  3.6280882998 | 227.466119744 |        0.0 |
|  30 | 16607.2042069 | 4162.03598758 | 4287.17378614 | 101473690.205 | 4544412.92008 | 281.874552523 | 3.34900458443 | 234.193644168 |        0.0 |
|  31 |   17542.78424 | 4466.13118599 | 3860.35125554 | 102889394.237 | 4644169.17944 | 288.572561692 | 3.34900458443 |   240.5632031 |        0.0 |
|  32 | 17750.6099815 | 4429.56231028 | 4596.01965798 | 106619105.547 | 5299807.05909 | 294.991487146 | 3.06992086906 | 246.453830185 |        0.0 |
|  33 | 18292.2209189 | 4796.66643103 | 4283.89846598 | 102274897.274 | 4976525.00685 | 301.410412599 | 3.34900458443 | 252.594666379 |        0.0 |
|  34 | 17632.2890159 | 4575.49760161 | 4267.42082544 | 102109637.317 | 4804639.96762 | 307.829338053 | 3.06992086906 | 258.745441246 |        0.0 |
|  35 | 17036.4329607 | 4432.44780679 | 4551.10537592 | 100733093.269 | 4421668.57159 | 313.969179791 | 3.06992086906 | 264.709188633 |        0.0 |
|  36 |  19549.712882 | 4783.03715919 | 4678.59255082 |  107910322.21 | 6066805.57514 | 320.109021529 | 3.06992086906 | 270.276280913 |        0.0 |
|  37 | 19334.9603301 | 5044.38801105 | 5253.98748264 |  108132533.21 | 5541015.75388 | 326.248863267 | 3.06992086906 | 275.831932889 |        0.0 |
|  38 | 18482.5903375 | 4785.78133383 | 5097.02268108 |  104883469.29 |  5090012.3011 | 332.388705005 | 3.06992086906 | 281.559686994 |        0.0 |
|  39 | 17025.0256236 | 4772.18681144 | 4869.80745031 | 97912020.4562 | 4367341.15983 | 338.528546743 | 3.06992086906 |   287.6952638 |        0.0 |
|  40 | 17266.6197248 | 4581.37650729 | 4230.77068928 | 94153271.7018 | 4203444.22264 | 344.668388481 | 3.06992086906 | 294.075782616 |        0.0 |
|  41 | 19319.7400532 | 4879.55504996 |   4375.244192 | 101517497.287 | 4779959.03924 |  350.80823022 | 3.06992086906 | 299.993449401 |        0.0 |
|  42 | 19762.1822843 | 5209.20866605 | 5367.65893789 | 102575946.848 |  4920441.2749 | 356.948071958 | 3.06992086906 | 305.850053607 |        0.0 |
|  43 | 20497.4846083 |  5362.1547993 | 5346.64102981 | 103660305.149 | 5145098.43968 | 363.087913696 | 3.06992086906 | 311.645393693 |        0.0 |
|  44 | 20230.8127068 | 5265.53164584 | 4865.67973527 | 101645786.953 |  5014936.5544 | 369.227755434 | 3.06992086906 | 317.555591643 |        0.0 |
|  45 | 20873.0957579 | 5416.72161807 |  4828.6530458 | 104025754.523 | 5048318.68574 | 375.367597172 | 3.06992086906 | 323.330572315 |        0.0 |
|  46 | 18803.2325678 | 5164.58353481 | 5287.18578474 | 96947598.0011 | 4548436.82961 |  381.50743891 | 3.06992086906 | 329.527185064 |        0.0 |
|  47 | 21618.5294057 | 5921.64817388 | 6448.24727182 | 105584818.205 | 5458573.69048 | 387.647280648 | 3.06992086906 | 335.216892467 |        0.0 |
|  48 | 20749.1137374 | 5636.74695061 | 5787.80621915 | 100567944.489 | 4702011.16648 | 393.787122386 | 3.06992086906 | 341.190433288 |        0.0 |
|  49 | 20761.2322986 | 5623.58309912 | 6009.96867562 | 104102097.097 | 5045233.69833 | 399.926964125 | 3.06992086906 | 346.961178917 |        0.0 |
|  50 | 21820.8295978 | 5759.94269613 | 6185.41015188 | 104435606.705 | 5301968.62678 | 406.066805863 | 3.06992086906 | 352.713495973 |        0.0 |
|  51 | 22615.7608067 | 5868.34493075 | 6109.41813833 | 102221383.914 | 4843537.25222 | 412.485731316 | 3.34900458443 | 358.857546923 |        0.0 |
|  52 | 24123.9731406 | 6199.47631063 | 6271.43382214 | 105115292.711 | 5232727.90457 | 419.183740485 | 3.34900458443 | 365.092225467 |        0.0 |
|  53 | 24147.3019102 | 6607.17498816 |  7121.6614121 | 107059845.779 |  6077062.1314 | 425.602665939 | 3.06992086906 | 370.958602224 |        0.0 |
|  54 | 26942.4801023 | 7141.45676107 | 7547.46188719 | 114879556.462 | 6899680.74684 | 431.742507677 | 3.06992086906 | 376.187963655 |        0.0 |
|  55 | 26405.7957935 | 7021.36860869 | 6562.93042663 | 110488171.777 | 6561836.05456 | 437.882349415 | 3.06992086906 | 381.625167584 |        0.0 |
|  56 | 24439.6641979 | 6378.03507076 | 6636.73232752 | 103036732.886 | 4949115.43454 | 444.301274868 | 3.34900458443 | 387.720599508 |        0.0 |
|  57 | 28010.9608008 | 7666.35086984 | 8006.31269639 |  114650975.13 | 6464720.75286 | 450.999284037 | 3.34900458443 | 393.436731092 |        0.0 |
|  58 | 24661.4084246 | 6621.88401287 | 7101.35918279 | 105180325.157 | 5635247.25496 | 457.418209491 | 3.06992086906 | 399.407937113 |        0.0 |
|  59 | 26832.1889251 | 7211.78405834 | 7370.79125266 | 110230918.769 |   6065413.986 | 463.837134944 | 3.34900458443 | 405.105552609 |        0.0 |
|  60 | 26224.0071282 | 7164.69308449 | 7349.36959027 | 109518605.346 | 6139590.51827 | 470.256060398 | 3.06992086906 | 410.840225626 |        0.0 |
|  61 | 24336.5761254 | 6659.21983205 |  6031.9196776 | 100313391.215 | 5078977.05356 | 476.395902136 | 3.06992086906 | 416.828924787 |        0.0 |
|  62 | 26724.9958461 | 7474.43104849 | 7862.49292866 |  108413757.72 | 5941704.91295 | 482.535743874 | 3.06992086906 | 422.370165441 |        0.0 |
|  63 |  26650.122386 |  7254.0262162 | 7782.43810165 | 103371520.784 | 5677725.75875 | 488.954669327 | 3.34900458443 | 428.445856174 |        0.0 |
|  64 | 30496.4000394 | 7907.42629999 |  7260.4998102 | 108223558.016 | 5947977.46234 | 495.931762212 |  3.6280882998 | 434.753787107 |        0.0 |
|  65 | 33010.8958031 | 8800.39207694 | 9103.27353662 |  112765144.54 | 7112518.10433 | 503.187938811 |  3.6280882998 | 441.049823008 |        0.0 |
|  66 | 29089.5071526 | 7957.78109964 | 8394.66130098 | 107858498.744 | 6137857.67387 | 510.165031696 | 3.34900458443 | 447.379103845 |        0.0 |
|  67 | 30316.5180504 | 8207.14959223 | 8086.40653396 |  104727230.39 |  6229040.6781 |  517.14212458 |  3.6280882998 | 453.897625597 |        0.0 |
|  68 | 34296.8574987 |  9306.8200596 | 9708.58800279 | 115327198.084 |   6717497.382 | 524.398301179 |  3.6280882998 | 460.053791794 |        0.0 |
|  69 | 32869.9352741 | 9076.56988773 | 8853.71758679 | 107978735.763 | 6561491.25597 | 531.654477779 |  3.6280882998 |  466.62891414 |        0.0 |
|  70 | 29751.0869854 | 8128.08494638 | 8713.90550894 |  104277742.41 | 5638275.58561 | 538.910654379 |  3.6280882998 | 473.437398693 |        0.0 |
|  71 | 32894.8992688 | 8801.56931545 |  8949.4589501 | 109587868.401 | 6459849.59097 | 546.166830978 |  3.6280882998 |  479.91597528 |        0.0 |
|  72 | 33243.3105517 | 9238.00394143 | 8871.80219215 | 106912033.324 | 7134081.33664 | 553.423007578 |  3.6280882998 | 486.556700148 |        0.0 |
|  73 | 32452.6755168 | 8940.83536882 | 9509.68273731 |  104990443.88 | 5514038.45354 | 560.958267893 | 3.90717201517 | 493.579054187 |        0.0 |
|  74 | 34164.9385786 | 10066.1581154 | 10641.9732034 | 108196710.838 | 6497625.43502 | 568.772611923 | 3.90717201517 | 500.645689862 |        0.0 |
|  75 | 34356.5908006 | 9679.04110769 | 10237.4933357 | 107877745.132 | 6311860.96155 | 576.586955953 | 3.90717201517 | 507.733219694 |        0.0 |
|  76 | 38763.5477335 | 10889.6938552 |  10998.431788 | 111915526.743 | 6887136.40443 | 584.401299984 | 3.90717201517 | 514.565039719 |        0.0 |
|  77 | 34871.5033617 | 9629.97275135 | 10434.5188091 | 106635754.758 |  6253580.8395 | 592.215644014 | 3.90717201517 | 521.735118259 |        0.0 |
|  78 | 37044.7903683 | 10676.5925779 | 11232.5574324 | 108841801.244 | 6358421.41519 | 600.029988045 | 3.90717201517 | 528.759870955 |        0.0 |
|  79 | 35642.0937835 | 10376.1324635 | 10966.8349306 | 102919594.003 | 5655678.17344 |  608.12341579 | 4.18625573054 | 536.454162928 |        0.0 |
|  80 | 40551.3838663 | 11256.6508134 | 11857.9391821 | 106797361.988 | 6268867.84493 | 616.775010967 | 4.46533944591 | 544.380451822 |        0.0 |
|  81 | 37319.0908444 |  10326.133182 | 8975.23460033 | 98245200.9134 | 5350599.07612 | 625.705689859 | 4.46533944591 | 553.274661466 |        0.0 |
|  82 | 38150.1038941 | 10892.1689889 | 11220.2907572 | 100468176.925 | 5362471.63627 |  634.63636875 | 4.46533944591 | 561.972076311 |        0.0 |
|  83 | 39844.4340959 | 11410.1033681 | 11689.5367438 | 99587766.0037 | 5350970.53346 | 643.846131358 | 4.74442316128 | 571.020578138 |        0.0 |
|  84 | 45053.7162249 | 12504.6788536 | 12532.2946543 | 106557513.986 | 7267925.59607 |  653.33497768 | 4.74442316128 | 579.733494919 |        0.0 |
|  85 | 47623.3292077 | 14132.7342666 | 14909.0074331 | 108984687.382 | 6908492.91958 | 663.102907718 | 5.02350687665 | 588.502923395 |        0.0 |
|  86 |  46862.200713 | 13179.7609913 | 13490.8684842 | 102369906.685 | 6672241.45921 | 673.429005187 | 5.30259059202 | 598.372491436 |        0.0 |
|  87 | 48359.8077895 | 14039.2042204 | 15289.0555832 | 105739029.682 | 6701691.28696 | 684.313270086 | 5.58167430739 | 608.444080903 |        0.0 |
|  88 | 54030.3513997 | 15824.5593809 | 16338.6544343 | 109423628.486 | 7124101.55961 | 695.755702416 | 5.86075802276 | 618.675631908 |        0.0 |
|  89 | 51322.7654477 | 14695.3323791 |  15729.050535 | 104360043.512 | 6730942.67418 | 707.477218462 | 5.86075802276 | 629.665279541 |        0.0 |
|  90 | 47687.9397192 | 14374.6453737 | 14603.1903131 | 97673214.4958 | 5610964.79135 | 719.477818223 | 6.13984173813 | 641.686863763 |        0.0 |
|  91 |  59043.026663 | 18348.8062295 | 20805.1659207 | 105659090.803 | 7870319.89362 |  732.87383656 | 7.25617659961 | 654.092044521 |        0.0 |
|  92 | 59115.9126028 | 17370.4453749 |  17755.088304 | 102212088.871 | 6288338.19837 |  747.38618976 | 7.25617659961 | 667.984205542 |        0.0 |
|  93 | 56857.5881799 |  16949.127558 | 17955.0853802 | 102657214.645 | 6013016.65581 | 761.898542959 | 7.25617659961 | 681.816129599 |        0.0 |
|  94 | 49400.8797853 | 15724.3257381 | 16585.6069358 | 91031655.0201 | 5007622.72932 | 776.689979873 | 7.53526031498 | 697.714483481 |        0.0 |
|  95 | 58802.0467951 | 18995.1436037 | 19944.5565572 | 92571626.2591 | 6459206.04998 | 792.597751649 | 8.37251146109 | 714.528276277 |        0.0 |
|  96 |  64588.695194 | 21062.4892506 | 22921.8493964 | 91354507.0564 | 6186065.19155 | 811.017276864 | 10.0470137533 | 734.256259311 |        0.0 |
|  97 | 58046.2999242 | 19749.5175812 | 20838.8383679 | 83908050.6762 | 5606395.53911 | 830.832220655 | 9.76793003793 | 757.362188902 |        0.0 |
|  98 | 58546.8828592 | 19711.0837674 | 20397.2077381 | 79028431.2804 | 4806426.71846 | 851.205331877 |  10.605181184 | 782.585856096 |        0.0 |
|  99 | 63708.8157522 | 22416.6457735 | 23846.8575208 | 80096732.2306 |  5383003.3574 | 873.532029107 | 11.7215160455 | 809.859547204 |        0.0 |
| 100 | 70612.6448403 | 27159.5137408 | 29273.3957548 | 82083647.8112 | 6498334.85588 | 897.533228628 | 12.2796834763 | 838.469064584 |        0.0 |
| 101 |  71909.222137 | 25351.1540494 | 25978.2420744 | 78161554.5838 | 5116249.79332 | 924.046181589 | 14.2332694838 | 871.658445028 |        0.0 |
| 102 | 92814.7029028 | 31276.3949933 | 31874.6120415 | 84269437.9349 | 6387154.51304 |  955.30355771 | 17.0241066375 | 907.950925694 |        0.0 |
| 103 | 61554.0368915 | 24436.3638162 | 24397.3578836 | 66209081.1583 | 4740949.15939 | 992.142608139 | 19.8149437912 | 962.391800986 |        0.0 |
| 104 | 154507.475615 | 51527.4038399 | 55992.1179864 | 102556621.106 | 8508826.78539 | 1040.98225833 | 29.0247063984 | 1008.98720412 |        0.0 |
| 105 |  123515.58168 | 78020.4661915 |  113390.60437 | 60732334.5075 | 12088450.1726 | 1124.42828922 | 54.4213244971 | 1143.42455365 |        0.0 |
